Es,Sx,Sxx,Sy,Syy,PQ-15,PQ-14,PQ-13,PQ-12,PQ-11,PQ-10,PQ-9,PQ-8,PQ-7,PQ-6,PQ-5,PQ-4,PQ-3,PQ-2,PQ-1,PQ0
(0.0037979847516105467+0j),[-5.27020295e-16],[1.],[-0.12301867],[1.],"(array([0.00694375]), array([0.01202692]))","(array([0.]), array([0.]))","(array([0.]), array([0.]))","(array([0.]), array([0.]))","(array([0.]), array([0.]))","(array([0.]), array([0.]))","(array([0.]), array([0.]))","(array([0.]), array([0.]))","(array([0.]), array([0.]))","(array([0.]), array([0.]))","(array([0.]), array([0.]))","(array([0.]), array([0.]))","(array([0.]), array([0.]))","(array([0.]), array([0.]))","(array([0.]), array([0.]))","(array([0.0138875]), array([-1.90819582e-17]))"
(0.01579246440861843+0j),[8.83584944e-16],[1.],[-0.24927662],[1.],"(array([0.02101705]), array([0.0364026]))","(array([0.]), array([0.]))","(array([0.]), array([0.]))","(array([0.]), array([0.]))","(array([0.]), array([0.]))","(array([0.]), array([0.]))","(array([0.]), array([0.]))","(array([0.]), array([0.]))","(array([0.]), array([0.]))","(array([3.28446278e-30]), array([-4.17988791e-31]))","(array([2.46258248e-31]), array([2.4063174e-31]))","(array([-1.77339974e-30]), array([1.38242884e-30]))","(array([3.99306617e-36]), array([7.23049132e-36]))","(array([1.78962186e-30]), array([2.22998252e-30]))","(array([0.0138875]), array([1.92554306e-16]))","(array([0.0420341]), array([-4.90926744e-16]))"
(0.01749458124006262+0j),[1.28800354e-14],[1.],[-0.26194779],[1.],"(array([0.02881931]), array([0.0499165]))","(array([1.55134574e-21]), array([-1.1427743e-21]))","(array([-5.78360105e-22]), array([1.95238586e-22]))","(array([7.78114792e-22]), array([-5.78061109e-22]))","(array([-1.06446882e-21]), array([1.15933001e-22]))","(array([1.09172058e-22]), array([-5.04637157e-23]))","(array([-8.75752017e-22]), array([4.10385889e-22]))","(array([-2.62073757e-21]), array([1.17913761e-21]))","(array([-2.02848945e-23]), array([-2.56894738e-23]))","(array([-9.07700375e-22]), array([3.28051689e-22]))","(array([6.47371605e-22]), array([-3.11210056e-22]))","(array([-8.30323578e-22]), array([4.77311754e-22]))","(array([1.95750793e-23]), array([-1.07576645e-23]))","(array([0.0138875]), array([4.98732999e-17]))","(array([0.0420341]), array([-3.74700271e-16]))","(array([0.05763861]), array([3.09995085e-15]))"
(0.0374209935820463+0j),[3.09435465e-14],[1.],[-0.3790464],[1.],"(array([0.03618338]), array([0.06267145]))","(array([1.41891322e-21]), array([-1.59391447e-21]))","(array([1.09635647e-20]), array([-5.45379443e-21]))","(array([5.06854113e-22]), array([8.84630168e-22]))","(array([-8.02976985e-21]), array([2.51183701e-21]))","(array([-7.70824899e-22]), array([4.63662306e-22]))","(array([-1.65390435e-21]), array([1.25634936e-21]))","(array([3.40224419e-21]), array([-2.26191953e-21]))","(array([6.88048914e-21]), array([-4.38389603e-21]))","(array([3.39131493e-22]), array([5.16573349e-22]))","(array([6.97983292e-21]), array([-4.23095136e-21]))","(array([-7.36410293e-23]), array([4.12737723e-23]))","(array([0.0138875]), array([3.85975973e-17]))","(array([0.0420341]), array([-3.83373888e-16]))","(array([0.05763861]), array([3.21270788e-15]))","(array([0.07236676]), array([7.20257187e-15]))"
(0.040180931147215666+0j),[2.37453147e-14],[1.],[-0.3915554],[1.],"(array([0.0434411]), array([0.07524219]))","(array([2.8832624e-20]), array([-2.29549251e-20]))","(array([7.09021421e-22]), array([6.03809749e-22]))","(array([-1.09781867e-20]), array([3.78807012e-21]))","(array([1.69467877e-21]), array([-8.63994593e-22]))","(array([-9.13851815e-23]), array([7.59157918e-21]))","(array([-1.5331325e-22]), array([-2.14550428e-22]))","(array([5.70411087e-21]), array([-3.65104896e-21]))","(array([2.88060124e-21]), array([1.24196775e-20]))","(array([6.87456643e-21]), array([-4.32942945e-21]))","(array([1.10004858e-23]), array([3.43716392e-23]))","(array([0.0138875]), array([3.72965547e-17]))","(array([0.0420341]), array([-5.22151766e-16]))","(array([0.05763861]), array([3.19709537e-15]))","(array([0.07236676]), array([7.59461938e-15]))","(array([0.08688219]), array([6.38031294e-15]))"
(0.0653017860116227+0j),[3.54871719e-14],[1.],[-0.49216495],[1.],"(array([0.04987525]), array([0.08638647]))","(array([8.45065809e-22]), array([6.19148409e-22]))","(array([-8.56626402e-20]), array([-1.19560383e-19]))","(array([1.6529492e-20]), array([2.39977982e-20]))","(array([-1.26934191e-20]), array([1.45814883e-20]))","(array([-7.87552827e-21]), array([7.37979032e-21]))","(array([4.5114946e-21]), array([-2.83512551e-21]))","(array([-3.47315087e-21]), array([1.363817e-20]))","(array([4.11563832e-21]), array([-3.23158337e-21]))","(array([-2.89352068e-21]), array([2.64323757e-21]))","(array([0.0138875]), array([3.20923843e-17]))","(array([0.0420341]), array([-7.45931095e-16]))","(array([0.05763861]), array([3.74873743e-15]))","(array([0.07236676]), array([8.01095301e-15]))","(array([0.08688219]), array([5.42968448e-15]))","(array([0.09975051]), array([7.76115283e-15]))"
(0.064955043170783+0j),[3.75274264e-14],[1.],[-0.48945404],[1.],"(array([0.05533436]), array([0.09584192]))","(array([-7.67051868e-20]), array([-9.87150932e-20]))","(array([6.54526889e-20]), array([-1.84843573e-20]))","(array([5.02877577e-20]), array([1.45698706e-19]))","(array([3.74396874e-20]), array([7.55781873e-20]))","(array([4.24723415e-20]), array([-8.44629693e-20]))","(array([-8.94861234e-20]), array([-4.1527369e-20]))","(array([-6.55482397e-22]), array([-1.31801963e-21]))","(array([-8.05631822e-21]), array([5.01142215e-21]))","(array([0.0138875]), array([4.05491613e-16]))","(array([0.0420341]), array([1.33573708e-16]))","(array([0.05763861]), array([3.5544484e-15]))","(array([0.07236676]), array([7.77850007e-15]))","(array([0.08688219]), array([5.73152636e-15]))","(array([0.09975051]), array([7.40726924e-15]))","(array([0.11066871]), array([8.30932545e-15]))"
(0.06952895178876914+0j),[2.65197405e-14],[1.],[-0.50396079],[1.],"(array([0.05600208]), array([0.09699845]))","(array([1.22429012e-19]), array([1.66718182e-20]))","(array([-2.72924806e-20]), array([5.30287326e-20]))","(array([-1.33720031e-19]), array([-9.99314072e-20]))","(array([1.12722823e-19]), array([-1.39355414e-19]))","(array([-1.0757322e-19]), array([5.39435176e-20]))","(array([5.71450316e-21]), array([-6.05641582e-21]))","(array([6.22971618e-20]), array([2.63725779e-19]))","(array([0.0138875]), array([6.0368377e-16]))","(array([0.0420341]), array([6.9388939e-16]))","(array([0.05763861]), array([4.07660017e-15]))","(array([0.07236676]), array([8.73259798e-15]))","(array([0.08688219]), array([5.86336535e-15]))","(array([0.09975051]), array([7.14706072e-15]))","(array([0.11066871]), array([6.09928774e-15]))","(array([0.11200416]), array([6.20337115e-15]))"
(0.18393041696086157+0j),[3.14965822e-14],[1.],[-0.76820206],[1.],"(array([0.0725155]), array([0.12560053]))","(array([-2.32795863e-19]), array([9.26260771e-20]))","(array([-5.5488312e-19]), array([-2.40918779e-20]))","(array([3.37573236e-19]), array([-1.67844236e-19]))","(array([-1.19465158e-19]), array([1.39357131e-20]))","(array([2.36087406e-20]), array([-8.79013887e-20]))","(array([6.19079584e-20]), array([2.52521574e-19]))","(array([0.0138875]), array([4.23272528e-16]))","(array([0.0420341]), array([-1.21430643e-17]))","(array([0.05763861]), array([3.71057352e-15]))","(array([0.07236676]), array([9.00668429e-15]))","(array([0.08688219]), array([6.44623244e-15]))","(array([0.09975051]), array([7.28236915e-15]))","(array([0.11066871]), array([5.43315393e-15]))","(array([0.11200416]), array([7.1158357e-15]))","(array([0.145031]), array([6.7168493e-15]))"
(0.2949840780088338+0j),[3.63170585e-14],[1.],[-0.89469491],[1.],"(array([0.09434174]), array([0.16340469]))","(array([-3.56523692e-19]), array([2.13192885e-19]))","(array([1.34986692e-18]), array([-3.15051225e-19]))","(array([-1.67526145e-19]), array([2.32366221e-20]))","(array([1.38973204e-19]), array([-1.97079302e-19]))","(array([1.99799755e-19]), array([1.52177813e-19]))","(array([0.0138875]), array([4.97865638e-16]))","(array([0.0420341]), array([6.36643516e-16]))","(array([0.05763861]), array([4.54844495e-15]))","(array([0.07236676]), array([1.0200174e-14]))","(array([0.08688219]), array([6.87991331e-15]))","(array([0.09975051]), array([7.66747776e-15]))","(array([0.11066871]), array([4.99253416e-15]))","(array([0.11200416]), array([6.89726054e-15]))","(array([0.145031]), array([7.12624404e-15]))","(array([0.18868348]), array([8.06299472e-15]))"
(0.36046873939015783+0j),[3.35328869e-14],[1.],[-0.92307816],[1.],"(array([0.10267146]), array([0.17783218]))","(array([4.2768128e-18]), array([-1.72838337e-18]))","(array([-1.1192698e-18]), array([-1.57057961e-18]))","(array([6.45046169e-19]), array([-2.40398537e-18]))","(array([-9.48522554e-19]), array([-1.36114138e-18]))","(array([0.0138875]), array([2.84060969e-16]))","(array([0.0420341]), array([-2.28983499e-16]))","(array([0.05763861]), array([3.83720833e-15]))","(array([0.07236676]), array([9.95384331e-15]))","(array([0.08688219]), array([7.9727891e-15]))","(array([0.09975051]), array([9.44730405e-15]))","(array([0.11066871]), array([6.27276009e-15]))","(array([0.11200416]), array([9.82547377e-15]))","(array([0.145031]), array([7.38298311e-15]))","(array([0.18868348]), array([7.36216643e-15]))","(array([0.20534291]), array([7.52176099e-15]))"
(0.49094186670271395+0j),[3.8038272e-14],[1.],[-0.93047803],[1.],"(array([0.105251]), array([0.18230008]))","(array([-2.09180775e-18]), array([-7.01208964e-19]))","(array([2.18091317e-18]), array([-2.83908599e-18]))","(array([-5.55055954e-19]), array([-2.48892686e-18]))","(array([0.0138875]), array([1.10154941e-16]))","(array([0.0420341]), array([-8.70831185e-16]))","(array([0.05763861]), array([3.41046635e-15]))","(array([0.07236676]), array([1.0758755e-14]))","(array([0.08688219]), array([9.68322644e-15]))","(array([0.09975051]), array([1.00197628e-14]))","(array([0.11066871]), array([6.97358837e-15]))","(array([0.11200416]), array([1.06720188e-14]))","(array([0.145031]), array([7.72992781e-15]))","(array([0.18868348]), array([7.68135555e-15]))","(array([0.20534292]), array([7.52869989e-15]))","(array([0.210502]), array([9.37444566e-15]))"
(0.47514409605918845+0j),[3.63829907e-14],[1.],[-0.88676781],[1.],"(array([0.10238748]), array([0.17734031]))","(array([4.82962662e-18]), array([-7.6407279e-18]))","(array([3.96450545e-18]), array([1.25617175e-17]))","(array([0.0138875]), array([1.0972126e-16]))","(array([0.0420341]), array([-9.85322934e-16]))","(array([0.05763861]), array([3.27862737e-15]))","(array([0.07236676]), array([1.03042574e-14]))","(array([0.08688219]), array([8.87831475e-15]))","(array([0.09975051]), array([9.63118474e-15]))","(array([0.11066871]), array([6.69256317e-15]))","(array([0.11200416]), array([1.05193632e-14]))","(array([0.145031]), array([8.09768919e-15]))","(array([0.18868349]), array([8.59035065e-15]))","(array([0.20534292]), array([7.23726634e-15]))","(array([0.210502]), array([9.40914013e-15]))","(array([0.20477495]), array([7.68829445e-15]))"
(0.4947296317621706+0j),[4.19532931e-14],[1.],[-0.84733596],[1.],"(array([0.09774158]), array([0.16929339]))","(array([-8.40468304e-18]), array([5.62969483e-18]))","(array([0.0138875]), array([1.23599048e-16]))","(array([0.04203411]), array([-9.66240976e-16]))","(array([0.05763862]), array([3.2734232e-15]))","(array([0.07236677]), array([1.00544573e-14]))","(array([0.0868822]), array([8.21565038e-15]))","(array([0.09975052]), array([9.10035935e-15]))","(array([0.11066872]), array([6.84521884e-15]))","(array([0.11200417]), array([1.09946774e-14]))","(array([0.14503101]), array([1.078998e-14]))","(array([0.1886835]), array([1.08524301e-14]))","(array([0.20534294]), array([1.09010023e-14]))","(array([0.21050202]), array([8.73606743e-15]))","(array([0.20477497]), array([8.9928065e-15]))","(array([0.19548317]), array([9.2148511e-15]))"
(0.5065075104085215+0j),[3.57321628e-14],[1.],[-0.80502976],[1.],"(array([0.09311005]), array([0.16127135]))","(array([0.0138875]), array([1.21864324e-16]))","(array([0.04203412]), array([-9.10729825e-16]))","(array([0.05763864]), array([3.53710117e-15]))","(array([0.07236679]), array([1.04603826e-14]))","(array([0.08688223]), array([8.33361158e-15]))","(array([0.09975055]), array([9.12464548e-15]))","(array([0.11066875]), array([6.65439925e-15]))","(array([0.1120042]), array([1.09877385e-14]))","(array([0.14503104]), array([9.36750677e-15]))","(array([0.18868353]), array([8.56259508e-15]))","(array([0.20534296]), array([9.40914013e-15]))","(array([0.21050204]), array([9.42995682e-15]))","(array([0.204775]), array([9.29117894e-15]))","(array([0.19548319]), array([8.00054467e-15]))","(array([0.18622011]), array([6.75154377e-15]))"
(0.5216699580548159+0j),[-5.35562212e-05],[1.],[-0.76020734],[1.],"(array([0.10209538]), array([0.15276697]))","(array([0.04203413]), array([-8.74300632e-16]))","(array([0.05763866]), array([3.64638875e-15]))","(array([0.07236682]), array([1.04395659e-14]))","(array([0.08688228]), array([8.36136715e-15]))","(array([0.0997506]), array([9.0517871e-15]))","(array([0.1106688]), array([6.01255157e-15]))","(array([0.11200425]), array([1.04603826e-14]))","(array([0.1450311]), array([8.0768725e-15]))","(array([0.1886836]), array([9.5617958e-15]))","(array([0.20534302]), array([9.96425165e-15]))","(array([0.2105021]), array([8.72218964e-15]))","(array([0.20477504]), array([8.18095591e-15]))","(array([0.19548323]), array([7.02216063e-15]))","(array([0.18622015]), array([6.0368377e-15]))","(array([0.17640407]), array([-6.7954709e-06]))"
(0.5678674972833215+0j),[-0.00067386],[1.],[-0.69747737],[1.],"(array([0.12436931]), array([0.1424618]))","(array([0.05763868]), array([3.28305438e-11]))","(array([0.07236684]), array([3.81427043e-11]))","(array([0.0868823]), array([3.45978836e-11]))","(array([0.09975064]), array([2.81653936e-11]))","(array([0.11066884]), array([3.47905905e-11]))","(array([0.11200429]), array([2.90265659e-11]))","(array([0.14503117]), array([5.81602128e-12]))","(array([0.18868369]), array([2.66840022e-12]))","(array([0.20534313]), array([-2.35120534e-11]))","(array([0.21050223]), array([-1.74470438e-11]))","(array([0.2047752]), array([-4.82713314e-11]))","(array([0.19548339]), array([-5.78545128e-11]))","(array([0.1862203]), array([-6.08512754e-11]))","(array([0.1764042]), array([-6.79563728e-06]))","(array([0.1645438]), array([-7.36304273e-05]))"
(0.6239924287909059+0j),[-0.00275299],[1.],[-0.59372582],[1.],"(array([0.1309243]), array([0.12619453]))","(array([0.0723669]), array([1.64716196e-10]))","(array([0.08688238]), array([1.521679e-10]))","(array([0.09975074]), array([7.71775213e-11]))","(array([0.11066897]), array([5.43316746e-11]))","(array([0.11200442]), array([-1.03341984e-10]))","(array([0.14503134]), array([8.427204e-10]))","(array([0.18868393]), array([4.99488506e-10]))","(array([0.20534342]), array([7.81166708e-10]))","(array([0.21050254]), array([3.58740336e-10]))","(array([0.20477551]), array([-1.87090815e-10]))","(array([0.19548369]), array([-3.03724303e-10]))","(array([0.1862206]), array([-3.94923969e-10]))","(array([0.17640449]), array([-6.79624911e-06]))","(array([0.16454406]), array([-7.36318788e-05]))","(array([0.14593214]), array([-0.00037006]))"
(0.6680968339407632+0j),[-0.00696545],[1.],[-0.44039542],[1.],"(array([0.13169046]), array([0.10058901]))","(array([0.08688263]), array([1.17916514e-09]))","(array([0.09975105]), array([7.80205098e-10]))","(array([0.11066933]), array([9.84110505e-10]))","(array([0.11200477]), array([4.92938575e-10]))","(array([0.14503176]), array([1.76617036e-09]))","(array([0.1886845]), array([5.22826649e-09]))","(array([0.20534406]), array([6.2598508e-09]))","(array([0.21050326]), array([3.65631749e-09]))","(array([0.20477627]), array([4.28824263e-09]))","(array([0.19548445]), array([4.09038661e-09]))","(array([0.18622135]), array([3.35817719e-09]))","(array([0.17640525]), array([-6.79259827e-06]))","(array([0.16454481]), array([-7.36295454e-05]))","(array([0.14593286]), array([-0.00037007]))","(array([0.11677806]), array([-0.00108182]))"
(0.6764796972229116+0j),[-0.01315323],[1.],[-0.26833164],[1.],"(array([0.12859478]), array([0.06769407]))","(array([0.09975148]), array([6.83252522e-09]))","(array([0.11066986]), array([6.12299251e-09]))","(array([0.11200532]), array([2.07446858e-09]))","(array([0.14503247]), array([2.47506592e-09]))","(array([0.18868546]), array([1.42670331e-08]))","(array([0.20534514]), array([7.64013717e-09]))","(array([0.21050439]), array([9.68223354e-09]))","(array([0.20477736]), array([7.61013357e-09]))","(array([0.19548545]), array([2.91083344e-09]))","(array([0.18622226]), array([6.89383932e-10]))","(array([0.17640608]), array([-6.79369658e-06]))","(array([0.16454556]), array([-7.36285211e-05]))","(array([0.14593348]), array([-0.00037007]))","(array([0.11677861]), array([-0.00108183]))","(array([0.07948632]), array([-0.00227685]))"
(0.6086116803253004+0j),[-0.01901789],[1.],[-0.25867166],[1.],"(array([0.13268696]), array([0.04964388]))","(array([0.11067038]), array([1.55555218e-08]))","(array([0.11200589]), array([8.52662109e-09]))","(array([0.14503329]), array([7.73997255e-11]))","(array([0.1886867]), array([1.91859219e-08]))","(array([0.20534668]), array([2.66947119e-08]))","(array([0.21050591]), array([2.25995233e-08]))","(array([0.20477874]), array([1.1393529e-08]))","(array([0.19548669]), array([-3.46273212e-09]))","(array([0.18622338]), array([-1.18315062e-08]))","(array([0.17640703]), array([-6.80966061e-06]))","(array([0.1645463]), array([-7.36573536e-05]))","(array([0.14593394]), array([-0.00037012]))","(array([0.11677898]), array([-0.00108189]))","(array([0.07948647]), array([-0.00227691]))","(array([0.05946088]), array([-0.00370149]))"
(0.5471412480885568+0j),[-0.02271852],[1.],[-0.24806102],[1.],"(array([0.14339569]), array([0.04712083]))","(array([0.11200628]), array([2.58434663e-08]))","(array([0.14503386]), array([1.27317882e-08]))","(array([0.18868762]), array([4.14555106e-08]))","(array([0.2053478]), array([8.95859882e-08]))","(array([0.2105071]), array([5.59122952e-08]))","(array([0.20477994]), array([2.99746835e-08]))","(array([0.19548782]), array([-6.22863354e-09]))","(array([0.18622442]), array([-2.65832737e-08]))","(array([0.17640795]), array([-6.84310997e-06]))","(array([0.16454706]), array([-7.36868308e-05]))","(array([0.14593453]), array([-0.00037016]))","(array([0.11677955]), array([-0.00108193]))","(array([0.07948716]), array([-0.00227694]))","(array([0.05946147]), array([-0.00370151]))","(array([0.05717028]), array([-0.00478016]))"
(0.4950489336374338+0j),[-0.02392212],[1.],[-0.23556825],[1.],"(array([0.14385246]), array([0.04451246]))","(array([0.14503421]), array([2.58790969e-08]))","(array([0.18868812]), array([6.47447197e-08]))","(array([0.20534839]), array([1.49334472e-07]))","(array([0.21050771]), array([9.34264085e-08]))","(array([0.20478056]), array([4.92274431e-08]))","(array([0.19548841]), array([6.13726972e-10]))","(array([0.18622497]), array([-3.17172366e-08]))","(array([0.17640845]), array([-6.8571003e-06]))","(array([0.1645475]), array([-7.37092752e-05]))","(array([0.14593493]), array([-0.00037018]))","(array([0.11678]), array([-0.00108195]))","(array([0.07948778]), array([-0.00227695]))","(array([0.05946217]), array([-0.00370151]))","(array([0.05717094]), array([-0.00478017]))","(array([0.0544726]), array([-0.0053235]))"
(0.4486968894960275+0j),[-0.02371349],[1.],[-0.22706527],[1.],"(array([0.17577916]), array([0.04236964]))","(array([0.18868865]), array([2.15345229e-07]))","(array([0.20534896]), array([2.99255187e-07]))","(array([0.21050835]), array([1.77901927e-07]))","(array([0.20478122]), array([8.97157329e-08]))","(array([0.19548901]), array([1.70502303e-08]))","(array([0.18622551]), array([-3.78121439e-08]))","(array([0.17640892]), array([-6.86921511e-06]))","(array([0.16454788]), array([-7.37403064e-05]))","(array([0.14593521]), array([-0.00037022]))","(array([0.11678022]), array([-0.001082]))","(array([0.07948809]), array([-0.00227701]))","(array([0.05946256]), array([-0.00370153]))","(array([0.0571713]), array([-0.00478019]))","(array([0.05447294]), array([-0.00532353]))","(array([0.05206992]), array([-0.00544594]))"
(0.4044340048949021+0j),[-0.0219316],[1.],[-0.22292783],[1.],"(array([0.21854658]), array([0.04125697]))","(array([0.20534962]), array([3.38834389e-07]))","(array([0.21050908]), array([2.06094294e-07]))","(array([0.20478196]), array([1.60324532e-07]))","(array([0.19548964]), array([6.51672003e-08]))","(array([0.18622601]), array([-1.84976836e-08]))","(array([0.17640932]), array([-6.86486096e-06]))","(array([0.16454819]), array([-7.37740707e-05]))","(array([0.14593538]), array([-0.00037026]))","(array([0.1167802]), array([-0.00108205]))","(array([0.07948816]), array([-0.00227707]))","(array([0.05946272]), array([-0.00370156]))","(array([0.05717145]), array([-0.00478023]))","(array([0.05447305]), array([-0.00532359]))","(array([0.05206998]), array([-0.00544601]))","(array([0.05066558]), array([-0.00523696]))"
(0.3596591074159456+0j),[-0.01797456],[1.],[-0.21491111],[1.],"(array([0.23401619]), array([0.04046793]))","(array([0.21050947]), array([2.54578898e-07]))","(array([0.20478236]), array([2.24797162e-07]))","(array([0.19549002]), array([1.18759558e-07]))","(array([0.18622637]), array([2.30416639e-08]))","(array([0.1764097]), array([-6.83887406e-06]))","(array([0.16454851]), array([-7.37810153e-05]))","(array([0.1459356]), array([-0.00037028]))","(array([0.11678038]), array([-0.00108207]))","(array([0.07948838]), array([-0.0022771]))","(array([0.05946299]), array([-0.00370161]))","(array([0.05717171]), array([-0.00478028]))","(array([0.05447329]), array([-0.00532363]))","(array([0.0520702]), array([-0.00544605]))","(array([0.05066576]), array([-0.00523698]))","(array([0.04938459]), array([-0.00459891]))"
(0.3240589404776948+0j),[-0.01251387],[1.],[-0.22552895],[1.],"(array([0.23831929]), array([0.04116593]))","(array([0.20478275]), array([3.37951869e-07]))","(array([0.19549038]), array([2.10196726e-07]))","(array([0.18622673]), array([1.03683041e-07]))","(array([0.17641002]), array([-6.76283565e-06]))","(array([0.16454873]), array([-7.37781597e-05]))","(array([0.14593576]), array([-0.00037035]))","(array([0.11678048]), array([-0.00108211]))","(array([0.07948851]), array([-0.00227711]))","(array([0.05946315]), array([-0.00370163]))","(array([0.05717186]), array([-0.00478029]))","(array([0.05447343]), array([-0.00532364]))","(array([0.05207032]), array([-0.00544605]))","(array([0.05066587]), array([-0.00523697]))","(array([0.04938469]), array([-0.00459889]))","(array([0.04956899]), array([-0.0035141]))"
(0.28525647707666635+0j),[-0.0058433],[1.],[-0.21570368],[1.],"(array([0.23154492]), array([0.04204161]))","(array([0.19549078]), array([3.23532064e-07]))","(array([0.18622705]), array([2.22548045e-07]))","(array([0.17641026]), array([-6.6574153e-06]))","(array([0.16454897]), array([-7.37514259e-05]))","(array([0.14593596]), array([-0.00037039]))","(array([0.11678057]), array([-0.00108212]))","(array([0.07948862]), array([-0.00227712]))","(array([0.0594633]), array([-0.00370164]))","(array([0.057172]), array([-0.00478029]))","(array([0.05447357]), array([-0.00532362]))","(array([0.05207046]), array([-0.00544601]))","(array([0.050666]), array([-0.0052369]))","(array([0.0493848]), array([-0.00459883]))","(array([0.04956908]), array([-0.00351406]))","(array([0.04979223]), array([-0.00215843]))"
(0.25534341553835194+0j),[0.00218735],[1.],[-0.22349895],[1.],"(array([0.22064072]), array([0.0426197]))","(array([0.18622739]), array([3.31493871e-07]))","(array([0.17641052]), array([-6.58246416e-06]))","(array([0.16454924]), array([-7.37404679e-05]))","(array([0.14593621]), array([-0.0003704]))","(array([0.11678069]), array([-0.00108213]))","(array([0.07948871]), array([-0.00227716]))","(array([0.05946342]), array([-0.00370169]))","(array([0.05717212]), array([-0.00478034]))","(array([0.05447369]), array([-0.00532366]))","(array([0.05207059]), array([-0.00544604]))","(array([0.05066614]), array([-0.00523691]))","(array([0.04938493]), array([-0.00459882]))","(array([0.04956921]), array([-0.00351404]))","(array([0.04979235]), array([-0.0021584]))","(array([0.0494907]), array([-0.00047574]))"
(0.2421599944774613+0j),[0.00970714],[1.],[-0.28250913],[1.],"(array([0.21354312]), array([0.04997224]))","(array([0.17641095]), array([-6.50482557e-06]))","(array([0.1645497]), array([-7.37554196e-05]))","(array([0.14593657]), array([-0.00037044]))","(array([0.1167808]), array([-0.00108219]))","(array([0.07948873]), array([-0.00227722]))","(array([0.05946348]), array([-0.00370178]))","(array([0.05717218]), array([-0.00478041]))","(array([0.05447377]), array([-0.00532372]))","(array([0.05207073]), array([-0.00544609]))","(array([0.05066634]), array([-0.00523694]))","(array([0.04938515]), array([-0.00459883]))","(array([0.04956943]), array([-0.00351406]))","(array([0.04979257]), array([-0.00215844]))","(array([0.04949091]), array([-0.00047579]))","(array([0.0569466]), array([0.00132534]))"
(0.24352710587858142+0j),[0.01476289],[1.],[-0.36469166],[1.],"(array([0.21046313]), array([0.06452384]))","(array([0.16455018]), array([-7.3907667e-05]))","(array([0.14593691]), array([-0.00037051]))","(array([0.11678094]), array([-0.00108222]))","(array([0.0794888]), array([-0.00227725]))","(array([0.05946354]), array([-0.0037018]))","(array([0.05717226]), array([-0.00478043]))","(array([0.05447386]), array([-0.00532373]))","(array([0.05207082]), array([-0.0054461]))","(array([0.05066645]), array([-0.00523694]))","(array([0.04938526]), array([-0.00459882]))","(array([0.04956954]), array([-0.00351405]))","(array([0.04979268]), array([-0.00215845]))","(array([0.04949103]), array([-0.00047583]))","(array([0.05694677]), array([0.00132528]))","(array([0.07292731]), array([0.00276951]))"
(0.23074347083738853+0j),[0.01731306],[1.],[-0.38902787],[1.],"(array([0.20390477]), array([0.07527731]))","(array([0.14593776]), array([-0.0003706]))","(array([0.11678144]), array([-0.00108229]))","(array([0.07948907]), array([-0.00227729]))","(array([0.05946371]), array([-0.00370181]))","(array([0.05717245]), array([-0.00478048]))","(array([0.05447405]), array([-0.00532381]))","(array([0.05207102]), array([-0.00544621]))","(array([0.05066664]), array([-0.00523707]))","(array([0.04938543]), array([-0.00459895]))","(array([0.04956971]), array([-0.00351417]))","(array([0.04979283]), array([-0.00215856]))","(array([0.04949113]), array([-0.00047594]))","(array([0.0569469]), array([0.0013252]))","(array([0.07292756]), array([0.00276942]))","(array([0.08494629]), array([0.00358472]))"
(0.27246111029947434+0j),[0.01463697],[1.],[-0.52061472],[1.],"(array([0.19418966]), array([0.09060878]))","(array([0.11678154]), array([-0.00108233]))","(array([0.07948918]), array([-0.00227736]))","(array([0.05946379]), array([-0.00370189]))","(array([0.05717252]), array([-0.00478057]))","(array([0.05447412]), array([-0.00532391]))","(array([0.05207109]), array([-0.0054463]))","(array([0.05066671]), array([-0.00523716]))","(array([0.04938549]), array([-0.00459903]))","(array([0.04956977]), array([-0.00351426]))","(array([0.04979289]), array([-0.00215865]))","(array([0.04949119]), array([-0.00047604]))","(array([0.05694692]), array([0.00132514]))","(array([0.07292761]), array([0.00276942]))","(array([0.08494642]), array([0.00358471]))","(array([0.10294841]), array([0.00368916]))"
(0.3233198506113721+0j),[0.00314169],[1.],[-0.61140675],[1.],"(array([0.17899632]), array([0.11086624]))","(array([0.07948934]), array([-0.00227736]))","(array([0.05946394]), array([-0.00370194]))","(array([0.05717265]), array([-0.00478063]))","(array([0.05447422]), array([-0.00532397]))","(array([0.05207118]), array([-0.00544636]))","(array([0.05066679]), array([-0.0052372]))","(array([0.04938556]), array([-0.00459904]))","(array([0.04956982]), array([-0.00351425]))","(array([0.04979294]), array([-0.00215864]))","(array([0.04949122]), array([-0.00047603]))","(array([0.05694694]), array([0.00132513]))","(array([0.0729276]), array([0.0027694]))","(array([0.08494641]), array([0.00358471]))","(array([0.10294851]), array([0.00368913]))","(array([0.12809667]), array([0.00207619]))"
(0.4643900158592432+0j),[-0.01810705],[1.],[-0.69429268],[1.],"(array([0.15569016]), array([0.12663264]))","(array([0.05946407]), array([-0.00370199]))","(array([0.05717276]), array([-0.00478068]))","(array([0.05447434]), array([-0.00532404]))","(array([0.05207127]), array([-0.0054464]))","(array([0.05066683]), array([-0.00523718]))","(array([0.04938553]), array([-0.00459897]))","(array([0.04956974]), array([-0.00351415]))","(array([0.04979282]), array([-0.00215852]))","(array([0.04949106]), array([-0.00047591]))","(array([0.05694681]), array([0.00132522]))","(array([0.07292754]), array([0.00276944]))","(array([0.08494636]), array([0.00358475]))","(array([0.10294849]), array([0.00368921]))","(array([0.12809682]), array([0.00207614]))","(array([0.14980954]), array([-0.00155934]))"
(0.5215673991009879+0j),[-0.04233244],[1.],[-0.65959637],[1.],"(array([0.14192863]), array([0.12544007]))","(array([0.05717315]), array([-0.00478083]))","(array([0.05447462]), array([-0.00532415]))","(array([0.05207148]), array([-0.00544649]))","(array([0.05066701]), array([-0.00523727]))","(array([0.04938573]), array([-0.00459908]))","(array([0.04956998]), array([-0.00351426]))","(array([0.04979308]), array([-0.00215865]))","(array([0.04949133]), array([-0.00047606]))","(array([0.05694702]), array([0.00132505]))","(array([0.07292768]), array([0.00276926]))","(array([0.08494649]), array([0.00358458]))","(array([0.10294876]), array([0.00368911]))","(array([0.12809731]), array([0.00207609]))","(array([0.14981001]), array([-0.00155949]))","(array([0.15311235]), array([-0.00684371]))"
(0.5782513000726571+0j),[-0.0627923],[1.],[-0.58309647],[1.],"(array([0.13775695]), array([0.11093824]))","(array([0.05447503]), array([-0.00532436]))","(array([0.05207185]), array([-0.00544664]))","(array([0.05066735]), array([-0.00523741]))","(array([0.04938602]), array([-0.00459924]))","(array([0.04957026]), array([-0.00351445]))","(array([0.04979339]), array([-0.00215886]))","(array([0.04949167]), array([-0.00047626]))","(array([0.05694725]), array([0.00132481]))","(array([0.0729278]), array([0.00276891]))","(array([0.08494659]), array([0.00358412]))","(array([0.10294902]), array([0.00368857]))","(array([0.12809799]), array([0.00207559]))","(array([0.14981084]), array([-0.00155989]))","(array([0.153113]), array([-0.00684423]))","(array([0.14055747]), array([-0.01192637]))"
(0.635164026340993+0j),[-0.07728158],[1.],[-0.44489265],[1.],"(array([0.12641516]), array([0.08744036]))","(array([0.05207263]), array([-0.00544717]))","(array([0.0506681]), array([-0.00523783]))","(array([0.04938661]), array([-0.00459953]))","(array([0.04957073]), array([-0.00351458]))","(array([0.0497939]), array([-0.00215879]))","(array([0.04949223]), array([-0.00047604]))","(array([0.05694782]), array([0.00132507]))","(array([0.07292837]), array([0.00276914]))","(array([0.08494716]), array([0.00358426]))","(array([0.10294956]), array([0.00368841]))","(array([0.12809866]), array([0.00207498]))","(array([0.14981209]), array([-0.00156079]))","(array([0.15311441]), array([-0.00684504]))","(array([0.14055834]), array([-0.01192698]))","(array([0.11637552]), array([-0.01592049]))"
(0.6512160967296782+0j),[-0.08403179],[1.],[-0.27826808],[1.],"(array([0.10852383]), array([0.05563961]))","(array([0.05066957]), array([-0.00523841]))","(array([0.0493876]), array([-0.00459982]))","(array([0.04957142]), array([-0.00351443]))","(array([0.04979468]), array([-0.00215814]))","(array([0.04949318]), array([-0.0004751]))","(array([0.05694906]), array([0.00132602]))","(array([0.0729299]), array([0.00277015]))","(array([0.08494868]), array([0.00358543]))","(array([0.10295088]), array([0.00368956]))","(array([0.12809957]), array([0.00207581]))","(array([0.14981306]), array([-0.00156076]))","(array([0.15311613]), array([-0.00684569]))","(array([0.14055976]), array([-0.0119278]))","(array([0.11637571]), array([-0.01592112]))","(array([0.0812006]), array([-0.01834626]))"
(0.6249894118931391+0j),[-0.08325344],[1.],[-0.13905431],[1.],"(array([0.0901062]), array([0.02506129]))","(array([0.04938884]), array([-0.00459979]))","(array([0.04957271]), array([-0.00351416]))","(array([0.04979591]), array([-0.00215757]))","(array([0.04949419]), array([-0.00047445]))","(array([0.05695005]), array([0.00132631]))","(array([0.0729308]), array([0.00277018]))","(array([0.08494968]), array([0.00358563]))","(array([0.1029517]), array([0.00368988]))","(array([0.12810002]), array([0.00207599]))","(array([0.1498132]), array([-0.00156122]))","(array([0.15311667]), array([-0.00684697]))","(array([0.14056093]), array([-0.01192965]))","(array([0.11637643]), array([-0.01592324]))","(array([0.08120001]), array([-0.01834777]))","(array([0.04602388]), array([-0.01900589]))"
(0.5628894643748358+0j),[-0.07850344],[1.],[-0.11451908],[1.],"(array([0.07935285]), array([0.01074524]))","(array([0.04957393]), array([-0.0035139]))","(array([0.04979786]), array([-0.0021571]))","(array([0.04949594]), array([-0.00047381]))","(array([0.05695138]), array([0.00132666]))","(array([0.07293207]), array([0.00277027]))","(array([0.08495127]), array([0.00358577]))","(array([0.10295366]), array([0.00369008]))","(array([0.12810197]), array([0.00207618]))","(array([0.14981481]), array([-0.00156181]))","(array([0.15311796]), array([-0.00684864]))","(array([0.14056206]), array([-0.01193228]))","(array([0.11637776]), array([-0.01592663]))","(array([0.08120064]), array([-0.01835112]))","(array([0.04602298]), array([-0.01900762]))","(array([0.02828773]), array([-0.01827902]))"
(0.5053483057868864+0j),[-0.07312693],[1.],[-0.10285286],[1.],"(array([0.07654535]), array([0.00895001]))","(array([0.0497986]), array([-0.00215644]))","(array([0.04949714]), array([-0.00047317]))","(array([0.05695267]), array([0.0013272]))","(array([0.07293348]), array([0.00277068]))","(array([0.08495286]), array([0.00358607]))","(array([0.10295552]), array([0.00369032]))","(array([0.12810431]), array([0.00207632]))","(array([0.1498172]), array([-0.00156201]))","(array([0.15312049]), array([-0.00684967]))","(array([0.14056419]), array([-0.011934]))","(array([0.11637942]), array([-0.01592893]))","(array([0.08120217]), array([-0.01835358]))","(array([0.04602381]), array([-0.01900932]))","(array([0.02828798]), array([-0.01827963]))","(array([0.02429385]), array([-0.01712963]))"
(0.46227417581184216+0j),[-0.06640037],[1.],[-0.1050032],[1.],"(array([0.07486062]), array([0.00966553]))","(array([0.04949786]), array([-0.00047214]))","(array([0.05695376]), array([0.00132806]))","(array([0.07293472]), array([0.00277141]))","(array([0.08495408]), array([0.00358665]))","(array([0.10295679]), array([0.00369074]))","(array([0.12810597]), array([0.00207653]))","(array([0.14981916]), array([-0.00156222]))","(array([0.15312258]), array([-0.00685032]))","(array([0.1405659]), array([-0.01193515]))","(array([0.11638069]), array([-0.01593051]))","(array([0.0812032]), array([-0.01835517]))","(array([0.04602475]), array([-0.01901049]))","(array([0.02828881]), array([-0.01828033]))","(array([0.02429451]), array([-0.01713006]))","(array([0.0227927]), array([-0.01579284]))"
(0.4185723442798012+0j),[-0.05835546],[1.],[-0.11477146],[1.],"(array([0.07392797]), array([0.01365172]))","(array([0.05695555]), array([0.00132911]))","(array([0.0729372]), array([0.00277241]))","(array([0.08495638]), array([0.00358748]))","(array([0.10295875]), array([0.00369131]))","(array([0.12810827]), array([0.00207686]))","(array([0.14982175]), array([-0.0015623]))","(array([0.15312443]), array([-0.00685091]))","(array([0.14056649]), array([-0.0119366]))","(array([0.11638003]), array([-0.015933]))","(array([0.081202]), array([-0.01835834]))","(array([0.04602397]), array([-0.01901368]))","(array([0.0282882]), array([-0.01828314]))","(array([0.02429377]), array([-0.01713245]))","(array([0.02279171]), array([-0.01579456]))","(array([0.02446041]), array([-0.01409758]))"
(0.3957320744209331+0j),[-0.04939342],[1.],[-0.17059112],[1.],"(array([0.08331582]), array([0.02259403]))","(array([0.0729396]), array([0.00277246]))","(array([0.08495913]), array([0.00358758]))","(array([0.10296129]), array([0.00369133]))","(array([0.12811092]), array([0.00207679]))","(array([0.14982446]), array([-0.00156245]))","(array([0.15312642]), array([-0.00685128]))","(array([0.1405673]), array([-0.0119374]))","(array([0.11637976]), array([-0.01593477]))","(array([0.08120157]), array([-0.01836113]))","(array([0.0460246]), array([-0.01901723]))","(array([0.02828958]), array([-0.01828656]))","(array([0.02429504]), array([-0.01713546]))","(array([0.02279236]), array([-0.01579645]))","(array([0.0244606]), array([-0.01409819]))","(array([0.03161963]), array([-0.01220121]))"
(0.36191441928025586+0j),[-0.03970552],[1.],[-0.18675336],[1.],"(array([0.10169845]), array([0.03244918]))","(array([0.08496341]), array([0.00358859]))","(array([0.10296596]), array([0.00369225]))","(array([0.12811595]), array([0.00207724]))","(array([0.14982934]), array([-0.0015624]))","(array([0.15313033]), array([-0.00685169]))","(array([0.14056946]), array([-0.0119383]))","(array([0.11637944]), array([-0.0159362]))","(array([0.08119958]), array([-0.01836432]))","(array([0.04602373]), array([-0.01902192]))","(array([0.02828993]), array([-0.01829182]))","(array([0.0242958]), array([-0.01714047]))","(array([0.02279301]), array([-0.01580091]))","(array([0.02446083]), array([-0.01410154]))","(array([0.03161966]), array([-0.01220299]))","(array([0.04009162]), array([-0.01007379]))"
(0.3606554162040562+0j),[-0.02942423],[1.],[-0.27109213],[1.],"(array([0.11742566]), array([0.04414563]))","(array([0.10296954]), array([0.00369379]))","(array([0.12812013]), array([0.00207832]))","(array([0.14983443]), array([-0.00156257]))","(array([0.15313494]), array([-0.00685256]))","(array([0.14057209]), array([-0.01193907]))","(array([0.11637943]), array([-0.01593723]))","(array([0.08119721]), array([-0.01836656]))","(array([0.04602185]), array([-0.0190245]))","(array([0.02828926]), array([-0.01829452]))","(array([0.0242957]), array([-0.01714299]))","(array([0.02279352]), array([-0.01580337]))","(array([0.02446174]), array([-0.01410382]))","(array([0.03162054]), array([-0.0122045]))","(array([0.04009263]), array([-0.01007433]))","(array([0.0513754]), array([-0.00783572]))"
(0.37792191492484734+0j),[-0.01858186],[1.],[-0.35293374],[1.],"(array([0.14283831]), array([0.06187852]))","(array([0.12812424]), array([0.00207926]))","(array([0.14983909]), array([-0.00156237]))","(array([0.1531398]), array([-0.00685314]))","(array([0.14057551]), array([-0.01193983]))","(array([0.11638062]), array([-0.01593788]))","(array([0.08119596]), array([-0.01836806]))","(array([0.04602061]), array([-0.01902589]))","(array([0.02828867]), array([-0.0182959]))","(array([0.02429566]), array([-0.01714416]))","(array([0.02279441]), array([-0.01580433]))","(array([0.02446343]), array([-0.01410457]))","(array([0.03162254]), array([-0.01220499]))","(array([0.04009477]), array([-0.01007427]))","(array([0.0513775]), array([-0.00783459]))","(array([0.07035079]), array([-0.00543937]))"
(0.4387671230190987+0j),[-0.00833298],[1.],[-0.43061266],[1.],"(array([0.17531543]), array([0.07775728]))","(array([0.14984419]), array([-0.00156218]))","(array([0.15314574]), array([-0.00685382]))","(array([0.1405811]), array([-0.01194085]))","(array([0.11638476]), array([-0.01593867]))","(array([0.08119704]), array([-0.01836892]))","(array([0.04601839]), array([-0.01902626]))","(array([0.02828623]), array([-0.01829615]))","(array([0.02429374]), array([-0.0171439]))","(array([0.022794]), array([-0.0158036]))","(array([0.02446503]), array([-0.01410354]))","(array([0.03162608]), array([-0.01220413]))","(array([0.04009976]), array([-0.01007361]))","(array([0.05138208]), array([-0.00783353]))","(array([0.07035408]), array([-0.00543661]))","(array([0.08917688]), array([-0.00303428]))"
(0.5024585466425365+0j),[-0.00029109],[1.],[-0.43608625],[1.],"(array([0.199902]), array([0.08324822]))","(array([0.15315117]), array([-0.00685359]))","(array([0.14058592]), array([-0.01194143]))","(array([0.11638919]), array([-0.01593954]))","(array([0.08119878]), array([-0.01836927]))","(array([0.04601433]), array([-0.0190271]))","(array([0.02828047]), array([-0.01829779]))","(array([0.02428784]), array([-0.01714477]))","(array([0.02278846]), array([-0.01580405]))","(array([0.02446066]), array([-0.01410393]))","(array([0.03162442]), array([-0.01220516]))","(array([0.0401015]), array([-0.01007546]))","(array([0.05138692]), array([-0.00783605]))","(array([0.07036137]), array([-0.00543866]))","(array([0.08918256]), array([-0.00303265]))","(array([0.09854027]), array([-0.00096718]))"
(0.551133232162628+0j),[0.00632953],[1.],[-0.38002709],[1.],"(array([0.19875104]), array([0.07350267]))","(array([0.140593]), array([-0.01194157]))","(array([0.1163952]), array([-0.01594041]))","(array([0.08120202]), array([-0.01837023]))","(array([0.04601308]), array([-0.01902823]))","(array([0.02827676]), array([-0.01829956]))","(array([0.0242833]), array([-0.0171465]))","(array([0.02278296]), array([-0.01580587]))","(array([0.02445492]), array([-0.01410623]))","(array([0.03162]), array([-0.01220893]))","(array([0.04009982]), array([-0.01008105]))","(array([0.05138888]), array([-0.00784357]))","(array([0.07036942]), array([-0.0054482]))","(array([0.08919448]), array([-0.00304028]))","(array([0.09854983]), array([-0.00096716]))","(array([0.09246382]), array([0.00067381]))"
(0.574058702345327+0j),[0.01329807],[1.],[-0.28815992],[1.],"(array([0.17623227]), array([0.05422374]))","(array([0.11640183]), array([-0.01594426]))","(array([0.08120423]), array([-0.01837352]))","(array([0.0460109]), array([-0.01903041]))","(array([0.02827406]), array([-0.01829979]))","(array([0.0242794]), array([-0.0171469]))","(array([0.02277744]), array([-0.01580677]))","(array([0.02444785]), array([-0.01410695]))","(array([0.03161133]), array([-0.01220899]))","(array([0.04009079]), array([-0.01008035]))","(array([0.05137987]), array([-0.00784222]))","(array([0.07036177]), array([-0.00544647]))","(array([0.08918988]), array([-0.00303952]))","(array([0.09854869]), array([-0.00096753]))","(array([0.09246516]), array([0.00067771]))","(array([0.07520492]), array([0.0022036]))"
(0.5451920943179243+0j),[0.02327425],[1.],[-0.23340997],[1.],"(array([0.1418656]), array([0.0364107]))","(array([0.08120438]), array([-0.01838022]))","(array([0.04600673]), array([-0.0190341]))","(array([0.02826968]), array([-0.01830172]))","(array([0.02427469]), array([-0.01714833]))","(array([0.02277231]), array([-0.01580812]))","(array([0.02444239]), array([-0.01410815]))","(array([0.03160488]), array([-0.01221]))","(array([0.04008347]), array([-0.01008077]))","(array([0.05137101]), array([-0.00784201]))","(array([0.07035155]), array([-0.00544509]))","(array([0.0891786]), array([-0.00303675]))","(array([0.09853735]), array([-0.00096514]))","(array([0.09245651]), array([0.0006789]))","(array([0.07520419]), array([0.00220743]))","(array([0.05813326]), array([0.00409906]))"
(0.5092475003573566+0j),[0.03684596],[1.],[-0.202587],[1.],"(array([0.09955093]), array([0.0269823]))","(array([0.04600454]), array([-0.01904087]))","(array([0.02826726]), array([-0.0183065]))","(array([0.02427198]), array([-0.01715148]))","(array([0.02277022]), array([-0.01581011]))","(array([0.02444154]), array([-0.01410905]))","(array([0.03160459]), array([-0.01221016]))","(array([0.04008315]), array([-0.01008074]))","(array([0.05136926]), array([-0.00784237]))","(array([0.07034787]), array([-0.00544591]))","(array([0.08917099]), array([-0.0030371]))","(array([0.09852533]), array([-0.00096483]))","(array([0.09244162]), array([0.00067947]))","(array([0.0751933]), array([0.00220945]))","(array([0.05813194]), array([0.00410404]))","(array([0.0485106]), array([0.0067661]))"
(0.48041603281101064+0j),[0.05223347],[1.],[-0.19096641],[1.],"(array([0.05909892]), array([0.02378774]))","(array([0.02826355]), array([-0.01831337]))","(array([0.02426919]), array([-0.01715588]))","(array([0.02276814]), array([-0.01581292]))","(array([0.02444034]), array([-0.01411032]))","(array([0.03160388]), array([-0.01221008]))","(array([0.04008261]), array([-0.01007977]))","(array([0.05136786]), array([-0.0078412]))","(array([0.07034554]), array([-0.00544511]))","(array([0.08916735]), array([-0.00303722]))","(array([0.09852028]), array([-0.00096662]))","(array([0.09243562]), array([0.00067586]))","(array([0.07518634]), array([0.00220539]))","(array([0.05812668]), array([0.00410313]))","(array([0.0485091]), array([0.00676937]))","(array([0.04369737]), array([0.01004342]))"
(0.4533026841949407+0j),[0.06715633],[1.],[-0.1971534],[1.],"(array([0.03814095]), array([0.0257707]))","(array([0.02426528]), array([-0.01716131]))","(array([0.02276566]), array([-0.01581729]))","(array([0.02443894]), array([-0.01411367]))","(array([0.03160296]), array([-0.01221214]))","(array([0.04008197]), array([-0.01008051]))","(array([0.05136656]), array([-0.00784076]))","(array([0.07034333]), array([-0.00544375]))","(array([0.08916396]), array([-0.00303538]))","(array([0.09851702]), array([-0.00096521]))","(array([0.09243393]), array([0.00067578]))","(array([0.07518629]), array([0.00220351]))","(array([0.05812596]), array([0.00410092]))","(array([0.04850656]), array([0.00676954]))","(array([0.04369461]), array([0.01004766]))","(array([0.0431559]), array([0.01348638]))"
(0.41867881300799337+0j),[0.07987936],[1.],[-0.20619408],[1.],"(array([0.03240726]), array([0.03016442]))","(array([0.02276159]), array([-0.01582249]))","(array([0.02443655]), array([-0.01411748]))","(array([0.03160154]), array([-0.01221487]))","(array([0.04008147]), array([-0.01008241]))","(array([0.05136625]), array([-0.00784184]))","(array([0.07034323]), array([-0.00544395]))","(array([0.08916301]), array([-0.00303471]))","(array([0.09851452]), array([-0.00096401]))","(array([0.0924305]), array([0.00067671]))","(array([0.07518377]), array([0.00220361]))","(array([0.05812421]), array([0.00410011]))","(array([0.04850373]), array([0.00676894]))","(array([0.04369108]), array([0.0100494]))","(array([0.04315403]), array([0.01349182]))","(array([0.04507626]), array([0.01661482]))"
(0.3764132803183309+0j),[0.09112885],[1.],[-0.2027512],[1.],"(array([0.02901404]), array([0.03363994]))","(array([0.02443488]), array([-0.01412002]))","(array([0.03160074]), array([-0.01221649]))","(array([0.04008137]), array([-0.01008355]))","(array([0.05136639]), array([-0.00784267]))","(array([0.07034416]), array([-0.00544424]))","(array([0.08916439]), array([-0.00303414]))","(array([0.09851507]), array([-0.00096297]))","(array([0.09242915]), array([0.00067763]))","(array([0.07518203]), array([0.00220414]))","(array([0.05812316]), array([0.00410007]))","(array([0.0485023]), array([0.00676876]))","(array([0.04368883]), array([0.01005007]))","(array([0.04315191]), array([0.01349504]))","(array([0.04507528]), array([0.01662055]))","(array([0.04597359]), array([0.01930931]))"
(0.34563556287286035+0j),[0.10131224],[1.],[-0.21962723],[1.],"(array([0.02931832]), array([0.03779382]))","(array([0.03160058]), array([-0.01221611]))","(array([0.04008159]), array([-0.01008313]))","(array([0.0513665]), array([-0.00784237]))","(array([0.07034461]), array([-0.00544397]))","(array([0.08916562]), array([-0.0030334]))","(array([0.09851635]), array([-0.00096181]))","(array([0.09242899]), array([0.00067876]))","(array([0.07518139]), array([0.00220488]))","(array([0.05812329]), array([0.00410022]))","(array([0.04850263]), array([0.00676859]))","(array([0.04368882]), array([0.01005021]))","(array([0.04315138]), array([0.01349647]))","(array([0.04507465]), array([0.01662382]))","(array([0.04597305]), array([0.01931356]))","(array([0.04741195]), array([0.02172295]))"
(0.34604208866350505+0j),[0.11081997],[1.],[-0.29927153],[1.],"(array([0.03999916]), array([0.05023989]))","(array([0.04008238]), array([-0.01008132]))","(array([0.05136714]), array([-0.00784091]))","(array([0.07034502]), array([-0.00544295]))","(array([0.08916626]), array([-0.00303242]))","(array([0.09851734]), array([-0.00096055]))","(array([0.09242901]), array([0.00068015]))","(array([0.07518094]), array([0.00220616]))","(array([0.05812366]), array([0.00410123]))","(array([0.04850355]), array([0.00676933]))","(array([0.04368982]), array([0.0100511]))","(array([0.04315197]), array([0.01349813]))","(array([0.0450747]), array([0.01662663]))","(array([0.04597275]), array([0.01931727]))","(array([0.04741149]), array([0.02172716]))","(array([0.05831678]), array([0.02394079]))"
(0.3436372740641118+0j),[0.11975071],[1.],[-0.3494419],[1.],"(array([0.05402373]), array([0.06611905]))","(array([0.0513686]), array([-0.00783983]))","(array([0.07034773]), array([-0.00544213]))","(array([0.08916861]), array([-0.00303153]))","(array([0.09851898]), array([-0.0009598]))","(array([0.09242904]), array([0.00068084]))","(array([0.07517914]), array([0.00220791]))","(array([0.05812221]), array([0.00410421]))","(array([0.04850346]), array([0.00677299]))","(array([0.04369129]), array([0.01005544]))","(array([0.04315447]), array([0.0135031]))","(array([0.04507726]), array([0.01663199]))","(array([0.04597463]), array([0.01932294]))","(array([0.04741246]), array([0.0217335]))","(array([0.05831714]), array([0.02394877]))","(array([0.07298073]), array([0.02602376]))"
(0.34431041336052437+0j),[0.12813057],[1.],[-0.39250213],[1.],"(array([0.06889297]), array([0.0784744]))","(array([0.07034844]), array([-0.00544278]))","(array([0.08917116]), array([-0.00303238]))","(array([0.098523]), array([-0.00096056]))","(array([0.09243215]), array([0.00068018]))","(array([0.07517804]), array([0.00220828]))","(array([0.05811849]), array([0.00410558]))","(array([0.04849987]), array([0.00677465]))","(array([0.04368969]), array([0.01005688]))","(array([0.0431559]), array([0.01350375]))","(array([0.04508073]), array([0.01663196]))","(array([0.04597817]), array([0.01932284]))","(array([0.0474151]), array([0.02173387]))","(array([0.05831861]), array([0.02395146]))","(array([0.0729819]), array([0.02602949]))","(array([0.08352937]), array([0.02797105]))"
(0.34367609382209946+0j),[0.13670062],[1.],[-0.42498634],[1.],"(array([0.0904886]), array([0.08920808]))","(array([0.08917253]), array([-0.00303149]))","(array([0.09852574]), array([-0.00096]))","(array([0.09243592]), array([0.0006807]))","(array([0.07518017]), array([0.00220919]))","(array([0.05811747]), array([0.00410687]))","(array([0.04849713]), array([0.00677596]))","(array([0.04368686]), array([0.01005762]))","(array([0.04315445]), array([0.01350324]))","(array([0.04508099]), array([0.01663034]))","(array([0.0459791]), array([0.01932067]))","(array([0.04741589]), array([0.02173167]))","(array([0.05831926]), array([0.0239504]))","(array([0.07298265]), array([0.02603126]))","(array([0.08353036]), array([0.02797544]))","(array([0.09205656]), array([0.02987115]))"
(0.3446383596181954+0j),[0.1446362],[1.],[-0.4545401],[1.],"(array([0.11120663]), array([0.09861308]))","(array([0.0985272]), array([-0.00095786]))","(array([0.09243735]), array([0.00068238]))","(array([0.07518219]), array([0.00221065]))","(array([0.05811851]), array([0.0041087]))","(array([0.04849599]), array([0.00677817]))","(array([0.04368422]), array([0.0100598]))","(array([0.04315178]), array([0.01350492]))","(array([0.04507962]), array([0.01663134]))","(array([0.04597862]), array([0.01932093]))","(array([0.04741577]), array([0.02173143]))","(array([0.05831974]), array([0.02395014]))","(array([0.07298369]), array([0.02603205]))","(array([0.08353167]), array([0.02797849]))","(array([0.09205826]), array([0.0298765]))","(array([0.09906944]), array([0.03171758]))"
(0.3713681002898836+0j),[0.15001118],[1.],[-0.5061415],[1.],"(array([0.12394494]), array([0.10952421]))","(array([0.09243829]), array([0.00068367]))","(array([0.0751831]), array([0.00221171]))","(array([0.05811998]), array([0.00411009]))","(array([0.04849623]), array([0.00678007]))","(array([0.04368255]), array([0.01006212]))","(array([0.04314917]), array([0.01350748]))","(array([0.04507775]), array([0.01663377]))","(array([0.04597761]), array([0.01932273]))","(array([0.04741541]), array([0.02173263]))","(array([0.0583204]), array([0.02395073]))","(array([0.07298524]), array([0.02603245]))","(array([0.08353348]), array([0.02797958]))","(array([0.09206007]), array([0.0298793]))","(array([0.09907134]), array([0.03172226]))","(array([0.10843179]), array([0.03319958]))"
(0.35176894327670816+0j),[0.15120601],[1.],[-0.50240672],[1.],"(array([0.11981072]), array([0.11602385]))","(array([0.07518384]), array([0.00221197]))","(array([0.05812083]), array([0.00411093]))","(array([0.04849719]), array([0.00678127]))","(array([0.04368236]), array([0.01006359]))","(array([0.04314736]), array([0.01350922]))","(array([0.04507533]), array([0.01663557]))","(array([0.04597526]), array([0.01932425]))","(array([0.04741349]), array([0.02173383]))","(array([0.05831957]), array([0.02395137]))","(array([0.07298589]), array([0.02603256]))","(array([0.08353516]), array([0.0279796]))","(array([0.09206228]), array([0.02987976]))","(array([0.09907364]), array([0.03172403]))","(array([0.10843395]), array([0.0332035]))","(array([0.11360379]), array([0.03392994]))"
(0.3231613102248527+0j),[0.14666646],[1.],[-0.49108994],[1.],"(array([0.10206593]), array([0.11593889]))","(array([0.05812138]), array([0.00411117]))","(array([0.04849779]), array([0.0067819]))","(array([0.04368311]), array([0.01006436]))","(array([0.04314765]), array([0.01351016]))","(array([0.04507477]), array([0.0166367]))","(array([0.04597417]), array([0.01932541]))","(array([0.04741231]), array([0.02173494]))","(array([0.05831875]), array([0.02395224]))","(array([0.07298607]), array([0.02603306]))","(array([0.08353641]), array([0.02797971]))","(array([0.09206433]), array([0.02987961]))","(array([0.099076]), array([0.03172403]))","(array([0.10843615]), array([0.03320481]))","(array([0.11360573]), array([0.03393286]))","(array([0.11195823]), array([0.0335447]))"
(0.33704666113144466+0j),[0.13841946],[1.],[-0.53534752],[1.],"(array([0.08817681]), array([0.12036293]))","(array([0.04849819]), array([0.00678242]))","(array([0.04368334]), array([0.0100649]))","(array([0.04314793]), array([0.01351074]))","(array([0.04507492]), array([0.01663747]))","(array([0.04597406]), array([0.01932617]))","(array([0.04741206]), array([0.02173568]))","(array([0.0583184]), array([0.02395284]))","(array([0.07298599]), array([0.02603341]))","(array([0.08353688]), array([0.02797975]))","(array([0.09206534]), array([0.02987937]))","(array([0.09907733]), array([0.03172373]))","(array([0.10843754]), array([0.03320501]))","(array([0.11360699]), array([0.03393396]))","(array([0.11195932]), array([0.03354639]))","(array([0.11574018]), array([0.03207458]))"
(0.3039095963444897+0j),[0.12872897],[1.],[-0.51542045],[1.],"(array([0.08165397]), array([0.12441337]))","(array([0.0436837]), array([0.01006557]))","(array([0.04314809]), array([0.0135116]))","(array([0.04507484]), array([0.01663827]))","(array([0.04597396]), array([0.01932685]))","(array([0.04741193]), array([0.02173633]))","(array([0.05831807]), array([0.0239532]))","(array([0.07298552]), array([0.02603339]))","(array([0.08353649]), array([0.02797953]))","(array([0.09206531]), array([0.02987909]))","(array([0.09907777]), array([0.0317235]))","(array([0.10843851]), array([0.03320507]))","(array([0.11360827]), array([0.03393455]))","(array([0.11196056]), array([0.03354747]))","(array([0.11574118]), array([0.03207646]))","(array([0.11846137]), array([0.0300825]))"
(0.3034940686845691+0j),[0.11758629],[1.],[-0.54172362],[1.],"(array([0.07922168]), array([0.12709383]))","(array([0.04314853]), array([0.01351201]))","(array([0.04507516]), array([0.01663882]))","(array([0.04597415]), array([0.01932753]))","(array([0.04741205]), array([0.02173707]))","(array([0.05831805]), array([0.02395379]))","(array([0.07298533]), array([0.02603374]))","(array([0.08353621]), array([0.02797969]))","(array([0.09206517]), array([0.02987908]))","(array([0.09907795]), array([0.03172334]))","(array([0.10843914]), array([0.03320478]))","(array([0.11360925]), array([0.03393432]))","(array([0.11196166]), array([0.03354748]))","(array([0.11574228]), array([0.03207715]))","(array([0.11846242]), array([0.03008382]))","(array([0.11914085]), array([0.02771832]))"
(0.31161218049385886+0j),[0.10571028],[1.],[-0.57453244],[1.],"(array([0.08428586]), array([0.13504731]))","(array([0.04507546]), array([0.01663937]))","(array([0.04597432]), array([0.01932816]))","(array([0.04741209]), array([0.02173778]))","(array([0.05831801]), array([0.02395446]))","(array([0.07298524]), array([0.02603433]))","(array([0.08353603]), array([0.02798026]))","(array([0.09206493]), array([0.02987964]))","(array([0.0990777]), array([0.03172382]))","(array([0.10843908]), array([0.03320505]))","(array([0.11360949]), array([0.03393447]))","(array([0.11196212]), array([0.03354768]))","(array([0.11574301]), array([0.0320776]))","(array([0.11846333]), array([0.03008465]))","(array([0.11914167]), array([0.02771945]))","(array([0.12584219]), array([0.02512515]))"
(0.320406902759084+0j),[0.09409624],[1.],[-0.60116711],[1.],"(array([0.09186208]), array([0.14265976]))","(array([0.04597461]), array([0.01932824]))","(array([0.0474123]), array([0.02173823]))","(array([0.05831819]), array([0.02395502]))","(array([0.07298555]), array([0.02603477]))","(array([0.08353629]), array([0.0279807]))","(array([0.09206494]), array([0.02988021]))","(array([0.09907745]), array([0.03172455]))","(array([0.10843874]), array([0.033206]))","(array([0.11360932]), array([0.03393561]))","(array([0.11196221]), array([0.03354884]))","(array([0.1157435]), array([0.0320787]))","(array([0.11846412]), array([0.0300857]))","(array([0.11914258]), array([0.02772055]))","(array([0.12584312]), array([0.02512646]))","(array([0.13254539]), array([0.02248281]))"
(0.3867749247071609+0j),[0.08405899],[1.],[-0.66563735],[1.],"(array([0.10034138]), array([0.15357364]))","(array([0.04741273]), array([0.02173848]))","(array([0.05831856]), array([0.02395538]))","(array([0.07298597]), array([0.02603512]))","(array([0.08353669]), array([0.02798102]))","(array([0.09206525]), array([0.02988055]))","(array([0.09907762]), array([0.03172496]))","(array([0.10843891]), array([0.03320651]))","(array([0.11360966]), array([0.03393629]))","(array([0.11196275]), array([0.03354958]))","(array([0.11574432]), array([0.03207933]))","(array([0.11846515]), array([0.03008621]))","(array([0.11914365]), array([0.027721]))","(array([0.12584421]), array([0.02512704]))","(array([0.13254638]), array([0.02248361]))","(array([0.14346739]), array([0.02003598]))"
(0.46501047785843247+0j),[0.07591056],[1.],[-0.68371483],[1.],"(array([0.10828948]), array([0.16316529]))","(array([0.05831928]), array([0.02395596]))","(array([0.07298688]), array([0.02603567]))","(array([0.08353779]), array([0.02798182]))","(array([0.09206645]), array([0.02988166]))","(array([0.09907882]), array([0.03172633]))","(array([0.1084401]), array([0.0332081]))","(array([0.11361098]), array([0.03393815]))","(array([0.1119641]), array([0.0335513]))","(array([0.11574599]), array([0.03208059]))","(array([0.11846718]), array([0.03008699]))","(array([0.11914582]), array([0.02772139]))","(array([0.12584661]), array([0.02512717]))","(array([0.13254888]), array([0.02248404]))","(array([0.14346991]), array([0.0200374]))","(array([0.15294632]), array([0.01798447]))"
(0.5161431028925059+0j),[0.06768835],[1.],[-0.65318612],[1.],"(array([0.11983833]), array([0.16282798]))","(array([0.07298811]), array([0.02603645]))","(array([0.08353949]), array([0.0279827]))","(array([0.09206863]), array([0.02988287]))","(array([0.09908128]), array([0.03172793]))","(array([0.10844272]), array([0.03320991]))","(array([0.11361391]), array([0.03393992]))","(array([0.11196701]), array([0.03355297]))","(array([0.11574915]), array([0.03208183]))","(array([0.11847061]), array([0.03008784]))","(array([0.11914939]), array([0.02772181]))","(array([0.1258504]), array([0.02512701]))","(array([0.13255276]), array([0.02248353]))","(array([0.14347402]), array([0.0200372]))","(array([0.15295072]), array([0.01798536]))","(array([0.15106001]), array([0.01614295]))"
(0.5853705254829688+0j),[0.05849001],[1.],[-0.57623522],[1.],"(array([0.13032462]), array([0.15370893]))","(array([0.08354112]), array([0.02798393]))","(array([0.0920708]), array([0.02988391]))","(array([0.099084]), array([0.03172888]))","(array([0.10844596]), array([0.03321061]))","(array([0.11361725]), array([0.03394068]))","(array([0.11197008]), array([0.03355381]))","(array([0.11575218]), array([0.03208264]))","(array([0.11847375]), array([0.03008851]))","(array([0.11915262]), array([0.02772226]))","(array([0.12585392]), array([0.02512714]))","(array([0.13255646]), array([0.02248337]))","(array([0.14347775]), array([0.02003672]))","(array([0.15295454]), array([0.01798489]))","(array([0.15106392]), array([0.01614312]))","(array([0.13928169]), array([0.01416873]))"
(0.5618134144864027+0j),[0.04903945],[1.],[-0.52576843],[1.],"(array([0.13505786]), array([0.1413722]))","(array([0.09207377]), array([0.02988489]))","(array([0.09908742]), array([0.03172972]))","(array([0.10844968]), array([0.03321119]))","(array([0.11362093]), array([0.03394149]))","(array([0.11197327]), array([0.03355497]))","(array([0.11575517]), array([0.03208369]))","(array([0.11847678]), array([0.03008919]))","(array([0.11915572]), array([0.02772247]))","(array([0.1258573]), array([0.02512685]))","(array([0.13256006]), array([0.02248271]))","(array([0.14348139]), array([0.02003583]))","(array([0.15295794]), array([0.01798385]))","(array([0.151067]), array([0.01614206]))","(array([0.13928457]), array([0.01416815]))","(array([0.12397601]), array([0.01206601]))"
(0.5547691113592755+0j),[0.03999938],[1.],[-0.47353965],[1.],"(array([0.13960891]), array([0.13218955]))","(array([0.09909018]), array([0.03173059]))","(array([0.10845248]), array([0.03321191]))","(array([0.11362379]), array([0.03394228]))","(array([0.11197596]), array([0.03355617]))","(array([0.11575786]), array([0.03208477]))","(array([0.11847958]), array([0.03008994]))","(array([0.11915854]), array([0.02772283]))","(array([0.12586024]), array([0.02512663]))","(array([0.13256306]), array([0.02248199]))","(array([0.14348444]), array([0.02003483]))","(array([0.152961]), array([0.01798292]))","(array([0.15106999]), array([0.01614133]))","(array([0.13928742]), array([0.01416755]))","(array([0.12397885]), array([0.01206576]))","(array([0.11239005]), array([0.00997522]))"
(0.5389786600436663+0j),[0.03192579],[1.],[-0.43096914],[1.],"(array([0.14293913]), array([0.12378474]))","(array([0.10845519]), array([0.0332127]))","(array([0.11362663]), array([0.03394327]))","(array([0.11197886]), array([0.03355767]))","(array([0.11576094]), array([0.03208631]))","(array([0.11848281]), array([0.03009137]))","(array([0.11916177]), array([0.02772391]))","(array([0.12586342]), array([0.02512699]))","(array([0.13256606]), array([0.02248161]))","(array([0.14348714]), array([0.02003373]))","(array([0.15296345]), array([0.0179815]))","(array([0.15107236]), array([0.01614037]))","(array([0.13928983]), array([0.01416701]))","(array([0.12398143]), array([0.01206528]))","(array([0.11239244]), array([0.00997472]))","(array([0.10166647]), array([0.00804333]))"
(0.5168765154807483+0j),[0.02449582],[1.],[-0.39958389],[1.],"(array([0.14964657]), array([0.11717119]))","(array([0.11363018]), array([0.03394357]))","(array([0.11198203]), array([0.03355871]))","(array([0.11576405]), array([0.03208767]))","(array([0.11848592]), array([0.03009295]))","(array([0.11916474]), array([0.02772548]))","(array([0.12586627]), array([0.02512816]))","(array([0.13256868]), array([0.0224822]))","(array([0.14348942]), array([0.02003356]))","(array([0.15296543]), array([0.01798079]))","(array([0.15107416]), array([0.01613993]))","(array([0.13929193]), array([0.01416717]))","(array([0.12398369]), array([0.01206574]))","(array([0.11239443]), array([0.00997504]))","(array([0.10166798]), array([0.00804348]))","(array([0.09332855]), array([0.00629306]))"
(0.555432329176738+0j),[0.01868878],[1.],[-0.34093206],[1.],"(array([0.1513264]), array([0.10881131]))","(array([0.11198548]), array([0.03355953]))","(array([0.11576691]), array([0.03208848]))","(array([0.11848851]), array([0.03009386]))","(array([0.11916715]), array([0.02772657]))","(array([0.12586866]), array([0.02512912]))","(array([0.13257105]), array([0.02248295]))","(array([0.1434917]), array([0.02003394]))","(array([0.15296767]), array([0.01798088]))","(array([0.15107598]), array([0.01614047]))","(array([0.13929388]), array([0.01416841]))","(array([0.12398588]), array([0.01206735]))","(array([0.1123963]), array([0.00997644]))","(array([0.10166931]), array([0.00804446]))","(array([0.09332916]), array([0.00629384]))","(array([0.08373632]), array([0.00478498]))"
(0.5718882796611636+0j),[0.01599842],[1.],[-0.25641882],[1.],"(array([0.14221091]), array([0.09356265]))","(array([0.11577492]), array([0.03209108]))","(array([0.11849599]), array([0.03009594]))","(array([0.1191741]), array([0.02772867]))","(array([0.12587536]), array([0.0251306]))","(array([0.13257708]), array([0.02248397]))","(array([0.14349639]), array([0.0200344]))","(array([0.152971]), array([0.01798047]))","(array([0.15107895]), array([0.0161392]))","(array([0.13929773]), array([0.01416707]))","(array([0.12399129]), array([0.01206658]))","(array([0.11240249]), array([0.00997613]))","(array([0.10167561]), array([0.00804433]))","(array([0.09333454]), array([0.00629371]))","(array([0.08374015]), array([0.00478551]))","(array([0.06712575]), array([0.00382416]))"
(0.533483448701283+0j),[0.01507889],[1.],[-0.22420179],[1.],"(array([0.13963502]), array([0.08031612]))","(array([0.11850278]), array([0.03009888]))","(array([0.11918067]), array([0.0277313]))","(array([0.12588206]), array([0.02513279]))","(array([0.13258395]), array([0.02248593]))","(array([0.14350289]), array([0.02003601]))","(array([0.15297646]), array([0.0179818]))","(array([0.15108288]), array([0.01614034]))","(array([0.13930059]), array([0.01416757]))","(array([0.12399424]), array([0.01206656]))","(array([0.11240639]), array([0.00997599]))","(array([0.10168119]), array([0.00804418]))","(array([0.09334088]), array([0.00629354]))","(array([0.08374551]), array([0.00478499]))","(array([0.0671292]), array([0.00382378]))","(array([0.05371915]), array([0.00343845]))"
(0.5277633465178474+0j),[0.01601036],[1.],[-0.18070913],[1.],"(array([0.13802143]), array([0.07076191]))","(array([0.11918556]), array([0.02773474]))","(array([0.12588772]), array([0.0251355]))","(array([0.13259002]), array([0.02248819]))","(array([0.14350924]), array([0.02003769]))","(array([0.15298212]), array([0.01798307]))","(array([0.15108691]), array([0.01614119]))","(array([0.13930306]), array([0.01416744]))","(array([0.12399613]), array([0.01206549]))","(array([0.11240849]), array([0.00997454]))","(array([0.10168429]), array([0.00804259]))","(array([0.09334481]), array([0.00629214]))","(array([0.08375008]), array([0.00478387]))","(array([0.06713257]), array([0.00382271]))","(array([0.05372119]), array([0.00343789]))","(array([0.04502538]), array([0.00342615]))"
(0.4920779513620364+0j),[0.01878392],[1.],[-0.16694822],[1.],"(array([0.13513976]), array([0.06311421]))","(array([0.12589569]), array([0.02513947]))","(array([0.13259883]), array([0.02249148]))","(array([0.14351803]), array([0.02004031]))","(array([0.15299037]), array([0.017985]))","(array([0.15109345]), array([0.01614233]))","(array([0.13930734]), array([0.0141675]))","(array([0.12399855]), array([0.01206474]))","(array([0.11240995]), array([0.00997324]))","(array([0.10168596]), array([0.00804078]))","(array([0.09334714]), array([0.00629026]))","(array([0.08375496]), array([0.00478217]))","(array([0.06714006]), array([0.00382107]))","(array([0.05372767]), array([0.0034361]))","(array([0.04502711]), array([0.00342506]))","(array([0.03864307]), array([0.00386734]))"
(0.4495307983177975+0j),[0.02267128],[1.],[-0.16532109],[1.],"(array([0.14046497]), array([0.05962814]))","(array([0.13260782]), array([0.02249448]))","(array([0.14352735]), array([0.02004275]))","(array([0.15299956]), array([0.01798713]))","(array([0.15110191]), array([0.01614411]))","(array([0.13931403]), array([0.01416871]))","(array([0.12400321]), array([0.01206572]))","(array([0.11241266]), array([0.00997426]))","(array([0.10168751]), array([0.00804184]))","(array([0.09334799]), array([0.00629133]))","(array([0.08375641]), array([0.00478322]))","(array([0.06714613]), array([0.00382298]))","(array([0.05373676]), array([0.00343828]))","(array([0.04503278]), array([0.00342668]))","(array([0.03864299]), array([0.00386908]))","(array([0.03716766]), array([0.0046228]))"
(0.4090989536993419+0j),[0.02764488],[1.],[-0.16949725],[1.],"(array([0.14650341]), array([0.05780894]))","(array([0.1435336]), array([0.02004545]))","(array([0.1530058]), array([0.01798954]))","(array([0.15110773]), array([0.01614619]))","(array([0.13931906]), array([0.01417021]))","(array([0.12400739]), array([0.01206677]))","(array([0.11241566]), array([0.00997518]))","(array([0.10168915]), array([0.00804261]))","(array([0.093348]), array([0.00629198]))","(array([0.0837547]), array([0.0047837]))","(array([0.06714549]), array([0.00382364]))","(array([0.05373875]), array([0.00343901]))","(array([0.0450357]), array([0.00342726]))","(array([0.03864447]), array([0.00386965]))","(array([0.03716717]), array([0.00462392]))","(array([0.03754259]), array([0.00562079]))"
(0.37114906697590705+0j),[0.03354392],[1.],[-0.17607481],[1.],"(array([0.15700454]), array([0.05708041]))","(array([0.15301097]), array([0.01799183]))","(array([0.1511124]), array([0.01614809]))","(array([0.13932292]), array([0.01417166]))","(array([0.12401063]), array([0.01206781]))","(array([0.11241819]), array([0.00997598]))","(array([0.10169065]), array([0.00804301]))","(array([0.09334811]), array([0.00629212]))","(array([0.0837527]), array([0.00478361]))","(array([0.06714289]), array([0.00382346]))","(array([0.05373742]), array([0.00343868]))","(array([0.0450356]), array([0.00342657]))","(array([0.03864483]), array([0.00386895]))","(array([0.03716682]), array([0.00462389]))","(array([0.03754159]), array([0.00562136]))","(array([0.03882052]), array([0.00684156]))"
(0.3533582108009361+0j),[0.04017272],[1.],[-0.22994502],[1.],"(array([0.16859941]), array([0.06149633]))","(array([0.15111662]), array([0.01614948]))","(array([0.1393262]), array([0.01417289]))","(array([0.12401329]), array([0.01206902]))","(array([0.1124204]), array([0.0099771]))","(array([0.10169224]), array([0.00804394]))","(array([0.09334852]), array([0.00629291]))","(array([0.08375113]), array([0.0047844]))","(array([0.06714009]), array([0.00382438]))","(array([0.05373495]), array([0.00343938]))","(array([0.04503386]), array([0.00342649]))","(array([0.03864388]), array([0.0038683]))","(array([0.03716591]), array([0.00462364]))","(array([0.03754041]), array([0.00562179]))","(array([0.03881906]), array([0.00684258]))","(array([0.04549804]), array([0.00823564]))"
(0.35595451987949467+0j),[0.04763962],[1.],[-0.30913974],[1.],"(array([0.17290064]), array([0.07355673]))","(array([0.13933133]), array([0.0141735]))","(array([0.12401742]), array([0.01206996]))","(array([0.11242352]), array([0.00997816]))","(array([0.10169458]), array([0.00804488]))","(array([0.09334968]), array([0.00629367]))","(array([0.08374976]), array([0.00478496]))","(array([0.06713598]), array([0.00382529]))","(array([0.05372986]), array([0.00344055]))","(array([0.04502913]), array([0.00342708]))","(array([0.03864042]), array([0.00386816]))","(array([0.03716318]), array([0.00462338]))","(array([0.03753803]), array([0.00562185]))","(array([0.0388167]), array([0.00684324]))","(array([0.04549565]), array([0.00823731]))","(array([0.0606488]), array([0.00982198]))"
(0.37456955070431125+0j),[0.05533393],[1.],[-0.38398215],[1.],"(array([0.16839634]), array([0.08763903]))","(array([0.12402309]), array([0.01207087]))","(array([0.11242746]), array([0.00997927]))","(array([0.10169791]), array([0.00804609]))","(array([0.09335307]), array([0.00629485]))","(array([0.08375195]), array([0.00478586]))","(array([0.06713509]), array([0.0038263]))","(array([0.05372564]), array([0.00344175]))","(array([0.04502268]), array([0.00342737]))","(array([0.03863367]), array([0.00386695]))","(array([0.03715716]), array([0.00462116]))","(array([0.03753288]), array([0.00561915]))","(array([0.0388123]), array([0.00684062]))","(array([0.04549212]), array([0.00823588]))","(array([0.06064623]), array([0.009823]))","(array([0.07821073]), array([0.01153835]))"
(0.3983403697575054+0j),[0.06320975],[1.],[-0.4352333],[1.],"(array([0.15869723]), array([0.0987691]))","(array([0.11243002]), array([0.00998098]))","(array([0.1016997]), array([0.00804779]))","(array([0.0933546]), array([0.00629655]))","(array([0.08375315]), array([0.00478745]))","(array([0.06713543]), array([0.00382779]))","(array([0.05372344]), array([0.00344331]))","(array([0.04501814]), array([0.00342896]))","(array([0.03862823]), array([0.00386839]))","(array([0.03715203]), array([0.00462204]))","(array([0.03752837]), array([0.00561942]))","(array([0.03880837]), array([0.00684038]))","(array([0.04548895]), array([0.00823529]))","(array([0.06064404]), array([0.00982311]))","(array([0.07820938]), array([0.01154057]))","(array([0.09246928]), array([0.01331282]))"
(0.4349582095736511+0j),[0.07094121],[1.],[-0.46926148],[1.],"(array([0.15043489]), array([0.10602316]))","(array([0.10170169]), array([0.00804898]))","(array([0.09335656]), array([0.00629779]))","(array([0.08375437]), array([0.00478876]))","(array([0.06713605]), array([0.00382915]))","(array([0.05372319]), array([0.00344463]))","(array([0.04501593]), array([0.00343041]))","(array([0.03862538]), array([0.00387021]))","(array([0.0371498]), array([0.0046237]))","(array([0.03752673]), array([0.00562084]))","(array([0.03880719]), array([0.00684154]))","(array([0.04548854]), array([0.00823593]))","(array([0.06064481]), array([0.00982326]))","(array([0.07821102]), array([0.01154166]))","(array([0.09247148]), array([0.01331603]))","(array([0.10223888]), array([0.01509269]))"
(0.4210616782327101+0j),[0.07790932],[1.],[-0.46213234],[1.],"(array([0.13956391]), array([0.10717827]))","(array([0.09335836]), array([0.00629916]))","(array([0.08375563]), array([0.00478981]))","(array([0.06713652]), array([0.00383028]))","(array([0.05372364]), array([0.00344564]))","(array([0.04501486]), array([0.00343087]))","(array([0.03862397]), array([0.00387025]))","(array([0.03714933]), array([0.00462326]))","(array([0.03752632]), array([0.00562036]))","(array([0.03880679]), array([0.00684099]))","(array([0.04548896]), array([0.00823491]))","(array([0.06064706]), array([0.0098214]))","(array([0.07821511]), array([0.01153974]))","(array([0.09247635]), array([0.01331597]))","(array([0.10224351]), array([0.01509548]))","(array([0.10481202]), array([0.01675989]))"
(0.3970325518925786+0j),[0.08400962],[1.],[-0.45280525],[1.],"(array([0.12903529]), array([0.1045869]))","(array([0.08375659]), array([0.00479179]))","(array([0.0671371]), array([0.00383199]))","(array([0.05372463]), array([0.0034473]))","(array([0.04501512]), array([0.00343184]))","(array([0.03862403]), array([0.00387019]))","(array([0.03714981]), array([0.00462308]))","(array([0.03752607]), array([0.00562038]))","(array([0.03880618]), array([0.00684105]))","(array([0.04548896]), array([0.00823462]))","(array([0.06064885]), array([0.00982021]))","(array([0.07821898]), array([0.0115378]))","(array([0.09248169]), array([0.01331437]))","(array([0.10224916]), array([0.01509606]))","(array([0.10481727]), array([0.01676283]))","(array([0.10298124]), array([0.01823425]))"
(0.4394988079659765+0j),[0.08826062],[1.],[-0.48778624],[1.],"(array([0.12009876]), array([0.10658092]))","(array([0.06713711]), array([0.00383437]))","(array([0.05372477]), array([0.00344937]))","(array([0.04501526]), array([0.00343344]))","(array([0.03862457]), array([0.0038709]))","(array([0.0371498]), array([0.00462364]))","(array([0.0375254]), array([0.00562083]))","(array([0.03880543]), array([0.00684146]))","(array([0.0454887]), array([0.00823489]))","(array([0.06064985]), array([0.00982018]))","(array([0.0782215]), array([0.01153742]))","(array([0.09248535]), array([0.0133139]))","(array([0.10225328]), array([0.01509635]))","(array([0.10482121]), array([0.01676474]))","(array([0.10298483]), array([0.01823742]))","(array([0.10639494]), array([0.01938267]))"
(0.44855026841506246+0j),[0.08995589],[1.],[-0.48681992],[1.],"(array([0.10460076]), array([0.1089022]))","(array([0.0537255]), array([0.00344851]))","(array([0.0450151]), array([0.0034335]))","(array([0.03862468]), array([0.00387147]))","(array([0.0371492]), array([0.00462451]))","(array([0.03752427]), array([0.0056216]))","(array([0.038804]), array([0.00684208]))","(array([0.0454873]), array([0.00823495]))","(array([0.06064912]), array([0.00981903]))","(array([0.07822198]), array([0.01153468]))","(array([0.09248696]), array([0.01330975]))","(array([0.10225542]), array([0.01509172]))","(array([0.10482324]), array([0.01676102]))","(array([0.10298632]), array([0.0182355]))","(array([0.10639622]), array([0.01938434]))","(array([0.10978471]), array([0.02004545]))"
(0.4979731253975775+0j),[0.09119375],[1.],[-0.47989357],[1.],"(array([0.09078241]), array([0.10835781]))","(array([0.04501618]), array([0.00343139]))","(array([0.03862603]), array([0.00387078]))","(array([0.03715045]), array([0.00462504]))","(array([0.03752537]), array([0.00562304]))","(array([0.03880472]), array([0.00684408]))","(array([0.04548757]), array([0.0082373]))","(array([0.06064918]), array([0.00982148]))","(array([0.07822205]), array([0.01153624]))","(array([0.09248718]), array([0.01330904]))","(array([0.10225586]), array([0.01508778]))","(array([0.10482393]), array([0.01675501]))","(array([0.10298667]), array([0.01822928]))","(array([0.10639625]), array([0.01938107]))","(array([0.10978527]), array([0.0200472]))","(array([0.10944916]), array([0.02034749]))"
(0.50197595282503+0j),[0.09204426],[1.],[-0.45082407],[1.],"(array([0.07947261]), array([0.10441268]))","(array([0.03862643]), array([0.00387032]))","(array([0.03715083]), array([0.00462559]))","(array([0.03752612]), array([0.0056244]))","(array([0.03880591]), array([0.00684602]))","(array([0.04548915]), array([0.00823975]))","(array([0.06065114]), array([0.00982467]))","(array([0.07822342]), array([0.01154005]))","(array([0.09248675]), array([0.01331268]))","(array([0.10225372]), array([0.01509024]))","(array([0.10482148]), array([0.01675613]))","(array([0.10298418]), array([0.01822947]))","(array([0.10639423]), array([0.0193809]))","(array([0.10978463]), array([0.0200486]))","(array([0.10944997]), array([0.02035239]))","(array([0.10473772]), array([0.02060824]))"
(0.498177859940329+0j),[0.09194951],[1.],[-0.42359169],[1.],"(array([0.06983437]), array([0.09934411]))","(array([0.0371512]), array([0.00462429]))","(array([0.03752664]), array([0.0056241]))","(array([0.03880644]), array([0.00684671]))","(array([0.04548982]), array([0.00824124]))","(array([0.06065216]), array([0.0098269]))","(array([0.07822442]), array([0.01154281]))","(array([0.09248707]), array([0.01331579]))","(array([0.10225362]), array([0.01509367]))","(array([0.10482206]), array([0.01675957]))","(array([0.10298533]), array([0.01823245]))","(array([0.10639662]), array([0.01938298]))","(array([0.10978821]), array([0.02004971]))","(array([0.10945328]), array([0.0203541]))","(array([0.1047402]), array([0.02061216]))","(array([0.09832884]), array([0.02068989]))"
(0.4632324518278211+0j),[0.0919033],[1.],[-0.40220564],[1.],"(array([0.0656421]), array([0.0954028]))","(array([0.03752638]), array([0.00562448]))","(array([0.0388064]), array([0.00684748]))","(array([0.0454901]), array([0.00824234]))","(array([0.06065288]), array([0.00982838]))","(array([0.0782256]), array([0.0115445]))","(array([0.09248834]), array([0.01331739]))","(array([0.10225476]), array([0.01509519]))","(array([0.10482335]), array([0.01676111]))","(array([0.10298692]), array([0.01823411]))","(array([0.10639919]), array([0.01938463]))","(array([0.1097921]), array([0.02005111]))","(array([0.10945759]), array([0.02035514]))","(array([0.10474378]), array([0.02061374]))","(array([0.09833119]), array([0.02069288]))","(array([0.0928778]), array([0.02070554]))"
(0.44224541367998704+0j),[0.09209393],[1.],[-0.3932988],[1.],"(array([0.064287]), array([0.09341495]))","(array([0.03880614]), array([0.0068488]))","(array([0.04549032]), array([0.00824365]))","(array([0.06065381]), array([0.00982965]))","(array([0.0782272]), array([0.01154585]))","(array([0.09249039]), array([0.0133186]))","(array([0.10225686]), array([0.01509612]))","(array([0.10482539]), array([0.01676184]))","(array([0.10298896]), array([0.01823493]))","(array([0.10640174]), array([0.01938563]))","(array([0.10979548]), array([0.0200523]))","(array([0.10946141]), array([0.02035621]))","(array([0.10474739]), array([0.02061487]))","(array([0.09833401]), array([0.02069478]))","(array([0.09287995]), array([0.02070826]))","(array([0.08942833]), array([0.02071372]))"
(0.46301818057745203+0j),[0.0936452],[1.],[-0.40411009],[1.],"(array([0.06563596]), array([0.09510566]))","(array([0.04549028]), array([0.00824555]))","(array([0.06065463]), array([0.00983123]))","(array([0.07822877]), array([0.01154732]))","(array([0.09249252]), array([0.0133199]))","(array([0.10225931]), array([0.01509706]))","(array([0.10482791]), array([0.01676237]))","(array([0.10299139]), array([0.01823534]))","(array([0.10640446]), array([0.01938605]))","(array([0.1097987]), array([0.02005293]))","(array([0.10946478]), array([0.02035705]))","(array([0.10475067]), array([0.02061596]))","(array([0.09833687]), array([0.02069637]))","(array([0.09288233]), array([0.02071049]))","(array([0.08943011]), array([0.02071652]))","(array([0.0898828]), array([0.02088966]))"
(0.4303290326578657+0j),[0.09548635],[1.],[-0.3909661],[1.],"(array([0.07173872]), array([0.09635558]))","(array([0.06065518]), array([0.00983285]))","(array([0.07823108]), array([0.01154849]))","(array([0.09249584]), array([0.01332128]))","(array([0.10226307]), array([0.01509839]))","(array([0.10483153]), array([0.01676314]))","(array([0.10299462]), array([0.01823563]))","(array([0.10640758]), array([0.01938567]))","(array([0.10980208]), array([0.02005199]))","(array([0.10946871]), array([0.02035618]))","(array([0.10475563]), array([0.02061549]))","(array([0.09834244]), array([0.02069633]))","(array([0.09288768]), array([0.02071096]))","(array([0.08943449]), array([0.020718]))","(array([0.08988565]), array([0.02089358]))","(array([0.08944267]), array([0.02131182]))"
(0.42300047700672144+0j),[0.09661081],[1.],[-0.39954844],[1.],"(array([0.0863594]), array([0.09763007]))","(array([0.07823301]), array([0.01154937]))","(array([0.09249892]), array([0.01332215]))","(array([0.1022669]), array([0.01509953]))","(array([0.10483561]), array([0.01676467]))","(array([0.10299814]), array([0.01823742]))","(array([0.10641036]), array([0.01938728]))","(array([0.10980452]), array([0.02005305]))","(array([0.10947107]), array([0.0203563]))","(array([0.10475848]), array([0.02061447]))","(array([0.09834568]), array([0.02069436]))","(array([0.09289082]), array([0.02070861]))","(array([0.08943703]), array([0.02071605]))","(array([0.08988723]), array([0.02089396]))","(array([0.08944373]), array([0.02131457]))","(array([0.08890854]), array([0.02162362]))"
(0.400528958658392+0j),[0.09687928],[1.],[-0.39944965],[1.],"(array([0.10429858]), array([0.10028925]))","(array([0.09250116]), array([0.01332346]))","(array([0.10226967]), array([0.01510075]))","(array([0.10483868]), array([0.01676618]))","(array([0.10300107]), array([0.0182394]))","(array([0.1064127]), array([0.01938934]))","(array([0.10980624]), array([0.02005485]))","(array([0.10947211]), array([0.02035747]))","(array([0.1047591]), array([0.02061468]))","(array([0.09834632]), array([0.02069358]))","(array([0.09289154]), array([0.02070732]))","(array([0.08943752]), array([0.02071477]))","(array([0.08988745]), array([0.02089368]))","(array([0.08944394]), array([0.02131601]))","(array([0.08890871]), array([0.02162635]))","(array([0.08989859]), array([0.02177945]))"
(0.40423558026891776+0j),[0.09617969],[1.],[-0.42460016],[1.],"(array([0.12006216]), array([0.10452245]))","(array([0.10227247]), array([0.01510185]))","(array([0.10484171]), array([0.0167673]))","(array([0.10300417]), array([0.01824112]))","(array([0.1064157]), array([0.01939145]))","(array([0.10980871]), array([0.02005712]))","(array([0.10947309]), array([0.02035968]))","(array([0.10475876]), array([0.02061662]))","(array([0.09834564]), array([0.02069508]))","(array([0.09289104]), array([0.02070844]))","(array([0.08943711]), array([0.02071564]))","(array([0.08988741]), array([0.02089449]))","(array([0.08944438]), array([0.0213173]))","(array([0.08890937]), array([0.0216289]))","(array([0.08989952]), array([0.02178344]))","(array([0.09278638]), array([0.02171373]))"
(0.389448048471039+0j),[0.09410125],[1.],[-0.43194365],[1.],"(array([0.13191686]), array([0.10929102]))","(array([0.10484481]), array([0.01676742]))","(array([0.10300706]), array([0.01824194]))","(array([0.10641816]), array([0.0193929]))","(array([0.10981074]), array([0.02005889]))","(array([0.10947409]), array([0.02036156]))","(array([0.10475876]), array([0.02061849]))","(array([0.09834527]), array([0.02069691]))","(array([0.09289083]), array([0.02071009]))","(array([0.08943708]), array([0.020717]))","(array([0.08988786]), array([0.02089541]))","(array([0.08944527]), array([0.02131799]))","(array([0.08891045]), array([0.02162982]))","(array([0.08990068]), array([0.0217851]))","(array([0.09278736]), array([0.02171652]))","(array([0.09641483]), array([0.02140161]))"
(0.36738237409783886+0j),[0.09124145],[1.],[-0.43391392],[1.],"(array([0.13552817]), array([0.11162041]))","(array([0.10300945]), array([0.01824254]))","(array([0.10642034]), array([0.01939373]))","(array([0.10981256]), array([0.02005991]))","(array([0.10947532]), array([0.0203626]))","(array([0.10475934]), array([0.02061934]))","(array([0.09834539]), array([0.02069766]))","(array([0.09289083]), array([0.02071079]))","(array([0.08943725]), array([0.02071773]))","(array([0.08988864]), array([0.02089606]))","(array([0.08944673]), array([0.02131854]))","(array([0.08891223]), array([0.02163026]))","(array([0.08990251]), array([0.02178557]))","(array([0.09278876]), array([0.02171758]))","(array([0.0964156]), array([0.02140354]))","(array([0.09749892]), array([0.02084536]))"
(0.345636881637372+0j),[0.08885833],[1.],[-0.43678124],[1.],"(array([0.13448787]), array([0.11329289]))","(array([0.10642202]), array([0.01939492]))","(array([0.10981427]), array([0.0200611]))","(array([0.10947687]), array([0.02036378]))","(array([0.10476065]), array([0.02062035]))","(array([0.09834631]), array([0.02069844]))","(array([0.0928914]), array([0.02071139]))","(array([0.08943762]), array([0.02071828]))","(array([0.08988904]), array([0.02089638]))","(array([0.08944742]), array([0.02131871]))","(array([0.08891317]), array([0.0216303]))","(array([0.08990362]), array([0.02178551]))","(array([0.09278987]), array([0.02171779]))","(array([0.09641663]), array([0.02140446]))","(array([0.09749968]), array([0.02084689]))","(array([0.09806325]), array([0.02025852]))"
(0.3233623018803883+0j),[0.08573034],[1.],[-0.43970592],[1.],"(array([0.13876262]), array([0.11471979]))","(array([0.10981559]), array([0.02006245]))","(array([0.10947819]), array([0.02036495]))","(array([0.10476203]), array([0.02062136]))","(array([0.0983476]), array([0.02069932]))","(array([0.09289247]), array([0.02071206]))","(array([0.08943847]), array([0.02071883]))","(array([0.0898896]), array([0.02089669]))","(array([0.08944792]), array([0.02131887]))","(array([0.08891369]), array([0.02163038]))","(array([0.08990417]), array([0.02178549]))","(array([0.09279047]), array([0.02171787]))","(array([0.09641736]), array([0.02140497]))","(array([0.09750045]), array([0.02084804]))","(array([0.09806394]), array([0.02026024]))","(array([0.09873912]), array([0.01963558]))"
(0.30587174323294036+0j),[0.08132158],[1.],[-0.45079111],[1.],"(array([0.14369226]), array([0.11633293]))","(array([0.10947914]), array([0.02036582]))","(array([0.10476296]), array([0.02062209]))","(array([0.09834848]), array([0.02070001]))","(array([0.09289325]), array([0.02071264]))","(array([0.08943908]), array([0.02071933]))","(array([0.08988994]), array([0.02089696]))","(array([0.08944816]), array([0.021319]))","(array([0.08891394]), array([0.02163046]))","(array([0.08990451]), array([0.0217855]))","(array([0.0927909]), array([0.02171788]))","(array([0.09641789]), array([0.02140513]))","(array([0.09750104]), array([0.02084851]))","(array([0.09806451]), array([0.02026114]))","(array([0.09873961]), array([0.01963687]))","(array([0.10032493]), array([0.01878383]))"
(0.3042621520851627+0j),[0.07532065],[1.],[-0.48674254],[1.],"(array([0.14701847]), array([0.12065729]))","(array([0.10476369]), array([0.02062276]))","(array([0.09834913]), array([0.02070062]))","(array([0.09289383]), array([0.02071324]))","(array([0.08943949]), array([0.02071992]))","(array([0.08989012]), array([0.02089738]))","(array([0.08944814]), array([0.02131927]))","(array([0.08891381]), array([0.02163064]))","(array([0.08990436]), array([0.02178558]))","(array([0.09279084]), array([0.02171786]))","(array([0.09641801]), array([0.02140509]))","(array([0.09750134]), array([0.02084861]))","(array([0.09806497]), array([0.02026149]))","(array([0.09874012]), array([0.01963755]))","(array([0.10032537]), array([0.0187848]))","(array([0.10565033]), array([0.01761435]))"
(0.2664447256557787+0j),[0.06793865],[1.],[-0.45926635],[1.],"(array([0.14417467]), array([0.12109636]))","(array([0.09834992]), array([0.02070116]))","(array([0.09289449]), array([0.02071384]))","(array([0.08943997]), array([0.02072051]))","(array([0.08989038]), array([0.02089782]))","(array([0.08944815]), array([0.02131957]))","(array([0.08891355]), array([0.02163092]))","(array([0.0899039]), array([0.02178585]))","(array([0.09279034]), array([0.02171807]))","(array([0.09641762]), array([0.02140526]))","(array([0.0975012]), array([0.0208488]))","(array([0.09806511]), array([0.02026176]))","(array([0.09874053]), array([0.01963797]))","(array([0.10032592]), array([0.0187855]))","(array([0.10565082]), array([0.01761538]))","(array([0.10672516]), array([0.01609252]))"
(0.272780157876026+0j),[0.06023672],[1.],[-0.51084926],[1.],"(array([0.14053]), array([0.12262585]))","(array([0.09289503]), array([0.02071417]))","(array([0.08944038]), array([0.02072085]))","(array([0.08989063]), array([0.02089807]))","(array([0.08944833]), array([0.02131976]))","(array([0.08891363]), array([0.02163112]))","(array([0.08990389]), array([0.02178607]))","(array([0.09279024]), array([0.02171827]))","(array([0.09641752]), array([0.0214054]))","(array([0.09750115]), array([0.02084888]))","(array([0.09806513]), array([0.02026178]))","(array([0.09874064]), array([0.01963798]))","(array([0.1003261]), array([0.01878557]))","(array([0.10565111]), array([0.01761566]))","(array([0.10672547]), array([0.01609297]))","(array([0.10937762]), array([0.01442227]))"
(0.2723978256619165+0j),[0.0523967],[1.],[-0.54043007],[1.],"(array([0.14116697]), array([0.12966987]))","(array([0.08944077]), array([0.02072123]))","(array([0.08989094]), array([0.0208984]))","(array([0.08944862]), array([0.02132001]))","(array([0.08891385]), array([0.02163134]))","(array([0.08990406]), array([0.0217863]))","(array([0.09279031]), array([0.02171848]))","(array([0.09641753]), array([0.0214056]))","(array([0.09750115]), array([0.0208491]))","(array([0.09806515]), array([0.02026202]))","(array([0.09874071]), array([0.01963822]))","(array([0.10032626]), array([0.01878583]))","(array([0.10565143]), array([0.01761602]))","(array([0.10672586]), array([0.01609345]))","(array([0.10937797]), array([0.01442288]))","(array([0.11850539]), array([0.01266788]))"
(0.40179638924036865+0j),[0.04333207],[1.],[-0.68572612],[1.],"(array([0.15032347]), array([0.14783039]))","(array([0.08989156]), array([0.02089865]))","(array([0.08944916]), array([0.02132033]))","(array([0.08891431]), array([0.02163172]))","(array([0.08990443]), array([0.02178669]))","(array([0.09279053]), array([0.02171885]))","(array([0.09641764]), array([0.02140593]))","(array([0.09750125]), array([0.02084942]))","(array([0.0980653]), array([0.02026231]))","(array([0.09874097]), array([0.01963844]))","(array([0.10032668]), array([0.01878597]))","(array([0.10565209]), array([0.0176161]))","(array([0.10672666]), array([0.01609355]))","(array([0.10937884]), array([0.01442321]))","(array([0.11850633]), array([0.01266862]))","(array([0.14056531]), array([0.01082037]))"
(0.3818357288951874+0j),[0.03198941],[1.],[-0.66606959],[1.],"(array([0.15872845]), array([0.15704758]))","(array([0.08945038]), array([0.02132041]))","(array([0.08891559]), array([0.02163211]))","(array([0.08990577]), array([0.02178732]))","(array([0.09279181]), array([0.02171965]))","(array([0.09641893]), array([0.02140683]))","(array([0.09750249]), array([0.02085032]))","(array([0.09806649]), array([0.02026315]))","(array([0.09874208]), array([0.01963911]))","(array([0.10032772]), array([0.01878629]))","(array([0.10565317]), array([0.017616]))","(array([0.10672779]), array([0.01609318]))","(array([0.10938008]), array([0.01442266]))","(array([0.1185078]), array([0.01266814]))","(array([0.14056719]), array([0.01082088]))","(array([0.1523435]), array([0.00844138]))"
(0.37896995903167363+0j),[0.02073814],[1.],[-0.65994946],[1.],"(array([0.15904797]), array([0.1536871]))","(array([0.08891637]), array([0.02163255]))","(array([0.08990663]), array([0.02178766]))","(array([0.09279282]), array([0.0217199]))","(array([0.09642005]), array([0.02140707]))","(array([0.09750349]), array([0.0208506]))","(array([0.09806734]), array([0.0202634]))","(array([0.0987428]), array([0.01963928]))","(array([0.10032839]), array([0.01878633]))","(array([0.10565385]), array([0.01761589]))","(array([0.10672856]), array([0.01609296]))","(array([0.10938089]), array([0.01442234]))","(array([0.11850866]), array([0.01266772]))","(array([0.14056829]), array([0.01082061]))","(array([0.15234509]), array([0.00844145]))","(array([0.14944398]), array([0.00590494]))"
(0.34740730090894684+0j),[0.01076434],[1.],[-0.63272144],[1.],"(array([0.15873907]), array([0.1495827]))","(array([0.08990727]), array([0.02178821]))","(array([0.09279356]), array([0.02172024]))","(array([0.09642088]), array([0.02140724]))","(array([0.09750423]), array([0.02085072]))","(array([0.09806799]), array([0.02026348]))","(array([0.09874343]), array([0.01963927]))","(array([0.10032904]), array([0.01878623]))","(array([0.10565461]), array([0.01761573]))","(array([0.1067294]), array([0.01609273]))","(array([0.10938177]), array([0.01442203]))","(array([0.11850959]), array([0.0126674]))","(array([0.14056933]), array([0.01082041]))","(array([0.15234644]), array([0.00844136]))","(array([0.14944549]), array([0.0059048]))","(array([0.14572728]), array([0.00349715]))"
(0.3358673488162941+0j),[0.00224711],[1.],[-0.62468254],[1.],"(array([0.15951753]), array([0.14522245]))","(array([0.0927942]), array([0.02172047]))","(array([0.09642157]), array([0.02140734]))","(array([0.09750484]), array([0.02085079]))","(array([0.0980685]), array([0.02026355]))","(array([0.09874389]), array([0.01963935]))","(array([0.10032948]), array([0.01878633]))","(array([0.1056551]), array([0.01761582]))","(array([0.10672992]), array([0.01609275]))","(array([0.10938232]), array([0.01442194]))","(array([0.1185102]), array([0.01266725]))","(array([0.14057007]), array([0.01082034]))","(array([0.15234735]), array([0.00844142]))","(array([0.14944652]), array([0.00590481]))","(array([0.1457284]), array([0.00349709]))","(array([0.14171073]), array([0.00142801]))"
(0.35926437105787135+0j),[-0.00563054],[1.],[-0.6480902],[1.],"(array([0.16490788]), array([0.14585247]))","(array([0.09642224]), array([0.02140754]))","(array([0.09750543]), array([0.02085094]))","(array([0.09806898]), array([0.02026368]))","(array([0.09874429]), array([0.0196395]))","(array([0.10032981]), array([0.01878655]))","(array([0.10565541]), array([0.0176161]))","(array([0.10673027]), array([0.01609294]))","(array([0.10938275]), array([0.01442204]))","(array([0.11851071]), array([0.01266732]))","(array([0.14057067]), array([0.01082048]))","(array([0.15234799]), array([0.00844157]))","(array([0.14944722]), array([0.00590487]))","(array([0.14572918]), array([0.00349708]))","(array([0.14171157]), array([0.00142796]))","(array([0.14357505]), array([-0.00039415]))"
(0.3496718408950332+0j),[-0.0129095],[1.],[-0.63808702],[1.],"(array([0.17073141]), array([0.14587098]))","(array([0.09750657]), array([0.02085102]))","(array([0.09806993]), array([0.02026379]))","(array([0.09874506]), array([0.01963969]))","(array([0.10033043]), array([0.0187869]))","(array([0.10565597]), array([0.0176166]))","(array([0.10673091]), array([0.01609343]))","(array([0.1093835]), array([0.01442248]))","(array([0.11851162]), array([0.01266775]))","(array([0.14057167]), array([0.01082087]))","(array([0.15234885]), array([0.00844193]))","(array([0.14944797]), array([0.00590511]))","(array([0.14572987]), array([0.00349718]))","(array([0.14171232]), array([0.00142796]))","(array([0.14357597]), array([-0.00039422]))","(array([0.14495143]), array([-0.00212669]))"
(0.35435212268214505+0j),[-0.01897243],[1.],[-0.6408646],[1.],"(array([0.17271359]), array([0.14388281]))","(array([0.09807099]), array([0.02026382]))","(array([0.09874588]), array([0.01963979]))","(array([0.10033113]), array([0.01878705]))","(array([0.1056567]), array([0.01761676]))","(array([0.10673161]), array([0.01609361]))","(array([0.1093842]), array([0.01442265]))","(array([0.1185124]), array([0.01266792]))","(array([0.14057244]), array([0.01082114]))","(array([0.15234955]), array([0.00844231]))","(array([0.14944859]), array([0.00590551]))","(array([0.14573044]), array([0.00349757]))","(array([0.14171285]), array([0.00142828]))","(array([0.1435766]), array([-0.00039406]))","(array([0.14495218]), array([-0.00212668]))","(array([0.14416134]), array([-0.00361796]))"
(0.34179420307159963+0j),[-0.02372676],[1.],[-0.62757498],[1.],"(array([0.17374264]), array([0.14163393]))","(array([0.09874662]), array([0.01963999]))","(array([0.10033181]), array([0.01878731]))","(array([0.10565752]), array([0.01761692]))","(array([0.1067325]), array([0.01609372]))","(array([0.10938514]), array([0.01442265]))","(array([0.11851337]), array([0.01266778]))","(array([0.14057326]), array([0.01082097]))","(array([0.15235045]), array([0.00844212]))","(array([0.14944952]), array([0.00590533]))","(array([0.1457314]), array([0.00349742]))","(array([0.14171382]), array([0.00142816]))","(array([0.14357755]), array([-0.00039416]))","(array([0.14495314]), array([-0.00212682]))","(array([0.14416233]), array([-0.00361817]))","(array([0.14295148]), array([-0.00485037]))"
(0.31498126285130107+0j),[-0.02654252],[1.],[-0.60017274],[1.],"(array([0.17289538]), array([0.13664502]))","(array([0.1003323]), array([0.01878744]))","(array([0.10565803]), array([0.01761698]))","(array([0.10673311]), array([0.01609379]))","(array([0.10938581]), array([0.01442266]))","(array([0.11851404]), array([0.01266775]))","(array([0.14057381]), array([0.01082088]))","(array([0.15235107]), array([0.00844193]))","(array([0.14945017]), array([0.0059051]))","(array([0.1457321]), array([0.00349717]))","(array([0.14171453]), array([0.00142792]))","(array([0.1435783]), array([-0.00039436]))","(array([0.14495389]), array([-0.00212699]))","(array([0.14416307]), array([-0.00361836]))","(array([0.14295221]), array([-0.00485059]))","(array([0.1384066]), array([-0.00571338]))"
(0.2986739943097352+0j),[-0.02737148],[1.],[-0.58539295],[1.],"(array([0.17243606]), array([0.13145212]))","(array([0.1056584]), array([0.01761708]))","(array([0.10673352]), array([0.0160939]))","(array([0.10938627]), array([0.01442276]))","(array([0.11851452]), array([0.01266782]))","(array([0.1405742]), array([0.01082092]))","(array([0.15235149]), array([0.00844192]))","(array([0.1494506]), array([0.00590505]))","(array([0.14573253]), array([0.00349708]))","(array([0.14171497]), array([0.00142779]))","(array([0.14357881]), array([-0.00039449]))","(array([0.14495444]), array([-0.00212711]))","(array([0.14416359]), array([-0.00361852]))","(array([0.14295273]), array([-0.0048508]))","(array([0.13840712]), array([-0.00571362]))","(array([0.13362618]), array([-0.00611281]))"
(0.30004143490492896+0j),[-0.02678751],[1.],[-0.59443113],[1.],"(array([0.17744672]), array([0.12972009]))","(array([0.10673388]), array([0.01609393]))","(array([0.10938663]), array([0.01442287]))","(array([0.1185149]), array([0.01266797]))","(array([0.14057456]), array([0.01082106]))","(array([0.1523519]), array([0.00844203]))","(array([0.14945098]), array([0.00590513]))","(array([0.1457329]), array([0.00349713]))","(array([0.14171534]), array([0.00142781]))","(array([0.14357927]), array([-0.00039451]))","(array([0.14495496]), array([-0.00212715]))","(array([0.14416409]), array([-0.00361859]))","(array([0.14295319]), array([-0.00485094]))","(array([0.13840755]), array([-0.00571383]))","(array([0.1336266]), array([-0.00611306]))","(array([0.1329843]), array([-0.00612137]))"
(0.3197864378489039+0j),[-0.02606742],[1.],[-0.62307629],[1.],"(array([0.18054614]), array([0.13202645]))","(array([0.10938701]), array([0.01442293]))","(array([0.11851527]), array([0.01266801]))","(array([0.14057491]), array([0.01082111]))","(array([0.15235233]), array([0.00844202]))","(array([0.14945139]), array([0.0059051]))","(array([0.14573329]), array([0.00349707]))","(array([0.14171574]), array([0.00142772]))","(array([0.1435797]), array([-0.00039461]))","(array([0.14495544]), array([-0.00212725]))","(array([0.14416458]), array([-0.00361869]))","(array([0.14295364]), array([-0.00485105]))","(array([0.13840794]), array([-0.00571396]))","(array([0.13362695]), array([-0.00611322]))","(array([0.13298463]), array([-0.00612155]))","(array([0.137313]), array([-0.00595612]))"
(0.3525652832766241+0j),[-0.02598219],[1.],[-0.65512771],[1.],"(array([0.18657605]), array([0.13641326]))","(array([0.11851581]), array([0.01266809]))","(array([0.14057537]), array([0.01082118]))","(array([0.15235291]), array([0.00844197]))","(array([0.14945194]), array([0.00590501]))","(array([0.1457338]), array([0.00349688]))","(array([0.14171626]), array([0.00142746]))","(array([0.14358022]), array([-0.0003949]))","(array([0.144956]), array([-0.00212757]))","(array([0.14416517]), array([-0.00361898]))","(array([0.14295423]), array([-0.0048513]))","(array([0.13840848]), array([-0.0057142]))","(array([0.13362742]), array([-0.00611347]))","(array([0.13298503]), array([-0.00612182]))","(array([0.13731342]), array([-0.0059564]))","(array([0.14425164]), array([-0.00585493]))"
(0.35008700918193847+0j),[-0.02602533],[1.],[-0.64889385],[1.],"(array([0.19708799]), array([0.13699281]))","(array([0.1405763]), array([0.01082122]))","(array([0.15235369]), array([0.00844184]))","(array([0.14945258]), array([0.00590476]))","(array([0.14573439]), array([0.00349649]))","(array([0.14171687]), array([0.00142696]))","(array([0.14358081]), array([-0.0003955]))","(array([0.14495661]), array([-0.00212825]))","(array([0.14416585]), array([-0.00361969]))","(array([0.14295495]), array([-0.00485199]))","(array([0.13840921]), array([-0.00571486]))","(array([0.13362812]), array([-0.0061141]))","(array([0.13298563]), array([-0.00612242]))","(array([0.13731391]), array([-0.00595691]))","(array([0.14425221]), array([-0.00585529]))","(array([0.14696124]), array([-0.00588499]))"
(0.3766779549339312+0j),[-0.02621887],[1.],[-0.66593388],[1.],"(array([0.21980128]), array([0.1363299]))","(array([0.15235439]), array([0.00844176]))","(array([0.1494532]), array([0.00590471]))","(array([0.14573502]), array([0.00349644]))","(array([0.14171753]), array([0.00142689]))","(array([0.14358146]), array([-0.00039561]))","(array([0.14495722]), array([-0.0021284]))","(array([0.14416639]), array([-0.00361988]))","(array([0.14295545]), array([-0.00485223]))","(array([0.13840969]), array([-0.00571514]))","(array([0.1336286]), array([-0.00611442]))","(array([0.13298605]), array([-0.00612276]))","(array([0.13731423]), array([-0.00595724]))","(array([0.14425254]), array([-0.00585552]))","(array([0.14696169]), array([-0.00588513]))","(array([0.14832365]), array([-0.00586728]))"
(0.4175282402862956+0j),[-0.02916403],[1.],[-0.67930007],[1.],"(array([0.2336546]), array([0.1368746]))","(array([0.14945376]), array([0.00590472]))","(array([0.14573558]), array([0.00349645]))","(array([0.14171815]), array([0.00142698]))","(array([0.14358219]), array([-0.00039547]))","(array([0.14495794]), array([-0.00212822]))","(array([0.14416707]), array([-0.00361969]))","(array([0.14295613]), array([-0.00485206]))","(array([0.13841037]), array([-0.00571503]))","(array([0.13362928]), array([-0.00611437]))","(array([0.13298674]), array([-0.00612274]))","(array([0.13731489]), array([-0.00595723]))","(array([0.14425304]), array([-0.00585553]))","(array([0.14696212]), array([-0.00588521]))","(array([0.14832411]), array([-0.00586748]))","(array([0.15189135]), array([-0.00619322]))"
(0.5007875386338627+0j),[-0.03684136],[1.],[-0.67283162],[1.],"(array([0.23247177]), array([0.13500632]))","(array([0.14573633]), array([0.00349641]))","(array([0.14171888]), array([0.00142698]))","(array([0.14358286]), array([-0.00039552]))","(array([0.14495861]), array([-0.00212825]))","(array([0.14416774]), array([-0.00361966]))","(array([0.14295681]), array([-0.00485198]))","(array([0.13841102]), array([-0.00571494]))","(array([0.13362991]), array([-0.00611429]))","(array([0.13298741]), array([-0.00612267]))","(array([0.13731561]), array([-0.00595712]))","(array([0.14425373]), array([-0.00585535]))","(array([0.14696266]), array([-0.00588503]))","(array([0.14832448]), array([-0.00586742]))","(array([0.15189166]), array([-0.00619335]))","(array([0.1533432]), array([-0.00734865]))"
(0.5770922991276469+0j),[-0.04923259],[1.],[-0.60356426],[1.],"(array([0.22642424]), array([0.12394234]))","(array([0.14172006]), array([0.001427]))","(array([0.14358393]), array([-0.00039562]))","(array([0.14495964]), array([-0.00212846]))","(array([0.14416885]), array([-0.0036199]))","(array([0.14295794]), array([-0.00485221]))","(array([0.13841205]), array([-0.00571515]))","(array([0.13363086]), array([-0.00611454]))","(array([0.13298832]), array([-0.00612296]))","(array([0.13731654]), array([-0.00595741]))","(array([0.14425478]), array([-0.00585557]))","(array([0.14696379]), array([-0.00588515]))","(array([0.1483255]), array([-0.0058675]))","(array([0.15189232]), array([-0.00619354]))","(array([0.15334352]), array([-0.00734904]))","(array([0.14468918]), array([-0.00965497]))"
(0.6304666523891528+0j),[-0.06357506],[1.],[-0.48149494],[1.],"(array([0.21407604]), array([0.1012963]))","(array([0.14358553]), array([-0.00039573]))","(array([0.14496127]), array([-0.00212867]))","(array([0.14417058]), array([-0.00362025]))","(array([0.14295967]), array([-0.00485262]))","(array([0.13841368]), array([-0.00571553]))","(array([0.1336324]), array([-0.00611496]))","(array([0.1329897]), array([-0.00612344]))","(array([0.13731774]), array([-0.00595804]))","(array([0.14425595]), array([-0.00585643]))","(array([0.14696509]), array([-0.00588613]))","(array([0.14832692]), array([-0.00586851]))","(array([0.15189367]), array([-0.00619458]))","(array([0.15334425]), array([-0.00735006]))","(array([0.14468954]), array([-0.00965581]))","(array([0.12271139]), array([-0.01273013]))"
(0.5889000100171099+0j),[-0.07694785],[1.],[-0.4331386],[1.],"(array([0.20880782]), array([0.08069526]))","(array([0.14496395]), array([-0.00212919]))","(array([0.14417311]), array([-0.00362076]))","(array([0.14296218]), array([-0.00485306]))","(array([0.13841631]), array([-0.00571576]))","(array([0.13363518]), array([-0.00611506]))","(array([0.13299237]), array([-0.00612359]))","(array([0.13732008]), array([-0.00595839]))","(array([0.14425807]), array([-0.00585715]))","(array([0.14696715]), array([-0.00588717]))","(array([0.14832901]), array([-0.00586984]))","(array([0.15189584]), array([-0.0061963]))","(array([0.15334626]), array([-0.00735207]))","(array([0.14469075]), array([-0.0096576]))","(array([0.12271195]), array([-0.01273137]))","(array([0.10285606]), array([-0.0159463]))"
(0.533553392217295+0j),[-0.08717322],[1.],[-0.40620793],[1.],"(array([0.20836576]), array([0.07046101]))","(array([0.14417503]), array([-0.00362086]))","(array([0.14296413]), array([-0.00485304]))","(array([0.13841844]), array([-0.00571554]))","(array([0.13363746]), array([-0.00611478]))","(array([0.13299459]), array([-0.00612339]))","(array([0.13732218]), array([-0.00595832]))","(array([0.14426008]), array([-0.00585722]))","(array([0.14696891]), array([-0.00588728]))","(array([0.14833058]), array([-0.00587006]))","(array([0.15189734]), array([-0.00619673]))","(array([0.15334785]), array([-0.00735268]))","(array([0.14469247]), array([-0.00965825]))","(array([0.12271315]), array([-0.01273204]))","(array([0.10285679]), array([-0.015947]))","(array([0.09457333]), array([-0.01861447]))"
(0.49225106735892876+0j),[-0.09405402],[1.],[-0.38164864],[1.],"(array([0.20627018]), array([0.06288691]))","(array([0.14296542]), array([-0.0048527]))","(array([0.13841984]), array([-0.00571513]))","(array([0.13363892]), array([-0.00611442]))","(array([0.13299598]), array([-0.00612316]))","(array([0.13732349]), array([-0.00595827]))","(array([0.1442613]), array([-0.00585732]))","(array([0.14696993]), array([-0.00588741]))","(array([0.14833143]), array([-0.00587021]))","(array([0.15189806]), array([-0.00619694]))","(array([0.15334863]), array([-0.00735288]))","(array([0.1446935]), array([-0.00965834]))","(array([0.12271416]), array([-0.01273221]))","(array([0.10285753]), array([-0.01594744]))","(array([0.09457396]), array([-0.01861497]))","(array([0.08865814]), array([-0.02052662]))"
(0.4526026837192494+0j),[-0.09807022],[1.],[-0.36359514],[1.],"(array([0.20373701]), array([0.05691059]))","(array([0.13842087]), array([-0.00571483]))","(array([0.13364]), array([-0.00611411]))","(array([0.13299701]), array([-0.00612292]))","(array([0.13732443]), array([-0.00595822]))","(array([0.14426215]), array([-0.00585754]))","(array([0.14697071]), array([-0.00588768]))","(array([0.14833216]), array([-0.00587044]))","(array([0.15189875]), array([-0.00619713]))","(array([0.15334928]), array([-0.00735315]))","(array([0.14469432]), array([-0.00965878]))","(array([0.12271508]), array([-0.01273274]))","(array([0.1028583]), array([-0.015948]))","(array([0.09457457]), array([-0.01861552]))","(array([0.08865859]), array([-0.02052714]))","(array([0.08388444]), array([-0.02174952]))"
(0.4061348626271031+0j),[-0.09894929],[1.],[-0.34331669],[1.],"(array([0.19758641]), array([0.05215799]))","(array([0.13364091]), array([-0.006114]))","(array([0.1329979]), array([-0.00612277]))","(array([0.13732521]), array([-0.0059581]))","(array([0.1442628]), array([-0.00585753]))","(array([0.14697132]), array([-0.00588774]))","(array([0.14833273]), array([-0.0058705]))","(array([0.15189926]), array([-0.00619716]))","(array([0.15334977]), array([-0.00735321]))","(array([0.14469489]), array([-0.00965899]))","(array([0.1227158]), array([-0.0127331]))","(array([0.10285904]), array([-0.01594841]))","(array([0.0945752]), array([-0.01861594]))","(array([0.08865909]), array([-0.02052756]))","(array([0.08388484]), array([-0.02174993]))","(array([0.07970483]), array([-0.02230209]))"
(0.36186177294881017+0j),[-0.09685531],[1.],[-0.3206545],[1.],"(array([0.19027853]), array([0.04767117]))","(array([0.13299863]), array([-0.00612261]))","(array([0.1373259]), array([-0.00595793]))","(array([0.14426342]), array([-0.00585738]))","(array([0.14697193]), array([-0.00588763]))","(array([0.14833332]), array([-0.00587042]))","(array([0.15189981]), array([-0.00619709]))","(array([0.15335027]), array([-0.00735316]))","(array([0.14469532]), array([-0.00965904]))","(array([0.12271626]), array([-0.01273328]))","(array([0.10285955]), array([-0.01594864]))","(array([0.09457566]), array([-0.01861618]))","(array([0.08865949]), array([-0.02052781]))","(array([0.08388518]), array([-0.02175022]))","(array([0.07970513]), array([-0.02230241]))","(array([0.07489989]), array([-0.02215755]))"
(0.3398259158192705+0j),[-0.09278677],[1.],[-0.33174603],[1.],"(array([0.18826507]), array([0.04673118]))","(array([0.13732664]), array([-0.00595788]))","(array([0.1442641]), array([-0.00585733]))","(array([0.14697263]), array([-0.0058876]))","(array([0.14833403]), array([-0.0058704]))","(array([0.15190054]), array([-0.00619706]))","(array([0.1533509]), array([-0.00735309]))","(array([0.14469576]), array([-0.00965912]))","(array([0.12271658]), array([-0.01273359]))","(array([0.10285994]), array([-0.0159491]))","(array([0.09457603]), array([-0.01861664]))","(array([0.08865981]), array([-0.02052824]))","(array([0.08388542]), array([-0.02175062]))","(array([0.07970528]), array([-0.02230281]))","(array([0.07489999]), array([-0.02215795]))","(array([0.07341412]), array([-0.02143675]))"
(0.31436917566768824+0j),[-0.08739508],[1.],[-0.33446721],[1.],"(array([0.19247685]), array([0.04882524]))","(array([0.14426493]), array([-0.00585709]))","(array([0.14697356]), array([-0.00588745]))","(array([0.14833501]), array([-0.00587037]))","(array([0.1519016]), array([-0.00619703]))","(array([0.15335192]), array([-0.00735302]))","(array([0.14469651]), array([-0.00965928]))","(array([0.12271702]), array([-0.01273419]))","(array([0.10286026]), array([-0.01594995]))","(array([0.09457629]), array([-0.01861742]))","(array([0.08866001]), array([-0.02052891]))","(array([0.08388556]), array([-0.0217512]))","(array([0.07970541]), array([-0.02230334]))","(array([0.07490016]), array([-0.02215843]))","(array([0.07341429]), array([-0.02143724]))","(array([0.0750255]), array([-0.02037262]))"
(0.30876716971469326+0j),[-0.08140031],[1.],[-0.37557992],[1.],"(array([0.20073303]), array([0.05383867]))","(array([0.14697424]), array([-0.00588742]))","(array([0.14833565]), array([-0.00587031]))","(array([0.15190223]), array([-0.00619692]))","(array([0.15335256]), array([-0.00735292]))","(array([0.14469702]), array([-0.00965932]))","(array([0.12271739]), array([-0.01273449]))","(array([0.10286068]), array([-0.01595043]))","(array([0.09457674]), array([-0.01861791]))","(array([0.08866048]), array([-0.02052937]))","(array([0.08388605]), array([-0.02175163]))","(array([0.07970588]), array([-0.02230373]))","(array([0.07490059]), array([-0.02215878]))","(array([0.07341473]), array([-0.02143759]))","(array([0.07502595]), array([-0.02037298]))","(array([0.07994474]), array([-0.01905969]))"
(0.32870813323815457+0j),[-0.07664912],[1.],[-0.4492728],[1.],"(array([0.20892117]), array([0.06578587]))","(array([0.1483364]), array([-0.00587017]))","(array([0.15190285]), array([-0.00619673]))","(array([0.15335306]), array([-0.00735278]))","(array([0.14469746]), array([-0.00965927]))","(array([0.12271769]), array([-0.01273461]))","(array([0.10286098]), array([-0.01595075]))","(array([0.09457712]), array([-0.01861826]))","(array([0.08866093]), array([-0.02052972]))","(array([0.08388654]), array([-0.02175196]))","(array([0.07970638]), array([-0.02230406]))","(array([0.07490106]), array([-0.02215912]))","(array([0.07341516]), array([-0.02143794]))","(array([0.07502637]), array([-0.02037333]))","(array([0.07994513]), array([-0.01906001]))","(array([0.09306218]), array([-0.01781316]))"
(0.3417833471943777+0j),[-0.07391769],[1.],[-0.49311871],[1.],"(array([0.21615545]), array([0.07763398]))","(array([0.15190372]), array([-0.00619653]))","(array([0.15335387]), array([-0.00735271]))","(array([0.14469828]), array([-0.00965928]))","(array([0.12271815]), array([-0.01273492]))","(array([0.10286125]), array([-0.01595141]))","(array([0.09457742]), array([-0.018619]))","(array([0.08866124]), array([-0.02053048]))","(array([0.08388688]), array([-0.02175272]))","(array([0.0797067]), array([-0.0223048]))","(array([0.07490136]), array([-0.02215986]))","(array([0.0734154]), array([-0.02143866]))","(array([0.07502652]), array([-0.02037402]))","(array([0.07994524]), array([-0.01906065]))","(array([0.09306238]), array([-0.0178137]))","(array([0.10624566]), array([-0.01698633]))"
(0.3501737876780736+0j),[-0.07339983],[1.],[-0.5221295],[1.],"(array([0.2235034]), array([0.0845764]))","(array([0.15335439]), array([-0.00735258]))","(array([0.14469884]), array([-0.00965924]))","(array([0.12271874]), array([-0.01273511]))","(array([0.10286184]), array([-0.01595182]))","(array([0.09457795]), array([-0.01861942]))","(array([0.08866176]), array([-0.02053093]))","(array([0.08388739]), array([-0.02175322]))","(array([0.07970722]), array([-0.02230533]))","(array([0.07490191]), array([-0.02216041]))","(array([0.07341596]), array([-0.02143921]))","(array([0.07502703]), array([-0.02037457]))","(array([0.07994563]), array([-0.01906121]))","(array([0.09306269]), array([-0.01781427]))","(array([0.10624608]), array([-0.01698687]))","(array([0.11443334]), array([-0.01662906]))"
(0.343295205037242+0j),[-0.07543257],[1.],[-0.531225],[1.],"(array([0.22724399]), array([0.08701352]))","(array([0.14469928]), array([-0.00965906]))","(array([0.12271951]), array([-0.01273522]))","(array([0.10286269]), array([-0.01595219]))","(array([0.09457861]), array([-0.01861977]))","(array([0.08866232]), array([-0.02053127]))","(array([0.08388792]), array([-0.02175355]))","(array([0.07970775]), array([-0.02230567]))","(array([0.07490246]), array([-0.02216076]))","(array([0.07341657]), array([-0.02143956]))","(array([0.07502771]), array([-0.0203749]))","(array([0.07994622]), array([-0.01906154]))","(array([0.09306307]), array([-0.01781461]))","(array([0.10624642]), array([-0.0169873]))","(array([0.11443379]), array([-0.01662966]))","(array([0.11869177]), array([-0.01682299]))"
(0.35044272627815487+0j),[-0.08091534],[1.],[-0.55497303],[1.],"(array([0.22117687]), array([0.0875519]))","(array([0.12272032]), array([-0.01273519]))","(array([0.10286346]), array([-0.01595245]))","(array([0.09457923]), array([-0.01862003]))","(array([0.08866279]), array([-0.0205315]))","(array([0.08388829]), array([-0.0217537]))","(array([0.07970804]), array([-0.0223058]))","(array([0.07490268]), array([-0.02216088]))","(array([0.07341678]), array([-0.02143971]))","(array([0.07502792]), array([-0.02037508]))","(array([0.0799464]), array([-0.01906169]))","(array([0.09306313]), array([-0.01781467]))","(array([0.10624639]), array([-0.01698735]))","(array([0.11443392]), array([-0.0166299]))","(array([0.11869213]), array([-0.0168235]))","(array([0.12245684]), array([-0.01764472]))"
(0.31257878193383887+0j),[-0.08815523],[1.],[-0.52607003],[1.],"(array([0.20026069]), array([0.0832985]))","(array([0.10286413]), array([-0.01595255]))","(array([0.09457978]), array([-0.01862019]))","(array([0.08866321]), array([-0.0205317]))","(array([0.08388862]), array([-0.02175384]))","(array([0.07970827]), array([-0.02230588]))","(array([0.07490283]), array([-0.02216094]))","(array([0.07341687]), array([-0.02143978]))","(array([0.07502802]), array([-0.02037517]))","(array([0.07994654]), array([-0.01906181]))","(array([0.09306328]), array([-0.01781479]))","(array([0.10624648]), array([-0.01698743]))","(array([0.114434]), array([-0.01663003]))","(array([0.11869237]), array([-0.01682378]))","(array([0.12245733]), array([-0.01764512]))","(array([0.12195254]), array([-0.01915383]))"
(0.3056689347712512+0j),[-0.09455735],[1.],[-0.53625018],[1.],"(array([0.18059918]), array([0.07743783]))","(array([0.09458031]), array([-0.01862008]))","(array([0.08866359]), array([-0.02053164]))","(array([0.08388892]), array([-0.02175384]))","(array([0.0797085]), array([-0.0223059]))","(array([0.07490298]), array([-0.02216095]))","(array([0.07341702]), array([-0.02143986]))","(array([0.07502821]), array([-0.02037535]))","(array([0.0799467]), array([-0.01906199]))","(array([0.09306341]), array([-0.01781504]))","(array([0.10624671]), array([-0.01698775]))","(array([0.11443436]), array([-0.01663037]))","(array([0.11869285]), array([-0.01682412]))","(array([0.12245786]), array([-0.01764544]))","(array([0.12195308]), array([-0.01915414]))","(array([0.11975696]), array([-0.02062883]))"
(0.332860662742056+0j),[-0.10118184],[1.],[-0.58266798],[1.],"(array([0.17682662]), array([0.0797294]))","(array([0.08866381]), array([-0.02053168]))","(array([0.0838891]), array([-0.021754]))","(array([0.07970871]), array([-0.02230611]))","(array([0.07490331]), array([-0.02216114]))","(array([0.0734175]), array([-0.02144004]))","(array([0.07502872]), array([-0.02037553]))","(array([0.07994713]), array([-0.01906228]))","(array([0.09306372]), array([-0.0178155]))","(array([0.10624692]), array([-0.01698835]))","(array([0.11443461]), array([-0.01663099]))","(array([0.11869321]), array([-0.01682464]))","(array([0.12245837]), array([-0.01764583]))","(array([0.12195361]), array([-0.0191545]))","(array([0.11975738]), array([-0.02062923]))","(array([0.12631257]), array([-0.02205261]))"
(0.46471083941589914+0j),[-0.11117189],[1.],[-0.65685467],[1.],"(array([0.18035812]), array([0.09059679]))","(array([0.08388969]), array([-0.02175435]))","(array([0.07970916]), array([-0.02230636]))","(array([0.0749037]), array([-0.02216129]))","(array([0.07341782]), array([-0.02144015]))","(array([0.07502901]), array([-0.02037559]))","(array([0.07994735]), array([-0.0190623]))","(array([0.09306386]), array([-0.01781556]))","(array([0.10624703]), array([-0.01698855]))","(array([0.11443478]), array([-0.01663132]))","(array([0.11869347]), array([-0.01682504]))","(array([0.12245872]), array([-0.0176462]))","(array([0.12195397]), array([-0.01915481]))","(array([0.11975772]), array([-0.0206295]))","(array([0.126313]), array([-0.02205284]))","(array([0.14213413]), array([-0.0238482]))"
(0.45171652307677745+0j),[-0.12155698],[1.],[-0.62624508],[1.],"(array([0.17893935]), array([0.0902682]))","(array([0.07971065]), array([-0.02230708]))","(array([0.07490475]), array([-0.02216173]))","(array([0.07341869]), array([-0.02144048]))","(array([0.07502983]), array([-0.02037585]))","(array([0.07994809]), array([-0.01906252]))","(array([0.0930644]), array([-0.01781576]))","(array([0.10624751]), array([-0.01698872]))","(array([0.11443548]), array([-0.01663155]))","(array([0.11869459]), array([-0.01682534]))","(array([0.12246041]), array([-0.01764652]))","(array([0.12195596]), array([-0.0191551]))","(array([0.11975967]), array([-0.02062981]))","(array([0.12631457]), array([-0.02205334]))","(array([0.14213495]), array([-0.0238489]))","(array([0.14455425]), array([-0.02630592]))"
(0.47862336723528554+0j),[-0.12961407],[1.],[-0.60416544],[1.],"(array([0.17365168]), array([0.08368072]))","(array([0.07490554]), array([-0.02216168]))","(array([0.07341948]), array([-0.02144055]))","(array([0.07503066]), array([-0.02037619]))","(array([0.07994887]), array([-0.01906304]))","(array([0.09306498]), array([-0.01781628]))","(array([0.106248]), array([-0.01698903]))","(array([0.114436]), array([-0.01663165]))","(array([0.11869527]), array([-0.0168253]))","(array([0.12246147]), array([-0.01764643]))","(array([0.12195733]), array([-0.01915498]))","(array([0.11976126]), array([-0.02062967]))","(array([0.12631639]), array([-0.0220533]))","(array([0.14213623]), array([-0.02384916]))","(array([0.14455491]), array([-0.02630649]))","(array([0.13878467]), array([-0.02836057]))"
(0.4814935510423607+0j),[-0.13515157],[1.],[-0.5734863],[1.],"(array([0.16712087]), array([0.07774022]))","(array([0.07342001]), array([-0.02144037]))","(array([0.07503129]), array([-0.02037601]))","(array([0.07994946]), array([-0.01906296]))","(array([0.09306556]), array([-0.01781638]))","(array([0.10624863]), array([-0.01698925]))","(array([0.11443658]), array([-0.01663183]))","(array([0.11869575]), array([-0.01682548]))","(array([0.12246202]), array([-0.01764672]))","(array([0.12195807]), array([-0.0191554]))","(array([0.1197622]), array([-0.02063015]))","(array([0.12631763]), array([-0.02205384]))","(array([0.14213763]), array([-0.02384969]))","(array([0.14455593]), array([-0.02630699]))","(array([0.13878538]), array([-0.02836122]))","(array([0.13264399]), array([-0.02990871]))"
(0.5325697158231528+0j),[-0.13888708],[1.],[-0.5318514],[1.],"(array([0.16268821]), array([0.07129815]))","(array([0.07503197]), array([-0.02037607]))","(array([0.07995012]), array([-0.01906299]))","(array([0.09306621]), array([-0.01781651]))","(array([0.10624932]), array([-0.0169895]))","(array([0.11443723]), array([-0.01663202]))","(array([0.11869631]), array([-0.0168256]))","(array([0.12246262]), array([-0.01764689]))","(array([0.12195877]), array([-0.01915567]))","(array([0.11976301]), array([-0.02063047]))","(array([0.12631866]), array([-0.02205426]))","(array([0.14213909]), array([-0.02385019]))","(array([0.14455751]), array([-0.02630748]))","(array([0.13878655]), array([-0.02836177]))","(array([0.13264471]), array([-0.02990939]))","(array([0.12498518]), array([-0.03094355]))"
(0.5196985144160088+0j),[-0.1410756],[1.],[-0.4904743],[1.],"(array([0.15991841]), array([0.06339548]))","(array([0.07995153]), array([-0.01906329]))","(array([0.09306769]), array([-0.01781701]))","(array([0.10625079]), array([-0.01699013]))","(array([0.11443871]), array([-0.0166324]))","(array([0.11869773]), array([-0.01682577]))","(array([0.12246396]), array([-0.01764704]))","(array([0.12196007]), array([-0.01915579]))","(array([0.11976426]), array([-0.02063066]))","(array([0.12631991]), array([-0.02205458]))","(array([0.14214064]), array([-0.02385063]))","(array([0.14455939]), array([-0.02630797]))","(array([0.13878808]), array([-0.02836238]))","(array([0.13264563]), array([-0.02991031]))","(array([0.1249855]), array([-0.03094496]))","(array([0.11500995]), array([-0.03162996]))"
(0.5168359256113921+0j),[-0.14213625],[1.],[-0.45262356],[1.],"(array([0.16068431]), array([0.05679306]))","(array([0.09306906]), array([-0.01781735]))","(array([0.10625219]), array([-0.01699065]))","(array([0.11444022]), array([-0.01663308]))","(array([0.1186994]), array([-0.01682658]))","(array([0.12246566]), array([-0.01764804]))","(array([0.12196186]), array([-0.01915678]))","(array([0.11976605]), array([-0.02063171]))","(array([0.12632164]), array([-0.02205573]))","(array([0.14214223]), array([-0.02385188]))","(array([0.14456085]), array([-0.02630926]))","(array([0.13878931]), array([-0.02836362]))","(array([0.13264654]), array([-0.02991159]))","(array([0.1249861]), array([-0.03094651]))","(array([0.11501046]), array([-0.03163169]))","(array([0.10608437]), array([-0.03199446]))"
(0.5716367375115351+0j),[-0.14369262],[1.],[-0.37671755],[1.],"(array([0.16802204]), array([0.04745267]))","(array([0.10625398]), array([-0.0169908]))","(array([0.1144421]), array([-0.01663364]))","(array([0.1187015]), array([-0.01682748]))","(array([0.12246796]), array([-0.017649]))","(array([0.1219644]), array([-0.01915773]))","(array([0.11976853]), array([-0.02063266]))","(array([0.12632394]), array([-0.02205672]))","(array([0.14214426]), array([-0.02385339]))","(array([0.14456273]), array([-0.02631152]))","(array([0.13879118]), array([-0.02836625]))","(array([0.13264823]), array([-0.02991438]))","(array([0.12498716]), array([-0.0309491]))","(array([0.11501106]), array([-0.03163396]))","(array([0.10608493]), array([-0.03199665]))","(array([0.09405619]), array([-0.03228785]))"
(0.5951820269376508+0j),[-0.14515848],[1.],[-0.2634677],[1.],"(array([0.1705304]), array([0.02902605]))","(array([0.11444511]), array([-0.01663533]))","(array([0.11870461]), array([-0.0168288]))","(array([0.12247126]), array([-0.0176492]))","(array([0.12196814]), array([-0.01915706]))","(array([0.11977214]), array([-0.02063184]))","(array([0.12632711]), array([-0.02205615]))","(array([0.14214647]), array([-0.02385342]))","(array([0.14456418]), array([-0.02631237]))","(array([0.13879252]), array([-0.02836782]))","(array([0.13264977]), array([-0.02991674]))","(array([0.12498915]), array([-0.03095213]))","(array([0.11501331]), array([-0.03163721]))","(array([0.10608687]), array([-0.03199946]))","(array([0.09405745]), array([-0.03228978]))","(array([0.07205046]), array([-0.03266644]))"
(0.5855627677650213+0j),[-0.1440491],[1.],[-0.14955265],[1.],"(array([0.16563433]), array([0.00656147]))","(array([0.11870782]), array([-0.01682966]))","(array([0.12247485]), array([-0.01764955]))","(array([0.12197223]), array([-0.01915654]))","(array([0.11977634]), array([-0.02063133]))","(array([0.12633152]), array([-0.02205617]))","(array([0.1421509]), array([-0.02385384]))","(array([0.14456785]), array([-0.02631305]))","(array([0.13879508]), array([-0.02836869]))","(array([0.13265188]), array([-0.02991811]))","(array([0.12499147]), array([-0.0309543]))","(array([0.11501645]), array([-0.03164003]))","(array([0.10609024]), array([-0.03200251]))","(array([0.09405994]), array([-0.03229279]))","(array([0.07205116]), array([-0.03266899]))","(array([0.04574958]), array([-0.03274142]))"
(0.5503323884280227+0j),[-0.13816763],[1.],[-0.06695735],[1.],"(array([0.15789929]), array([-0.01287064]))","(array([0.12247996]), array([-0.0176504]))","(array([0.12197806]), array([-0.01915703]))","(array([0.11978198]), array([-0.02063167]))","(array([0.12633729]), array([-0.02205699]))","(array([0.14215728]), array([-0.02385548]))","(array([0.1445738]), array([-0.02631505]))","(array([0.1387997]), array([-0.02837064]))","(array([0.13265528]), array([-0.02992007]))","(array([0.12499405]), array([-0.03095682]))","(array([0.11501919]), array([-0.03164308]))","(array([0.10609354]), array([-0.03200566]))","(array([0.09406439]), array([-0.03229598]))","(array([0.07205472]), array([-0.03267245]))","(array([0.04574958]), array([-0.03274464]))","(array([0.02308967]), array([-0.03196492]))"
(0.4950559200108604+0j),[-0.12860416],[1.],[-0.05653517],[1.],"(array([0.15534822]), array([-0.02103422]))","(array([0.12198586]), array([-0.01915866]))","(array([0.1197902]), array([-0.02063293]))","(array([0.12634522]), array([-0.02205846]))","(array([0.14216545]), array([-0.02385771]))","(array([0.14458283]), array([-0.02631808]))","(array([0.13880785]), array([-0.02837366]))","(array([0.13266154]), array([-0.02992239]))","(array([0.12499785]), array([-0.03095919]))","(array([0.11502142]), array([-0.03164595]))","(array([0.10609505]), array([-0.03200902]))","(array([0.09406665]), array([-0.03229996]))","(array([0.07205992]), array([-0.03267711]))","(array([0.04575457]), array([-0.03274987]))","(array([0.023088]), array([-0.03196845]))","(array([0.01352904]), array([-0.03016159]))"
(0.449315908670572+0j),[-0.11655501],[1.],[-0.06753596],[1.],"(array([0.15262249]), array([-0.02157579]))","(array([0.11979532]), array([-0.02063298]))","(array([0.12635099]), array([-0.02205854]))","(array([0.14217158]), array([-0.02385797]))","(array([0.14458995]), array([-0.02631918]))","(array([0.13881508]), array([-0.02837572]))","(array([0.13266855]), array([-0.02992463]))","(array([0.12500358]), array([-0.03096134]))","(array([0.11502573]), array([-0.03164805]))","(array([0.10609772]), array([-0.03201172]))","(array([0.09406781]), array([-0.03230386]))","(array([0.07206167]), array([-0.03268254]))","(array([0.04575885]), array([-0.03275599]))","(array([0.02309111]), array([-0.031973]))","(array([0.01352857]), array([-0.03016363]))","(array([0.01325515]), array([-0.02773458]))"
(0.40462656086790233+0j),[-0.10231398],[1.],[-0.08080954],[1.],"(array([0.14941719]), array([-0.01880754]))","(array([0.12635594]), array([-0.02205733]))","(array([0.14217786]), array([-0.02385694]))","(array([0.14459701]), array([-0.02631884]))","(array([0.13882205]), array([-0.02837667]))","(array([0.13267559]), array([-0.0299264]))","(array([0.1250097]), array([-0.03096346]))","(array([0.11503001]), array([-0.03165025]))","(array([0.10609945]), array([-0.03201426]))","(array([0.09406644]), array([-0.03230813]))","(array([0.07205852]), array([-0.0326891]))","(array([0.04575775]), array([-0.03276415]))","(array([0.0230936]), array([-0.03198084]))","(array([0.01353143]), array([-0.03016936]))","(array([0.0132558]), array([-0.02773815]))","(array([0.0164086]), array([-0.02473871]))"
(0.36274544410463805+0j),[-0.08691568],[1.],[-0.08998827],[1.],"(array([0.15442399]), array([-0.01621705]))","(array([0.14218503]), array([-0.02385651]))","(array([0.14460511]), array([-0.02631896]))","(array([0.13882951]), array([-0.02837766]))","(array([0.13268285]), array([-0.02992829]))","(array([0.12501631]), array([-0.03096591]))","(array([0.11503454]), array([-0.03165287]))","(array([0.10610136]), array([-0.03201717]))","(array([0.09406415]), array([-0.03231263]))","(array([0.0720527]), array([-0.03269628]))","(array([0.0457526]), array([-0.03277293]))","(array([0.02309341]), array([-0.03199032]))","(array([0.01353434]), array([-0.03017752]))","(array([0.01325807]), array([-0.02774362]))","(array([0.01640959]), array([-0.02474134]))","(array([0.01910383]), array([-0.02138965]))"
(0.3279084639497734+0j),[-0.07063908],[1.],[-0.11729821],[1.],"(array([0.16917858]), array([-0.01273178]))","(array([0.14461018]), array([-0.02631883]))","(array([0.13883399]), array([-0.02837775]))","(array([0.13268673]), array([-0.02992876]))","(array([0.12501969]), array([-0.03096664]))","(array([0.11503719]), array([-0.03165354]))","(array([0.10610274]), array([-0.03201785]))","(array([0.09406334]), array([-0.03231398]))","(array([0.0720492]), array([-0.03269876]))","(array([0.04574791]), array([-0.03277627]))","(array([0.0230899]), array([-0.03199458]))","(array([0.01353208]), array([-0.03018166]))","(array([0.01325625]), array([-0.02774647]))","(array([0.01640798]), array([-0.0247424]))","(array([0.0191022]), array([-0.0213898]))","(array([0.02315195]), array([-0.01783371]))"
(0.3107216453648513+0j),[-0.05302269],[1.],[-0.20043026],[1.],"(array([0.17450377]), array([-0.00259567]))","(array([0.13883754]), array([-0.02837726]))","(array([0.13268974]), array([-0.02992858]))","(array([0.12502166]), array([-0.03096644]))","(array([0.11503851]), array([-0.03165315]))","(array([0.10610325]), array([-0.03201742]))","(array([0.09406239]), array([-0.03231373]))","(array([0.07204617]), array([-0.03269867]))","(array([0.0457434]), array([-0.03277665]))","(array([0.0230859]), array([-0.03199649]))","(array([0.01352909]), array([-0.03018417]))","(array([0.01325388]), array([-0.02774856]))","(array([0.01640608]), array([-0.02474355]))","(array([0.01910017]), array([-0.02139012]))","(array([0.02314961]), array([-0.01783343]))","(array([0.03551689]), array([-0.01403033]))"
(0.2943994577062624+0j),[-0.03430623],[1.],[-0.25289841],[1.],"(array([0.17285811]), array([0.0107542]))","(array([0.13269392]), array([-0.02992966]))","(array([0.12502478]), array([-0.03096798]))","(array([0.11504068]), array([-0.03165475]))","(array([0.10610449]), array([-0.03201887]))","(array([0.09406186]), array([-0.03231518]))","(array([0.07204269]), array([-0.03269949]))","(array([0.04573643]), array([-0.03277588]))","(array([0.02307809]), array([-0.03199528]))","(array([0.01352267]), array([-0.03018331]))","(array([0.01324856]), array([-0.02774871]))","(array([0.01640203]), array([-0.02474465]))","(array([0.01909667]), array([-0.02139114]))","(array([0.02314606]), array([-0.0178338]))","(array([0.03551305]), array([-0.01402942]))","(array([0.05091894]), array([-0.0099045]))"
(0.29332569131869596+0j),[-0.01557291],[1.],[-0.32834936],[1.],"(array([0.17030327]), array([0.0238661]))","(array([0.12502741]), array([-0.03097108]))","(array([0.11504284]), array([-0.03165739]))","(array([0.10610652]), array([-0.03202102]))","(array([0.09406355]), array([-0.03231691]))","(array([0.07204214]), array([-0.03270094]))","(array([0.04573071]), array([-0.03277643]))","(array([0.02307072]), array([-0.03199468]))","(array([0.01351644]), array([-0.03018237]))","(array([0.01324337]), array([-0.02774847]))","(array([0.01639806]), array([-0.02474527]))","(array([0.01909341]), array([-0.02139199]))","(array([0.02314319]), array([-0.01783452]))","(array([0.03551049]), array([-0.01402951]))","(array([0.05091671]), array([-0.00990344]))","(array([0.06541731]), array([-0.0056743]))"
(0.276234902511879+0j),[0.00201331],[1.],[-0.34704735],[1.],"(array([0.16438111]), array([0.03409355]))","(array([0.11504481]), array([-0.03165813]))","(array([0.10610791]), array([-0.03202148]))","(array([0.09406467]), array([-0.03231699]))","(array([0.07204225]), array([-0.03270116]))","(array([0.04572724]), array([-0.03277737]))","(array([0.02306513]), array([-0.03199586]))","(array([0.01351073]), array([-0.03018319]))","(array([0.01323827]), array([-0.02774933]))","(array([0.01639403]), array([-0.02474621]))","(array([0.01909008]), array([-0.0213929]))","(array([0.02314035]), array([-0.0178354]))","(array([0.0355084]), array([-0.01403013]))","(array([0.05091526]), array([-0.00990318]))","(array([0.06541612]), array([-0.00567281]))","(array([0.07604508]), array([-0.00156542]))"
(0.2633967535387635+0j),[0.01765259],[1.],[-0.37060451],[1.],"(array([0.15355328]), array([0.03942129]))","(array([0.10610966]), array([-0.03202037]))","(array([0.09406551]), array([-0.03231587]))","(array([0.07204196]), array([-0.0327004]))","(array([0.04572582]), array([-0.03277752]))","(array([0.0230623]), array([-0.03199664]))","(array([0.01350709]), array([-0.03018376]))","(array([0.01323468]), array([-0.02774994]))","(array([0.01639105]), array([-0.02474683]))","(array([0.01908759]), array([-0.02139352]))","(array([0.02313824]), array([-0.01783611]))","(array([0.0355069]), array([-0.01403096]))","(array([0.05091445]), array([-0.00990367]))","(array([0.06541571]), array([-0.00567217]))","(array([0.07604486]), array([-0.00156361]))","(array([0.08082676]), array([0.00218218]))"
(0.25715841910825354+0j),[0.0315494],[1.],[-0.40376773],[1.],"(array([0.14493404]), array([0.04627802]))","(array([0.09406665]), array([-0.03231426]))","(array([0.07204189]), array([-0.03269946]))","(array([0.04572507]), array([-0.03277732]))","(array([0.02306107]), array([-0.0319968]))","(array([0.01350513]), array([-0.0301838]))","(array([0.0132325]), array([-0.02774991]))","(array([0.01638926]), array([-0.0247467]))","(array([0.01908611]), array([-0.02139331]))","(array([0.02313695]), array([-0.01783597]))","(array([0.03550597]), array([-0.01403104]))","(array([0.050914]), array([-0.00990377]))","(array([0.06541576]), array([-0.00567178]))","(array([0.07604527]), array([-0.00156235]))","(array([0.08082719]), array([0.00218412]))","(array([0.08723993]), array([0.00551471]))"
(0.24762338460658218+0j),[0.04124547],[1.],[-0.42414849],[1.],"(array([0.13359253]), array([0.05255453]))","(array([0.07204203]), array([-0.03269905]))","(array([0.04572409]), array([-0.03277721]))","(array([0.0230601]), array([-0.03199691]))","(array([0.0135038]), array([-0.03018391]))","(array([0.01323088]), array([-0.02774992]))","(array([0.01638789]), array([-0.02474653]))","(array([0.0190849]), array([-0.02139303]))","(array([0.0231359]), array([-0.01783573]))","(array([0.03550529]), array([-0.01403103]))","(array([0.05091378]), array([-0.00990392]))","(array([0.06541606]), array([-0.00567179]))","(array([0.07604607]), array([-0.0015619]))","(array([0.08082821]), array([0.00218529]))","(array([0.08724096]), array([0.0055167]))","(array([0.09329113]), array([0.00817267]))"
(0.23442939497515491+0j),[0.04363855],[1.],[-0.43466282],[1.],"(array([0.1121428]), array([0.05588613]))","(array([0.04572349]), array([-0.03277726]))","(array([0.02305943]), array([-0.03199697]))","(array([0.013503]), array([-0.03018417]))","(array([0.01322983]), array([-0.02775025]))","(array([0.01638679]), array([-0.02474684]))","(array([0.01908376]), array([-0.02139329]))","(array([0.02313487]), array([-0.01783605]))","(array([0.0355046]), array([-0.01403166]))","(array([0.05091358]), array([-0.00990485]))","(array([0.06541637]), array([-0.00567283]))","(array([0.07604678]), array([-0.00156278]))","(array([0.08082914]), array([0.00218486]))","(array([0.08724193]), array([0.00551704]))","(array([0.09329191]), array([0.00817374]))","(array([0.09679689]), array([0.00953122]))"
(0.26015822041011627+0j),[0.0385198],[1.],[-0.52301987],[1.],"(array([0.09177166]), array([0.06548427]))","(array([0.02305892]), array([-0.03199671]))","(array([0.0135024]), array([-0.0301841]))","(array([0.01322922]), array([-0.02775036]))","(array([0.01638616]), array([-0.02474704]))","(array([0.019083]), array([-0.02139345]))","(array([0.02313401]), array([-0.01783622]))","(array([0.03550374]), array([-0.01403204]))","(array([0.05091288]), array([-0.00990549]))","(array([0.06541603]), array([-0.00567367]))","(array([0.07604685]), array([-0.00156363]))","(array([0.08082952]), array([0.00218421]))","(array([0.08724258]), array([0.00551678]))","(array([0.09329266]), array([0.00817403]))","(array([0.09679748]), array([0.00953191]))","(array([0.1081663]), array([0.00921993]))"
(0.2852409199882537+0j),[0.0268072],[1.],[-0.58537982],[1.],"(array([0.07922881]), array([0.08000783]))","(array([0.01350191]), array([-0.03018441]))","(array([0.01322856]), array([-0.02775071]))","(array([0.01638557]), array([-0.02474742]))","(array([0.01908243]), array([-0.02139364]))","(array([0.0231334]), array([-0.0178363]))","(array([0.03550298]), array([-0.01403222]))","(array([0.05091196]), array([-0.00990583]))","(array([0.06541505]), array([-0.0056742]))","(array([0.07604596]), array([-0.00156427]))","(array([0.08082886]), array([0.0021836]))","(array([0.08724227]), array([0.00551628]))","(array([0.09329277]), array([0.00817379]))","(array([0.09679791]), array([0.0095321]))","(array([0.10816677]), array([0.00922064]))","(array([0.12512441]), array([0.00732728]))"
(0.339799288905572+0j),[0.01286924],[1.],[-0.65837472],[1.],"(array([0.07999966]), array([0.09387726]))","(array([0.01322824]), array([-0.0277515]))","(array([0.0163852]), array([-0.0247479]))","(array([0.019082]), array([-0.02139375]))","(array([0.02313297]), array([-0.01783622]))","(array([0.03550259]), array([-0.01403216]))","(array([0.05091154]), array([-0.00990585]))","(array([0.06541451]), array([-0.00567431]))","(array([0.07604535]), array([-0.00156442]))","(array([0.0808283]), array([0.00218346]))","(array([0.0872419]), array([0.0055161]))","(array([0.09329269]), array([0.00817357]))","(array([0.09679815]), array([0.00953191]))","(array([0.1081674]), array([0.00922077]))","(array([0.1251252]), array([0.00732792]))","(array([0.14072077]), array([0.00443456]))"
(0.3879721318050053+0j),[-0.00066395],[1.],[-0.69049959],[1.],"(array([0.08825879]), array([0.10489762]))","(array([0.01638498]), array([-0.02474865]))","(array([0.01908169]), array([-0.02139409]))","(array([0.02313268]), array([-0.01783627]))","(array([0.03550243]), array([-0.01403211]))","(array([0.05091143]), array([-0.00990571]))","(array([0.06541423]), array([-0.00567401]))","(array([0.07604484]), array([-0.00156385]))","(array([0.08082771]), array([0.00218423]))","(array([0.08724142]), array([0.005517]))","(array([0.09329255]), array([0.00817445]))","(array([0.09679852]), array([0.00953266]))","(array([0.1081684]), array([0.00922127]))","(array([0.12512673]), array([0.00732842]))","(array([0.14072219]), array([0.00443561]))","(array([0.15242555]), array([0.0013302]))"
(0.4880046723602106+0j),[-0.01319606],[1.],[-0.70113112],[1.],"(array([0.09685934]), array([0.1113989]))","(array([0.01908149]), array([-0.02139467]))","(array([0.02313259]), array([-0.01783665]))","(array([0.03550258]), array([-0.01403254]))","(array([0.05091178]), array([-0.00990609]))","(array([0.06541457]), array([-0.0056742]))","(array([0.07604513]), array([-0.00156375]))","(array([0.08082786]), array([0.00218466]))","(array([0.08724154]), array([0.00551779]))","(array([0.09329281]), array([0.00817558]))","(array([0.09679909]), array([0.00953391]))","(array([0.10816954]), array([0.00922227]))","(array([0.12512847]), array([0.00732896]))","(array([0.14072417]), array([0.004436]))","(array([0.1524274]), array([0.00133114]))","(array([0.15818615]), array([-0.0016269]))"
(0.5676717263048008+0j),[-0.0224528],[1.],[-0.63637427],[1.],"(array([0.09842722]), array([0.10783792]))","(array([0.02313223]), array([-0.01783725]))","(array([0.03550266]), array([-0.01403329]))","(array([0.05091237]), array([-0.00990697]))","(array([0.06541563]), array([-0.00567502]))","(array([0.07604653]), array([-0.00156436]))","(array([0.08082929]), array([0.0021844]))","(array([0.08724309]), array([0.00551794]))","(array([0.09329456]), array([0.00817618]))","(array([0.09680105]), array([0.00953472]))","(array([0.10817186]), array([0.00922295]))","(array([0.12513125]), array([0.00732929]))","(array([0.14072733]), array([0.0044359]))","(array([0.15243086]), array([0.00133099]))","(array([0.15818997]), array([-0.00162627]))","(array([0.15163245]), array([-0.00410303]))"
(0.6164941056150016+0j),[-0.02803027],[1.],[-0.52694906],[1.],"(array([0.09382799]), array([0.09306177]))","(array([0.03550284]), array([-0.01403377]))","(array([0.05091342]), array([-0.00990757]))","(array([0.06541736]), array([-0.00567579]))","(array([0.07604862]), array([-0.0015651]))","(array([0.08083123]), array([0.00218381]))","(array([0.08724505]), array([0.00551732]))","(array([0.0932967]), array([0.00817537]))","(array([0.09680338]), array([0.00953363]))","(array([0.10817457]), array([0.00922165]))","(array([0.12513458]), array([0.0073278]))","(array([0.14073117]), array([0.00443437]))","(array([0.15243504]), array([0.00132936]))","(array([0.15819434]), array([-0.001628]))","(array([0.15163675]), array([-0.00410431]))","(array([0.1314324]), array([-0.00578153]))"
(0.6557136831497414+0j),[-0.03110261],[1.],[-0.36267159],[1.],"(array([0.09153983]), array([0.06949863]))","(array([0.05091447]), array([-0.00990834]))","(array([0.06541924]), array([-0.00567657]))","(array([0.07605107]), array([-0.00156574]))","(array([0.08083371]), array([0.00218353]))","(array([0.08724758]), array([0.00551725]))","(array([0.09329933]), array([0.00817526]))","(array([0.09680611]), array([0.00953332]))","(array([0.10817759]), array([0.00922081]))","(array([0.12513814]), array([0.00732612]))","(array([0.14073533]), array([0.00443185]))","(array([0.15243992]), array([0.0013263]))","(array([0.15819976]), array([-0.00163107]))","(array([0.15164183]), array([-0.00410698]))","(array([0.13143632]), array([-0.00578345]))","(array([0.10041326]), array([-0.00677789]))"
(0.6379873359268368+0j),[-0.03204541],[1.],[-0.23766391],[1.],"(array([0.09063351]), array([0.04447626]))","(array([0.06542196]), array([-0.00567801]))","(array([0.07605437]), array([-0.00156686]))","(array([0.08083713]), array([0.00218309]))","(array([0.08725122]), array([0.00551735]))","(array([0.09330317]), array([0.0081758]))","(array([0.09680999]), array([0.00953417]))","(array([0.10818148]), array([0.00922131]))","(array([0.12514202]), array([0.00732574]))","(array([0.14073932]), array([0.0044303]))","(array([0.15244435]), array([0.0013237]))","(array([0.15820562]), array([-0.00163394]))","(array([0.15164897]), array([-0.00410967]))","(array([0.13144254]), array([-0.00578585]))","(array([0.10041638]), array([-0.00677988]))","(array([0.06699462]), array([-0.00721523]))"
(0.5968954211248457+0j),[-0.03142897],[1.],[-0.16118601],[1.],"(array([0.09377669]), array([0.0289796]))","(array([0.07605924]), array([-0.00156772]))","(array([0.08084158]), array([0.00218259]))","(array([0.08725546]), array([0.00551719]))","(array([0.09330763]), array([0.00817631]))","(array([0.09681474]), array([0.00953541]))","(array([0.10818639]), array([0.00922256]))","(array([0.12514691]), array([0.00732649]))","(array([0.14074391]), array([0.00443022]))","(array([0.15244858]), array([0.00132275]))","(array([0.15821006]), array([-0.00163571]))","(array([0.15165477]), array([-0.004112]))","(array([0.13144938]), array([-0.00578819]))","(array([0.1004214]), array([-0.00678221]))","(array([0.0669966]), array([-0.00721746]))","(array([0.04421885]), array([-0.00723824]))"
(0.5608489256612681+0j),[-0.0282001],[1.],[-0.07655416],[1.],"(array([0.09474253]), array([0.01715716]))","(array([0.08084598]), array([0.00218285]))","(array([0.08725979]), array([0.00551736]))","(array([0.09331193]), array([0.00817673]))","(array([0.09681912]), array([0.00953639]))","(array([0.10819097]), array([0.00922359]))","(array([0.12515163]), array([0.00732724]))","(array([0.14074826]), array([0.00443053]))","(array([0.15245235]), array([0.00132271]))","(array([0.15821305]), array([-0.0016362]))","(array([0.15165761]), array([-0.00411281]))","(array([0.13145314]), array([-0.00578879]))","(array([0.1004257]), array([-0.00678264]))","(array([0.06699942]), array([-0.00721858]))","(array([0.04421964]), array([-0.00723997]))","(array([0.02559798]), array([-0.00682287]))"
(0.5124256770874632+0j),[-0.02201663],[1.],[-0.04502843],[1.],"(array([0.09209991]), array([0.01024829]))","(array([0.08726571]), array([0.00551789]))","(array([0.09331797]), array([0.00817726]))","(array([0.09682488]), array([0.00953752]))","(array([0.10819684]), array([0.00922484]))","(array([0.125158]), array([0.00732832]))","(array([0.14075458]), array([0.00443123]))","(array([0.15245767]), array([0.00132307]))","(array([0.15821638]), array([-0.00163652]))","(array([0.15165899]), array([-0.00411394]))","(array([0.13145387]), array([-0.00579018]))","(array([0.10042776]), array([-0.00678363]))","(array([0.06700262]), array([-0.00721917]))","(array([0.04422141]), array([-0.00724119]))","(array([0.02559664]), array([-0.00682474]))","(array([0.01264053]), array([-0.00571925]))"
(0.46527601829512866+0j),[-0.01434484],[1.],[-0.04772828],[1.],"(array([0.09563953]), array([0.01177413]))","(array([0.09332432]), array([0.00817881]))","(array([0.09683142]), array([0.00953912]))","(array([0.10820366]), array([0.00922643]))","(array([0.12516577]), array([0.00732962]))","(array([0.14076317]), array([0.00443193]))","(array([0.15246618]), array([0.001323]))","(array([0.15822314]), array([-0.00163755]))","(array([0.15166282]), array([-0.00411578]))","(array([0.13145507]), array([-0.0057925]))","(array([0.10042843]), array([-0.00678566]))","(array([0.06700541]), array([-0.00722027]))","(array([0.04422562]), array([-0.00724193]))","(array([0.02559867]), array([-0.00682612]))","(array([0.01263892]), array([-0.00572052]))","(array([0.00962772]), array([-0.00413164]))"
(0.43034746841677496+0j),[-0.0056418],[1.],[-0.0881777],[1.],"(array([0.10243468]), array([0.01940561]))","(array([0.09683667]), array([0.00954143]))","(array([0.10821023]), array([0.00922821]))","(array([0.12517332]), array([0.0073311]))","(array([0.14077167]), array([0.00443294]))","(array([0.15247541]), array([0.00132322]))","(array([0.15823156]), array([-0.00163828]))","(array([0.15166861]), array([-0.0041175]))","(array([0.13145762]), array([-0.00579525]))","(array([0.10042879]), array([-0.00678922]))","(array([0.06700599]), array([-0.00722376]))","(array([0.0442279]), array([-0.00724482]))","(array([0.02560241]), array([-0.00682868]))","(array([0.01264107]), array([-0.00572286]))","(array([0.00962708]), array([-0.00413274]))","(array([0.01430797]), array([-0.00228244]))"
(0.4061235211807465+0j),[0.0034262],[1.],[-0.14309778],[1.],"(array([0.10968197]), array([0.03126181]))","(array([0.10821706]), array([0.00923058]))","(array([0.12518258]), array([0.00733291]))","(array([0.14078209]), array([0.00443441]))","(array([0.15248689]), array([0.00132401]))","(array([0.15824274]), array([-0.00163828]))","(array([0.15167729]), array([-0.00411841]))","(array([0.13146201]), array([-0.00579723]))","(array([0.10042857]), array([-0.00679236]))","(array([0.06700368]), array([-0.00722772]))","(array([0.04422655]), array([-0.00724887]))","(array([0.02560552]), array([-0.00683246]))","(array([0.01264807]), array([-0.00572624]))","(array([0.00963246]), array([-0.00413526]))","(array([0.01430782]), array([-0.00228279]))","(array([0.02525755]), array([-0.00026721]))"
