Es,Sx,Sxx,Sy,Syy,PQ-10,PQ-9,PQ-8,PQ-7,PQ-6,PQ-5,PQ-4,PQ-3,PQ-2,PQ-1,PQ0
(0.00024727174221946256+0j),[-0.00196419],[1.],[0.03138442],[1.],"(array([0.00354564]), array([-6.6840321e-17]))","(array([0.]), array([0.]))","(array([0.]), array([0.]))","(array([0.]), array([0.]))","(array([0.]), array([0.]))","(array([0.]), array([0.]))","(array([0.]), array([0.]))","(array([0.]), array([0.]))","(array([0.]), array([0.]))","(array([0.]), array([0.]))","(array([0.00177282]), array([-0.00307061]))"
(0.0009394959518165362+0j),[-0.00516019],[1.],[0.0610549],[1.],"(array([0.01044416]), array([-0.00043192]))","(array([-1.21554287e-32]), array([-7.56390314e-34]))","(array([-5.38863858e-55]), array([3.15585362e-41]))","(array([-5.48671899e-40]), array([4.25241848e-42]))","(array([0.]), array([0.]))","(array([0.]), array([0.]))","(array([0.]), array([0.]))","(array([3.21635115e-36]), array([7.67469549e-34]))","(array([-1.48890468e-24]), array([-2.07382115e-26]))","(array([0.00177282]), array([-0.00307061]))","(array([0.00484803]), array([-0.00926087]))"
(0.002007816497329373+0j),[-0.01009896],[1.],[0.0889507],[1.],"(array([0.01696278]), array([-0.00113472]))","(array([-5.44469213e-25]), array([3.53669066e-24]))","(array([4.59258726e-26]), array([-7.14259744e-24]))","(array([-1.31612405e-24]), array([5.36277774e-24]))","(array([5.37066477e-24]), array([1.74427669e-24]))","(array([9.15494278e-25]), array([-1.77417083e-24]))","(array([-5.38048148e-24]), array([-3.53595885e-24]))","(array([-1.41695412e-24]), array([-6.23669427e-26]))","(array([0.00177282]), array([-0.00307061]))","(array([0.00484803]), array([-0.00926087]))","(array([0.00749869]), array([-0.01525756]))"
(0.004110726435576144+0j),[-0.01314711],[1.],[0.12727184],[1.],"(array([0.02441686]), array([-0.00222075]))","(array([-2.78420056e-25]), array([-6.63718057e-24]))","(array([-7.48305584e-25]), array([1.16369574e-26]))","(array([5.28405688e-24]), array([6.63127205e-24]))","(array([-7.56942487e-24]), array([-5.59941796e-23]))","(array([1.65772189e-23]), array([-2.32910664e-23]))","(array([-1.27751107e-24]), array([-1.3645054e-25]))","(array([0.00177282]), array([-0.00307061]))","(array([0.00484803]), array([-0.00926087]))","(array([0.00749869]), array([-0.01525756]))","(array([0.0102852]), array([-0.022256]))"
(0.006796773888465381+0j),[-0.00187462],[1.],[0.16426658],[1.],"(array([0.03282092]), array([-0.00289104]))","(array([-5.64420083e-24]), array([2.08317463e-24]))","(array([1.60562313e-23]), array([7.5090877e-25]))","(array([1.65235994e-22]), array([8.65857461e-23]))","(array([-1.51343738e-23]), array([-2.57600237e-22]))","(array([-7.80751422e-25]), array([-4.36339822e-25]))","(array([0.00177282]), array([-0.00307061]))","(array([0.00484803]), array([-0.00926087]))","(array([0.00749869]), array([-0.01525756]))","(array([0.0102852]), array([-0.022256]))","(array([0.01390675]), array([-0.02986927]))"
(0.009981745470200308+0j),[-0.01599493],[1.],[0.19807],[1.],"(array([0.04092786]), array([-0.00041223]))","(array([3.75268958e-23]), array([-1.15222047e-22]))","(array([1.3663283e-22]), array([-2.17954787e-22]))","(array([1.51051424e-23]), array([4.54350848e-22]))","(array([3.16658621e-22]), array([1.79638258e-21]))","(array([0.00177282]), array([-0.00307061]))","(array([0.00484803]), array([-0.00926087]))","(array([0.00749869]), array([-0.01525756]))","(array([0.0102852]), array([-0.022256]))","(array([0.01390675]), array([-0.02986927]))","(array([0.02010693]), array([-0.03565068]))"
(0.00951332265455714+0j),[-0.00702807],[1.],[0.19382528],[1.],"(array([0.04413094]), array([-0.00351726]))","(array([1.53341148e-22]), array([-1.71749013e-22]))","(array([-2.44116317e-21]), array([4.59919414e-22]))","(array([5.42073209e-22]), array([1.78491192e-21]))","(array([0.00177282]), array([-0.00307061]))","(array([0.00484803]), array([-0.00926087]))","(array([0.00749869]), array([-0.01525756]))","(array([0.0102852]), array([-0.022256]))","(array([0.01390675]), array([-0.02986927]))","(array([0.02010693]), array([-0.03565068]))","(array([0.01901943]), array([-0.03997715]))"
(0.009079700893197833+0j),[0.00401465],[1.],[0.18940169],[1.],"(array([0.04319807]), array([-0.00154546]))","(array([-2.40578977e-21]), array([1.88923546e-22]))","(array([7.51223019e-22]), array([2.51595e-21]))","(array([0.00177282]), array([-0.00307061]))","(array([0.00484803]), array([-0.00926087]))","(array([0.00749869]), array([-0.01525756]))","(array([0.0102852]), array([-0.022256]))","(array([0.01390675]), array([-0.02986927]))","(array([0.02010693]), array([-0.03565068]))","(array([0.01901943]), array([-0.03997715]))","(array([0.02026063]), array([-0.03818336]))"
(0.008677071337673418+0j),[0.00087233],[1.],[0.18516381],[1.],"(array([0.04222583]), array([0.00088282]))","(array([9.81744542e-22]), array([3.62119791e-21]))","(array([0.00177282]), array([-0.00307061]))","(array([0.00484803]), array([-0.00926087]))","(array([0.00749869]), array([-0.01525756]))","(array([0.0102852]), array([-0.022256]))","(array([0.01390675]), array([-0.02986927]))","(array([0.02010693]), array([-0.03565068]))","(array([0.01901943]), array([-0.03997715]))","(array([0.02026063]), array([-0.03818336]))","(array([0.02187746]), array([-0.03612724]))"
(0.008568557559726794+0j),[-0.00493702],[1.],[0.18389772],[1.],"(array([0.04161675]), array([0.00019182]))","(array([0.00177282]), array([-0.00307061]))","(array([0.00484803]), array([-0.00926087]))","(array([0.00749869]), array([-0.01525756]))","(array([0.0102852]), array([-0.022256]))","(array([0.01390675]), array([-0.02986927]))","(array([0.02010693]), array([-0.03565068]))","(array([0.01901943]), array([-0.03997715]))","(array([0.02026063]), array([-0.03818336]))","(array([0.02187746]), array([-0.03612724]))","(array([0.0209745]), array([-0.03594525]))"
(0.008428568775131694+0j),[-0.00017639],[1.],[0.18242163],[1.],"(array([0.04306814]), array([-0.00408134]))","(array([0.00484803]), array([-0.00926087]))","(array([0.00749869]), array([-0.01525756]))","(array([0.0102852]), array([-0.022256]))","(array([0.01390675]), array([-0.02986927]))","(array([0.02010693]), array([-0.03565068]))","(array([0.01901943]), array([-0.03997715]))","(array([0.02026063]), array([-0.03818336]))","(array([0.02187746]), array([-0.03612724]))","(array([0.0209745]), array([-0.03594525]))","(array([0.01977235]), array([-0.03626816]))"
(0.008237789663185658+0j),[0.01162662],[1.],[0.17994417],[1.],"(array([0.04574386]), array([-0.0090733]))","(array([0.00749869]), array([-0.01525756]))","(array([0.0102852]), array([-0.022256]))","(array([0.01390675]), array([-0.02986927]))","(array([0.02010693]), array([-0.03565068]))","(array([0.01901943]), array([-0.03997715]))","(array([0.02026063]), array([-0.03818336]))","(array([0.02187746]), array([-0.03612724]))","(array([0.0209745]), array([-0.03594525]))","(array([0.01977235]), array([-0.03626816]))","(array([0.02061036]), array([-0.03532305]))"
(0.007541104248564775+0j),[0.03084657],[1.],[0.16974262],[1.],"(array([0.0471698]), array([-0.01232715]))","(array([0.0102852]), array([-0.022256]))","(array([0.01390675]), array([-0.02986927]))","(array([0.02010693]), array([-0.03565068]))","(array([0.01901943]), array([-0.03997715]))","(array([0.02026063]), array([-0.03818336]))","(array([0.02187746]), array([-0.03612724]))","(array([0.0209745]), array([-0.03594525]))","(array([0.01977235]), array([-0.03626816]))","(array([0.02061036]), array([-0.03532305]))","(array([0.02237336]), array([-0.03289098]))"
(0.006913945660320956+0j),[0.04058419],[1.],[0.16012814],[1.],"(array([0.04764438]), array([-0.01492614]))","(array([0.01390675]), array([-0.02986927]))","(array([0.02010693]), array([-0.03565068]))","(array([0.01901943]), array([-0.03997715]))","(array([0.02026063]), array([-0.03818336]))","(array([0.02187746]), array([-0.03612724]))","(array([0.0209745]), array([-0.03594525]))","(array([0.01977235]), array([-0.03626816]))","(array([0.02061036]), array([-0.03532305]))","(array([0.02237336]), array([-0.03289098]))","(array([0.02502743]), array([-0.02868907]))"
(0.006345006611647608+0j),[0.05578733],[1.],[0.14808911],[1.],"(array([0.04906208]), array([-0.02020904]))","(array([0.02010693]), array([-0.03565068]))","(array([0.01901943]), array([-0.03997715]))","(array([0.02026063]), array([-0.03818336]))","(array([0.02187746]), array([-0.03612724]))","(array([0.0209745]), array([-0.03594525]))","(array([0.01977235]), array([-0.03626816]))","(array([0.02061036]), array([-0.03532305]))","(array([0.02237336]), array([-0.03289098]))","(array([0.02502743]), array([-0.02868907]))","(array([0.02594367]), array([-0.02561529]))"
(0.009187384851269713+0j),[0.05716716],[1.],[0.18154882],[1.],"(array([0.05714188]), array([-0.02250409]))","(array([0.01901943]), array([-0.03997715]))","(array([0.02026063]), array([-0.03818336]))","(array([0.02187746]), array([-0.03612724]))","(array([0.0209745]), array([-0.03594525]))","(array([0.01977235]), array([-0.03626816]))","(array([0.02061036]), array([-0.03532305]))","(array([0.02237336]), array([-0.03289098]))","(array([0.02502743]), array([-0.02868907]))","(array([0.02594367]), array([-0.02561529]))","(array([0.02990275]), array([-0.02549991]))"
(0.012452757995450186+0j),[0.05469182],[1.],[0.21443332],[1.],"(array([0.06340924]), array([-0.02642446]))","(array([0.02026063]), array([-0.03818336]))","(array([0.02187746]), array([-0.03612724]))","(array([0.0209745]), array([-0.03594525]))","(array([0.01977235]), array([-0.03626816]))","(array([0.02061036]), array([-0.03532305]))","(array([0.02237336]), array([-0.03289098]))","(array([0.02502743]), array([-0.02868907]))","(array([0.02594367]), array([-0.02561529]))","(array([0.02990275]), array([-0.02549991]))","(array([0.03393188]), array([-0.03166636]))"
(0.015975381998948976+0j),[0.04139891],[1.],[0.2467362],[1.],"(array([0.07181864]), array([-0.02522503]))","(array([0.02187746]), array([-0.03612724]))","(array([0.0209745]), array([-0.03594525]))","(array([0.01977235]), array([-0.03626816]))","(array([0.02061036]), array([-0.03532305]))","(array([0.02237336]), array([-0.03289098]))","(array([0.02502743]), array([-0.02868907]))","(array([0.02594367]), array([-0.02561529]))","(array([0.02990275]), array([-0.02549991]))","(array([0.03393188]), array([-0.03166636]))","(array([0.03700125]), array([-0.03817139]))"
(0.01698956836472743+0j),[0.03398602],[1.],[0.25547146],[1.],"(array([0.07826279]), array([-0.02614733]))","(array([0.0209745]), array([-0.03594525]))","(array([0.01977235]), array([-0.03626816]))","(array([0.02061036]), array([-0.03532305]))","(array([0.02237336]), array([-0.03289098]))","(array([0.02502743]), array([-0.02868907]))","(array([0.02594367]), array([-0.02561529]))","(array([0.02990275]), array([-0.02549991]))","(array([0.03393188]), array([-0.03166636]))","(array([0.03700125]), array([-0.03817139]))","(array([0.03683552]), array([-0.04384117]))"
(0.017983538153438474+0j),[0.03575193],[1.],[0.26244751],[1.],"(array([0.07929765]), array([-0.027602]))","(array([0.01977235]), array([-0.03626816]))","(array([0.02061036]), array([-0.03532305]))","(array([0.02237336]), array([-0.03289098]))","(array([0.02502743]), array([-0.02868907]))","(array([0.02594367]), array([-0.02561529]))","(array([0.02990275]), array([-0.02549991]))","(array([0.03393188]), array([-0.03166636]))","(array([0.03700125]), array([-0.03817139]))","(array([0.03683552]), array([-0.04384117]))","(array([0.03638704]), array([-0.04633771]))"
(0.018990513420378892+0j),[0.04406079],[1.],[0.26830534],[1.],"(array([0.0796536]), array([-0.02753069]))","(array([0.02061036]), array([-0.03532305]))","(array([0.02237336]), array([-0.03289098]))","(array([0.02502743]), array([-0.02868907]))","(array([0.02594367]), array([-0.02561529]))","(array([0.02990275]), array([-0.02549991]))","(array([0.03393188]), array([-0.03166636]))","(array([0.03700125]), array([-0.03817139]))","(array([0.03683552]), array([-0.04384117]))","(array([0.03638704]), array([-0.04633771]))","(array([0.0375075]), array([-0.04748995]))"
(0.018721197574265047+0j),[0.03377586],[1.],[0.26767363],[1.],"(array([0.08076292]), array([-0.02478283]))","(array([0.02237336]), array([-0.03289098]))","(array([0.02502743]), array([-0.02868907]))","(array([0.02594367]), array([-0.02561529]))","(array([0.02990275]), array([-0.02549991]))","(array([0.03393188]), array([-0.03166636]))","(array([0.03700125]), array([-0.03817139]))","(array([0.03683552]), array([-0.04384117]))","(array([0.03638704]), array([-0.04633771]))","(array([0.0375075]), array([-0.04748995]))","(array([0.03920437]), array([-0.04682354]))"
(0.018373352962492054+0j),[0.04874228],[1.],[0.26265675],[1.],"(array([0.08234534]), array([-0.02467178]))","(array([0.02502743]), array([-0.02868907]))","(array([0.02594367]), array([-0.02561529]))","(array([0.02990275]), array([-0.02549991]))","(array([0.03393188]), array([-0.03166636]))","(array([0.03700125]), array([-0.03817139]))","(array([0.03683552]), array([-0.04384117]))","(array([0.03638704]), array([-0.04633771]))","(array([0.0375075]), array([-0.04748995]))","(array([0.03920437]), array([-0.04682354]))","(array([0.03710402]), array([-0.04782766]))"
(0.017985149439239616+0j),[0.05124728],[1.],[0.25917605],[1.],"(array([0.08383361]), array([-0.01728128]))","(array([0.02594367]), array([-0.02561529]))","(array([0.02990275]), array([-0.02549991]))","(array([0.03393188]), array([-0.03166636]))","(array([0.03700125]), array([-0.03817139]))","(array([0.03683552]), array([-0.04384117]))","(array([0.03638704]), array([-0.04633771]))","(array([0.0375075]), array([-0.04748995]))","(array([0.03920437]), array([-0.04682354]))","(array([0.03710402]), array([-0.04782766]))","(array([0.03928253]), array([-0.04522375]))"
(0.0166906399359523+0j),[0.04700099],[1.],[0.25008785],[1.],"(array([0.08319614]), array([-0.01373113]))","(array([0.02990275]), array([-0.02549991]))","(array([0.03393188]), array([-0.03166636]))","(array([0.03700125]), array([-0.03817139]))","(array([0.03683552]), array([-0.04384117]))","(array([0.03638704]), array([-0.04633771]))","(array([0.0375075]), array([-0.04748995]))","(array([0.03920437]), array([-0.04682354]))","(array([0.03710402]), array([-0.04782766]))","(array([0.03928253]), array([-0.04522375]))","(array([0.03891822]), array([-0.04364001]))"
(0.015392460236981351+0j),[0.04191003],[1.],[0.24073402],[1.],"(array([0.08506223]), array([-0.01454997]))","(array([0.03393188]), array([-0.03166636]))","(array([0.03700125]), array([-0.03817139]))","(array([0.03683552]), array([-0.04384117]))","(array([0.03638704]), array([-0.04633771]))","(array([0.0375075]), array([-0.04748995]))","(array([0.03920437]), array([-0.04682354]))","(array([0.03710402]), array([-0.04782766]))","(array([0.03928253]), array([-0.04522375]))","(array([0.03891822]), array([-0.04364001]))","(array([0.03706267]), array([-0.04229454]))"
(0.014126509511989923+0j),[0.06716463],[1.],[0.22425622],[1.],"(array([0.0869368]), array([-0.0216816]))","(array([0.03700125]), array([-0.03817139]))","(array([0.03683552]), array([-0.04384117]))","(array([0.03638704]), array([-0.04633771]))","(array([0.0375075]), array([-0.04748995]))","(array([0.03920437]), array([-0.04682354]))","(array([0.03710402]), array([-0.04782766]))","(array([0.03928253]), array([-0.04522375]))","(array([0.03891822]), array([-0.04364001]))","(array([0.03706267]), array([-0.04229454]))","(array([0.03514952]), array([-0.04091123]))"
(0.01764285914845703+0j),[0.07396949],[1.],[0.25087389],[1.],"(array([0.09063615]), array([-0.02247237]))","(array([0.03683552]), array([-0.04384117]))","(array([0.03638704]), array([-0.04633771]))","(array([0.0375075]), array([-0.04748995]))","(array([0.03920437]), array([-0.04682354]))","(array([0.03710402]), array([-0.04782766]))","(array([0.03928253]), array([-0.04522375]))","(array([0.03891822]), array([-0.04364001]))","(array([0.03706267]), array([-0.04229454]))","(array([0.03514952]), array([-0.04091123]))","(array([0.04041319]), array([-0.03859968]))"
(0.021399219335128825+0j),[0.06855282],[1.],[0.27942022],[1.],"(array([0.096292]), array([-0.02651261]))","(array([0.03638704]), array([-0.04633771]))","(array([0.0375075]), array([-0.04748995]))","(array([0.03920437]), array([-0.04682354]))","(array([0.03710402]), array([-0.04782766]))","(array([0.03928253]), array([-0.04522375]))","(array([0.03891822]), array([-0.04364001]))","(array([0.03706267]), array([-0.04229454]))","(array([0.03514952]), array([-0.04091123]))","(array([0.04041319]), array([-0.03859968]))","(array([0.04473522]), array([-0.04282654]))"
(0.025335723097137632+0j),[0.06203214],[1.],[0.30625836],[1.],"(array([0.10209375]), array([-0.03014704]))","(array([0.0375075]), array([-0.04748995]))","(array([0.03920437]), array([-0.04682354]))","(array([0.03710402]), array([-0.04782766]))","(array([0.03928253]), array([-0.04522375]))","(array([0.03891822]), array([-0.04364001]))","(array([0.03706267]), array([-0.04229454]))","(array([0.03514952]), array([-0.04091123]))","(array([0.04041319]), array([-0.03859968]))","(array([0.04473522]), array([-0.04282654]))","(array([0.04687488]), array([-0.04880835]))"
(0.026366790521538532+0j),[0.09432552],[1.],[0.30408904],[1.],"(array([0.10707777]), array([-0.0327114]))","(array([0.03920437]), array([-0.04682354]))","(array([0.03710402]), array([-0.04782766]))","(array([0.03928253]), array([-0.04522375]))","(array([0.03891822]), array([-0.04364001]))","(array([0.03706267]), array([-0.04229454]))","(array([0.03514952]), array([-0.04091123]))","(array([0.04041319]), array([-0.03859968]))","(array([0.04473522]), array([-0.04282654]))","(array([0.04687488]), array([-0.04880835]))","(array([0.04758374]), array([-0.05286035]))"
(0.02737371349412366+0j),[0.09155909],[1.],[0.31079851],[1.],"(array([0.10825046]), array([-0.02496267]))","(array([0.03710402]), array([-0.04782766]))","(array([0.03928253]), array([-0.04522375]))","(array([0.03891822]), array([-0.04364001]))","(array([0.03706267]), array([-0.04229454]))","(array([0.03514952]), array([-0.04091123]))","(array([0.04041319]), array([-0.03859968]))","(array([0.04473522]), array([-0.04282654]))","(array([0.04687488]), array([-0.04880835]))","(array([0.04758374]), array([-0.05286035]))","(array([0.05345512]), array([-0.04886523]))"
(0.02841921045501881+0j),[0.11372707],[1.],[0.30948481],[1.],"(array([0.10766915]), array([-0.02655432]))","(array([0.03928253]), array([-0.04522375]))","(array([0.03891822]), array([-0.04364001]))","(array([0.03706267]), array([-0.04229454]))","(array([0.03514952]), array([-0.04091123]))","(array([0.04041319]), array([-0.03859968]))","(array([0.04473522]), array([-0.04282654]))","(array([0.04687488]), array([-0.04880835]))","(array([0.04758374]), array([-0.05286035]))","(array([0.05345512]), array([-0.04886523]))","(array([0.05370582]), array([-0.05047453]))"
(0.02947935057938147+0j),[0.13734407],[1.],[0.30597651],[1.],"(array([0.10958701]), array([-0.0191419]))","(array([0.03891822]), array([-0.04364001]))","(array([0.03706267]), array([-0.04229454]))","(array([0.03514952]), array([-0.04091123]))","(array([0.04041319]), array([-0.03859968]))","(array([0.04473522]), array([-0.04282654]))","(array([0.04687488]), array([-0.04880835]))","(array([0.04758374]), array([-0.05286035]))","(array([0.05345512]), array([-0.04886523]))","(array([0.05370582]), array([-0.05047453]))","(array([0.05773979]), array([-0.04784455]))"
(0.03050306189919324+0j),[0.10667654],[1.],[0.32359606],[1.],"(array([0.1084536]), array([-0.01240674]))","(array([0.03706267]), array([-0.04229454]))","(array([0.03514952]), array([-0.04091123]))","(array([0.04041319]), array([-0.03859968]))","(array([0.04473522]), array([-0.04282654]))","(array([0.04687488]), array([-0.04880835]))","(array([0.04758374]), array([-0.05286035]))","(array([0.05345512]), array([-0.04886523]))","(array([0.05370582]), array([-0.05047453]))","(array([0.05773979]), array([-0.04784455]))","(array([0.06181649]), array([-0.04460277]))"
(0.031512760116052904+0j),[0.12980669],[1.],[0.3206129],[1.],"(array([0.11051071]), array([-0.0178412]))","(array([0.03514952]), array([-0.04091123]))","(array([0.04041319]), array([-0.03859968]))","(array([0.04473522]), array([-0.04282654]))","(array([0.04687488]), array([-0.04880835]))","(array([0.04758374]), array([-0.05286035]))","(array([0.05345512]), array([-0.04886523]))","(array([0.05370582]), array([-0.05047453]))","(array([0.05773979]), array([-0.04784455]))","(array([0.06181649]), array([-0.04460277]))","(array([0.05790123]), array([-0.05138121]))"
(0.033124214664123214+0j),[0.12879555],[1.],[0.32988295],[1.],"(array([0.10835223]), array([-0.01140861]))","(array([0.04041319]), array([-0.03859968]))","(array([0.04473522]), array([-0.04282654]))","(array([0.04687488]), array([-0.04880835]))","(array([0.04758374]), array([-0.05286035]))","(array([0.05345512]), array([-0.04886523]))","(array([0.05370582]), array([-0.05047453]))","(array([0.05773979]), array([-0.04784455]))","(array([0.06181649]), array([-0.04460277]))","(array([0.05790123]), array([-0.05138121]))","(array([0.06215138]), array([-0.0486441]))"
(0.03445167186925942+0j),[0.11394053],[1.],[0.34221988],[1.],"(array([0.1155205]), array([-0.00937715]))","(array([0.04473522]), array([-0.04282654]))","(array([0.04687488]), array([-0.04880835]))","(array([0.04758374]), array([-0.05286035]))","(array([0.05345512]), array([-0.04886523]))","(array([0.05370582]), array([-0.05047453]))","(array([0.05773979]), array([-0.04784455]))","(array([0.06181649]), array([-0.04460277]))","(array([0.05790123]), array([-0.05138121]))","(array([0.06215138]), array([-0.0486441]))","(array([0.06286111]), array([-0.05043358]))"
(0.03561535787600479+0j),[0.10869711],[1.],[0.34977539],[1.],"(array([0.12244323]), array([-0.01676933]))","(array([0.04687488]), array([-0.04880835]))","(array([0.04758374]), array([-0.05286035]))","(array([0.05345512]), array([-0.04886523]))","(array([0.05370582]), array([-0.05047453]))","(array([0.05773979]), array([-0.04784455]))","(array([0.06181649]), array([-0.04460277]))","(array([0.05790123]), array([-0.05138121]))","(array([0.06215138]), array([-0.0486441]))","(array([0.06286111]), array([-0.05043358]))","(array([0.06142021]), array([-0.05426851]))"
(0.03159312744377215+0j),[0.12164566],[1.],[0.32273421],[1.],"(array([0.12302965]), array([-0.02375668]))","(array([0.04758374]), array([-0.05286035]))","(array([0.05345512]), array([-0.04886523]))","(array([0.05370582]), array([-0.05047453]))","(array([0.05773979]), array([-0.04784455]))","(array([0.06181649]), array([-0.04460277]))","(array([0.05790123]), array([-0.05138121]))","(array([0.06215138]), array([-0.0486441]))","(array([0.06286111]), array([-0.05043358]))","(array([0.06142021]), array([-0.05426851]))","(array([0.05977276]), array([-0.05342613]))"
(0.028154693633693856+0j),[0.13177194],[1.],[0.29762443],[1.],"(array([0.11776991]), array([-0.02485322]))","(array([0.05345512]), array([-0.04886523]))","(array([0.05370582]), array([-0.05047453]))","(array([0.05773979]), array([-0.04784455]))","(array([0.06181649]), array([-0.04460277]))","(array([0.05790123]), array([-0.05138121]))","(array([0.06215138]), array([-0.0486441]))","(array([0.06286111]), array([-0.05043358]))","(array([0.06142021]), array([-0.05426851]))","(array([0.05977276]), array([-0.05342613]))","(array([0.05934798]), array([-0.04677944]))"
(0.0249464434649028+0j),[0.14081236],[1.],[0.27201273],[1.],"(array([0.11797547]), array([-0.01872009]))","(array([0.05370582]), array([-0.05047453]))","(array([0.05773979]), array([-0.04784455]))","(array([0.06181649]), array([-0.04460277]))","(array([0.05790123]), array([-0.05138121]))","(array([0.06215138]), array([-0.0486441]))","(array([0.06286111]), array([-0.05043358]))","(array([0.06142021]), array([-0.05426851]))","(array([0.05977276]), array([-0.05342613]))","(array([0.05934798]), array([-0.04677944]))","(array([0.05836663]), array([-0.0408037]))"
(0.02671835741211293+0j),[0.13533591],[1.],[0.28679653],[1.],"(array([0.11619723]), array([-0.01829896]))","(array([0.05773979]), array([-0.04784455]))","(array([0.06181649]), array([-0.04460277]))","(array([0.05790123]), array([-0.05138121]))","(array([0.06215138]), array([-0.0486441]))","(array([0.06286111]), array([-0.05043358]))","(array([0.06142021]), array([-0.05426851]))","(array([0.05977276]), array([-0.05342613]))","(array([0.05934798]), array([-0.04677944]))","(array([0.05836663]), array([-0.0408037]))","(array([0.05911057]), array([-0.03803137]))"
(0.028283752588054198+0j),[0.15540587],[1.],[0.2869301],[1.],"(array([0.12337287]), array([-0.01694187]))","(array([0.06181649]), array([-0.04460277]))","(array([0.05790123]), array([-0.05138121]))","(array([0.06215138]), array([-0.0486441]))","(array([0.06286111]), array([-0.05043358]))","(array([0.06142021]), array([-0.05426851]))","(array([0.05977276]), array([-0.05342613]))","(array([0.05934798]), array([-0.04677944]))","(array([0.05836663]), array([-0.0408037]))","(array([0.05911057]), array([-0.03803137]))","(array([0.05957905]), array([-0.04138858]))"
(0.02960791162690692+0j),[0.17650487],[1.],[0.28331329],[1.],"(array([0.1273714]), array([-0.00936947]))","(array([0.05790123]), array([-0.05138121]))","(array([0.06215138]), array([-0.0486441]))","(array([0.06286111]), array([-0.05043358]))","(array([0.06142021]), array([-0.05426851]))","(array([0.05977276]), array([-0.05342613]))","(array([0.05934798]), array([-0.04677944]))","(array([0.05836663]), array([-0.0408037]))","(array([0.05911057]), array([-0.03803137]))","(array([0.05957905]), array([-0.04138858]))","(array([0.06329039]), array([-0.03915558]))"
(0.0280622905689171+0j),[0.20022563],[1.],[0.25575613],[1.],"(array([0.12042979]), array([-0.01134538]))","(array([0.06215138]), array([-0.0486441]))","(array([0.06286111]), array([-0.05043358]))","(array([0.06142021]), array([-0.05426851]))","(array([0.05977276]), array([-0.05342613]))","(array([0.05934798]), array([-0.04677944]))","(array([0.05836663]), array([-0.0408037]))","(array([0.05911057]), array([-0.03803137]))","(array([0.05957905]), array([-0.04138858]))","(array([0.06329039]), array([-0.03915558]))","(array([0.06593632]), array([-0.03413341]))"
(0.026591687177217188+0j),[0.21131416],[1.],[0.23499742],[1.],"(array([0.11851917]), array([-0.00345413]))","(array([0.06286111]), array([-0.05043358]))","(array([0.06142021]), array([-0.05426851]))","(array([0.05977276]), array([-0.05342613]))","(array([0.05934798]), array([-0.04677944]))","(array([0.05836663]), array([-0.0408037]))","(array([0.05911057]), array([-0.03803137]))","(array([0.05957905]), array([-0.04138858]))","(array([0.06329039]), array([-0.03915558]))","(array([0.06593632]), array([-0.03413341]))","(array([0.06731956]), array([-0.02622096]))"
(0.025341090931981194+0j),[0.22977947],[1.],[0.20562778],[1.],"(array([0.11464717]), array([-0.00275718]))","(array([0.06142021]), array([-0.05426851]))","(array([0.05977276]), array([-0.05342613]))","(array([0.05934798]), array([-0.04677944]))","(array([0.05836663]), array([-0.0408037]))","(array([0.05911057]), array([-0.03803137]))","(array([0.05957905]), array([-0.04138858]))","(array([0.06329039]), array([-0.03915558]))","(array([0.06593632]), array([-0.03413341]))","(array([0.06731956]), array([-0.02622096]))","(array([0.06718201]), array([-0.02100985]))"
(0.026037800528875943+0j),[0.24872013],[1.],[0.18911443],[1.],"(array([0.10845341]), array([-0.00243576]))","(array([0.05977276]), array([-0.05342613]))","(array([0.05934798]), array([-0.04677944]))","(array([0.05836663]), array([-0.0408037]))","(array([0.05911057]), array([-0.03803137]))","(array([0.05957905]), array([-0.04138858]))","(array([0.06329039]), array([-0.03915558]))","(array([0.06593632]), array([-0.03413341]))","(array([0.06731956]), array([-0.02622096]))","(array([0.06718201]), array([-0.02100985]))","(array([0.06840508]), array([-0.01481557]))"
(0.026663989645854203+0j),[0.25377813],[1.],[0.18824795],[1.],"(array([0.10320824]), array([0.00254626]))","(array([0.05934798]), array([-0.04677944]))","(array([0.05836663]), array([-0.0408037]))","(array([0.05911057]), array([-0.03803137]))","(array([0.05957905]), array([-0.04138858]))","(array([0.06329039]), array([-0.03915558]))","(array([0.06593632]), array([-0.03413341]))","(array([0.06731956]), array([-0.02622096]))","(array([0.06718201]), array([-0.02100985]))","(array([0.06840508]), array([-0.01481557]))","(array([0.07019125]), array([-0.00963003]))"
(0.027066697809411268+0j),[0.25853553],[1.],[0.18534544],[1.],"(array([0.10259975]), array([0.01013603]))","(array([0.05836663]), array([-0.0408037]))","(array([0.05911057]), array([-0.03803137]))","(array([0.05957905]), array([-0.04138858]))","(array([0.06329039]), array([-0.03915558]))","(array([0.06593632]), array([-0.03413341]))","(array([0.06731956]), array([-0.02622096]))","(array([0.06718201]), array([-0.02100985]))","(array([0.06840508]), array([-0.01481557]))","(array([0.07019125]), array([-0.00963003]))","(array([0.07091613]), array([-0.00899941]))"
(0.024992203739663956+0j),[0.25856413],[1.],[0.1622832],[1.],"(array([0.09831257]), array([0.01700946]))","(array([0.05911057]), array([-0.03803137]))","(array([0.05957905]), array([-0.04138858]))","(array([0.06329039]), array([-0.03915558]))","(array([0.06593632]), array([-0.03413341]))","(array([0.06731956]), array([-0.02622096]))","(array([0.06718201]), array([-0.02100985]))","(array([0.06840508]), array([-0.01481557]))","(array([0.07019125]), array([-0.00963003]))","(array([0.07091613]), array([-0.00899941]))","(array([0.07004063]), array([-0.00568763]))"
(0.02310801629606927+0j),[0.25727187],[1.],[0.14057701],[1.],"(array([0.09396673]), array([0.01972602]))","(array([0.05957905]), array([-0.04138858]))","(array([0.06329039]), array([-0.03915558]))","(array([0.06593632]), array([-0.03413341]))","(array([0.06731956]), array([-0.02622096]))","(array([0.06718201]), array([-0.02100985]))","(array([0.06840508]), array([-0.01481557]))","(array([0.07019125]), array([-0.00963003]))","(array([0.07091613]), array([-0.00899941]))","(array([0.07004063]), array([-0.00568763]))","(array([0.06744745]), array([-0.00130763]))"
(0.021574688417724572+0j),[0.25797189],[1.],[0.11625581],[1.],"(array([0.08964824]), array([0.01617426]))","(array([0.06329039]), array([-0.03915558]))","(array([0.06593632]), array([-0.03413341]))","(array([0.06731956]), array([-0.02622096]))","(array([0.06718201]), array([-0.02100985]))","(array([0.06840508]), array([-0.01481557]))","(array([0.07019125]), array([-0.00963003]))","(array([0.07091613]), array([-0.00899941]))","(array([0.07004063]), array([-0.00568763]))","(array([0.06744745]), array([-0.00130763]))","(array([0.06488548]), array([0.00274074]))"
(0.022056434292422877+0j),[0.24260526],[1.],[0.15178632],[1.],"(array([0.09137141]), array([0.01850969]))","(array([0.06593632]), array([-0.03413341]))","(array([0.06731956]), array([-0.02622096]))","(array([0.06718201]), array([-0.02100985]))","(array([0.06840508]), array([-0.01481557]))","(array([0.07019125]), array([-0.00963003]))","(array([0.07091613]), array([-0.00899941]))","(array([0.07004063]), array([-0.00568763]))","(array([0.06744745]), array([-0.00130763]))","(array([0.06488548]), array([0.00274074]))","(array([0.0639801]), array([0.00451375]))"
(0.022625292404918902+0j),[0.23531526],[1.],[0.1694189],[1.],"(array([0.10176321]), array([0.02002442]))","(array([0.06731956]), array([-0.02622096]))","(array([0.06718201]), array([-0.02100985]))","(array([0.06840508]), array([-0.01481557]))","(array([0.07019125]), array([-0.00963003]))","(array([0.07091613]), array([-0.00899941]))","(array([0.07004063]), array([-0.00568763]))","(array([0.06744745]), array([-0.00130763]))","(array([0.06488548]), array([0.00274074]))","(array([0.0639801]), array([0.00451375]))","(array([0.06481551]), array([-0.00394808]))"
(0.023059341465739663+0j),[0.23297008],[1.],[0.17742245],[1.],"(array([0.10699076]), array([0.0261339]))","(array([0.06718201]), array([-0.02100985]))","(array([0.06840508]), array([-0.01481557]))","(array([0.07019125]), array([-0.00963003]))","(array([0.07091613]), array([-0.00899941]))","(array([0.07004063]), array([-0.00568763]))","(array([0.06744745]), array([-0.00130763]))","(array([0.06488548]), array([0.00274074]))","(array([0.0639801]), array([0.00451375]))","(array([0.06481551]), array([-0.00394808]))","(array([0.06517624]), array([-0.00817884]))"
(0.024333392908470017+0j),[0.20588043],[1.],[0.2196152],[1.],"(array([0.10965078]), array([0.03069628]))","(array([0.06840508]), array([-0.01481557]))","(array([0.07019125]), array([-0.00963003]))","(array([0.07091613]), array([-0.00899941]))","(array([0.07004063]), array([-0.00568763]))","(array([0.06744745]), array([-0.00130763]))","(array([0.06488548]), array([0.00274074]))","(array([0.0639801]), array([0.00451375]))","(array([0.06481551]), array([-0.00394808]))","(array([0.06517624]), array([-0.00817884]))","(array([0.06601321]), array([-0.01092598]))"
(0.025883638032221372+0j),[0.18268915],[1.],[0.25135782],[1.],"(array([0.12011777]), array([0.03077761]))","(array([0.07019125]), array([-0.00963003]))","(array([0.07091613]), array([-0.00899941]))","(array([0.07004063]), array([-0.00568763]))","(array([0.06744745]), array([-0.00130763]))","(array([0.06488548]), array([0.00274074]))","(array([0.0639801]), array([0.00451375]))","(array([0.06481551]), array([-0.00394808]))","(array([0.06517624]), array([-0.00817884]))","(array([0.06601321]), array([-0.01092598]))","(array([0.0653412]), array([-0.02198792]))"
(0.027562220944308685+0j),[0.19392214],[1.],[0.25570823],[1.],"(array([0.12883487]), array([0.03073533]))","(array([0.07091613]), array([-0.00899941]))","(array([0.07004063]), array([-0.00568763]))","(array([0.06744745]), array([-0.00130763]))","(array([0.06488548]), array([0.00274074]))","(array([0.0639801]), array([0.00451375]))","(array([0.06481551]), array([-0.00394808]))","(array([0.06517624]), array([-0.00817884]))","(array([0.06601321]), array([-0.01092598]))","(array([0.0653412]), array([-0.02198792]))","(array([0.06427924]), array([-0.03060419]))"
(0.025821139208052613+0j),[0.17389351],[1.],[0.25734857],[1.],"(array([0.12779741]), array([0.03382131]))","(array([0.07004063]), array([-0.00568763]))","(array([0.06744745]), array([-0.00130763]))","(array([0.06488548]), array([0.00274074]))","(array([0.0639801]), array([0.00451375]))","(array([0.06481551]), array([-0.00394808]))","(array([0.06517624]), array([-0.00817884]))","(array([0.06601321]), array([-0.01092598]))","(array([0.0653412]), array([-0.02198792]))","(array([0.06427924]), array([-0.03060419]))","(array([0.06552447]), array([-0.02785027]))"
(0.024193466138644603+0j),[0.16092339],[1.],[0.25404027],[1.],"(array([0.12731191]), array([0.03265165]))","(array([0.06744745]), array([-0.00130763]))","(array([0.06488548]), array([0.00274074]))","(array([0.0639801]), array([0.00451375]))","(array([0.06481551]), array([-0.00394808]))","(array([0.06517624]), array([-0.00817884]))","(array([0.06601321]), array([-0.01092598]))","(array([0.0653412]), array([-0.02198792]))","(array([0.06427924]), array([-0.03060419]))","(array([0.06552447]), array([-0.02785027]))","(array([0.06183843]), array([-0.03042874]))"
(0.02270275025711978+0j),[0.15705516],[1.],[0.24553514],[1.],"(array([0.12406304]), array([0.03407548]))","(array([0.06488548]), array([0.00274074]))","(array([0.0639801]), array([0.00451375]))","(array([0.06481551]), array([-0.00394808]))","(array([0.06517624]), array([-0.00817884]))","(array([0.06601321]), array([-0.01092598]))","(array([0.0653412]), array([-0.02198792]))","(array([0.06427924]), array([-0.03060419]))","(array([0.06552447]), array([-0.02785027]))","(array([0.06183843]), array([-0.03042874]))","(array([0.05895046]), array([-0.03133899]))"
(0.02241787551765223+0j),[0.14304953],[1.],[0.25222991],[1.],"(array([0.12065407]), array([0.0371773]))","(array([0.0639801]), array([0.00451375]))","(array([0.06481551]), array([-0.00394808]))","(array([0.06517624]), array([-0.00817884]))","(array([0.06601321]), array([-0.01092598]))","(array([0.0653412]), array([-0.02198792]))","(array([0.06427924]), array([-0.03060419]))","(array([0.06552447]), array([-0.02785027]))","(array([0.06183843]), array([-0.03042874]))","(array([0.05895046]), array([-0.03133899]))","(array([0.05770724]), array([-0.03107873]))"
(0.022216863482350337+0j),[0.12478434],[1.],[0.26071696],[1.],"(array([0.12124697]), array([0.03583116]))","(array([0.06481551]), array([-0.00394808]))","(array([0.06517624]), array([-0.00817884]))","(array([0.06601321]), array([-0.01092598]))","(array([0.0653412]), array([-0.02198792]))","(array([0.06427924]), array([-0.03060419]))","(array([0.06552447]), array([-0.02785027]))","(array([0.06183843]), array([-0.03042874]))","(array([0.05895046]), array([-0.03133899]))","(array([0.05770724]), array([-0.03107873]))","(array([0.05575511]), array([-0.03393587]))"
(0.02220340957926116+0j),[0.11309018],[1.],[0.26626292],[1.],"(array([0.12392572]), array([0.02356025]))","(array([0.06517624]), array([-0.00817884]))","(array([0.06601321]), array([-0.01092598]))","(array([0.0653412]), array([-0.02198792]))","(array([0.06427924]), array([-0.03060419]))","(array([0.06552447]), array([-0.02785027]))","(array([0.06183843]), array([-0.03042874]))","(array([0.05895046]), array([-0.03133899]))","(array([0.05770724]), array([-0.03107873]))","(array([0.05575511]), array([-0.03393587]))","(array([0.05337802]), array([-0.03743679]))"
(0.019284386264130954+0j),[0.104297],[1.],[0.24862647],[1.],"(array([0.12299689]), array([0.01686445]))","(array([0.06601321]), array([-0.01092598]))","(array([0.0653412]), array([-0.02198792]))","(array([0.06427924]), array([-0.03060419]))","(array([0.06552447]), array([-0.02785027]))","(array([0.06183843]), array([-0.03042874]))","(array([0.05895046]), array([-0.03133899]))","(array([0.05770724]), array([-0.03107873]))","(array([0.05575511]), array([-0.03393587]))","(array([0.05337802]), array([-0.03743679]))","(array([0.05059845]), array([-0.03755251]))"
(0.016706160264286035+0j),[0.09534537],[1.],[0.23214777],[1.],"(array([0.11993026]), array([0.01225722]))","(array([0.0653412]), array([-0.02198792]))","(array([0.06427924]), array([-0.03060419]))","(array([0.06552447]), array([-0.02785027]))","(array([0.06183843]), array([-0.03042874]))","(array([0.05895046]), array([-0.03133899]))","(array([0.05770724]), array([-0.03107873]))","(array([0.05575511]), array([-0.03393587]))","(array([0.05337802]), array([-0.03743679]))","(array([0.05059845]), array([-0.03755251]))","(array([0.04703576]), array([-0.03510194]))"
(0.014561640486925835+0j),[0.09701262],[1.],[0.2132423],[1.],"(array([0.11564469]), array([-0.00049732]))","(array([0.06427924]), array([-0.03060419]))","(array([0.06552447]), array([-0.02785027]))","(array([0.06183843]), array([-0.03042874]))","(array([0.05895046]), array([-0.03133899]))","(array([0.05770724]), array([-0.03107873]))","(array([0.05575511]), array([-0.03393587]))","(array([0.05337802]), array([-0.03743679]))","(array([0.05059845]), array([-0.03755251]))","(array([0.04703576]), array([-0.03510194]))","(array([0.04376315]), array([-0.0328188]))"
(0.01633411200542385+0j),[0.11491999],[1.],[0.22067965],[1.],"(array([0.11406976]), array([-0.00853221]))","(array([0.06552447]), array([-0.02785027]))","(array([0.06183843]), array([-0.03042874]))","(array([0.05895046]), array([-0.03133899]))","(array([0.05770724]), array([-0.03107873]))","(array([0.05575511]), array([-0.03393587]))","(array([0.05337802]), array([-0.03743679]))","(array([0.05059845]), array([-0.03755251]))","(array([0.04703576]), array([-0.03510194]))","(array([0.04376315]), array([-0.0328188]))","(array([0.04401016]), array([-0.03208386]))"
(0.018021187483373797+0j),[0.1188805],[1.],[0.23319971],[1.],"(array([0.11690751]), array([-0.0019102]))","(array([0.06183843]), array([-0.03042874]))","(array([0.05895046]), array([-0.03133899]))","(array([0.05770724]), array([-0.03107873]))","(array([0.05575511]), array([-0.03393587]))","(array([0.05337802]), array([-0.03743679]))","(array([0.05059845]), array([-0.03755251]))","(array([0.04703576]), array([-0.03510194]))","(array([0.04376315]), array([-0.0328188]))","(array([0.04401016]), array([-0.03208386]))","(array([0.04815628]), array([-0.03152898]))"
(0.019855122433869315+0j),[0.13709624],[1.],[0.23832459],[1.],"(array([0.11605202]), array([-0.0035593]))","(array([0.05895046]), array([-0.03133899]))","(array([0.05770724]), array([-0.03107873]))","(array([0.05575511]), array([-0.03393587]))","(array([0.05337802]), array([-0.03743679]))","(array([0.05059845]), array([-0.03755251]))","(array([0.04703576]), array([-0.03510194]))","(array([0.04376315]), array([-0.0328188]))","(array([0.04401016]), array([-0.03208386]))","(array([0.04815628]), array([-0.03152898]))","(array([0.05037642]), array([-0.03351563]))"
(0.019825468362473595+0j),[0.14471754],[1.],[0.23346236],[1.],"(array([0.11266606]), array([-0.00044513]))","(array([0.05770724]), array([-0.03107873]))","(array([0.05575511]), array([-0.03393587]))","(array([0.05337802]), array([-0.03743679]))","(array([0.05059845]), array([-0.03755251]))","(array([0.04703576]), array([-0.03510194]))","(array([0.04376315]), array([-0.0328188]))","(array([0.04401016]), array([-0.03208386]))","(array([0.04815628]), array([-0.03152898]))","(array([0.05037642]), array([-0.03351563]))","(array([0.05361267]), array([-0.03107214]))"
(0.01982605135899771+0j),[0.15274042],[1.],[0.22821164],[1.],"(array([0.11038322]), array([0.0014845]))","(array([0.05575511]), array([-0.03393587]))","(array([0.05337802]), array([-0.03743679]))","(array([0.05059845]), array([-0.03755251]))","(array([0.04703576]), array([-0.03510194]))","(array([0.04376315]), array([-0.0328188]))","(array([0.04401016]), array([-0.03208386]))","(array([0.04815628]), array([-0.03152898]))","(array([0.05037642]), array([-0.03351563]))","(array([0.05361267]), array([-0.03107214]))","(array([0.05453858]), array([-0.02933713]))"
(0.01992461505240895+0j),[0.15830555],[1.],[0.22509986],[1.],"(array([0.10732209]), array([0.00046131]))","(array([0.05337801]), array([-0.03743678]))","(array([0.05059845]), array([-0.03755251]))","(array([0.04703575]), array([-0.03510194]))","(array([0.04376315]), array([-0.0328188]))","(array([0.04401015]), array([-0.03208386]))","(array([0.04815628]), array([-0.03152898]))","(array([0.05037641]), array([-0.03351563]))","(array([0.05361267]), array([-0.03107214]))","(array([0.05453858]), array([-0.02933713]))","(array([0.05557232]), array([-0.02745973]))"
(0.02045628514299873+0j),[0.15530805],[1.],[0.23145698],[1.],"(array([0.10461525]), array([-0.00173081]))","(array([0.05059844]), array([-0.0375525]))","(array([0.04703574]), array([-0.03510193]))","(array([0.04376313]), array([-0.03281879]))","(array([0.04401014]), array([-0.03208386]))","(array([0.04815627]), array([-0.03152898]))","(array([0.0503764]), array([-0.03351563]))","(array([0.05361266]), array([-0.03107214]))","(array([0.05453857]), array([-0.02933713]))","(array([0.05557231]), array([-0.02745973]))","(array([0.0565409]), array([-0.02651978]))"
(0.02104745606409904+0j),[0.15996577],[1.],[0.23299516],[1.],"(array([0.10329757]), array([-0.00250519]))","(array([0.04703572]), array([-0.03510191]))","(array([0.04376311]), array([-0.03281878]))","(array([0.04401012]), array([-0.03208384]))","(array([0.04815624]), array([-0.03152897]))","(array([0.05037638]), array([-0.03351562]))","(array([0.05361263]), array([-0.03107214]))","(array([0.05453854]), array([-0.02933714]))","(array([0.05557229]), array([-0.02745974]))","(array([0.05654087]), array([-0.02651979]))","(array([0.05670142]), array([-0.02811517]))"
(0.02166212076575833+0j),[0.1626266],[1.],[0.23599439],[1.],"(array([0.10015691]), array([0.00090677]))","(array([0.04376307]), array([-0.03281875]))","(array([0.04401008]), array([-0.03208382]))","(array([0.0481562]), array([-0.03152896]))","(array([0.05037634]), array([-0.03351561]))","(array([0.05361259]), array([-0.03107214]))","(array([0.0545385]), array([-0.02933714]))","(array([0.05557225]), array([-0.02745975]))","(array([0.05654084]), array([-0.0265198]))","(array([0.05670138]), array([-0.02811518]))","(array([0.05774502]), array([-0.02800001]))"
(0.020325763654059935+0j),[0.15003318],[1.],[0.23332583],[1.],"(array([0.09580194]), array([0.00371855]))","(array([0.04401004]), array([-0.0320838]))","(array([0.04815616]), array([-0.03152894]))","(array([0.0503763]), array([-0.03351561]))","(array([0.05361256]), array([-0.03107214]))","(array([0.05453847]), array([-0.02933714]))","(array([0.05557222]), array([-0.02745975]))","(array([0.05654081]), array([-0.02651981]))","(array([0.05670135]), array([-0.02811519]))","(array([0.05774499]), array([-0.02800003]))","(array([0.05766166]), array([-0.02679837]))"
(0.019049732176739533+0j),[0.15673019],[1.],[0.21787677],[1.],"(array([0.09545732]), array([0.0016699]))","(array([0.04815612]), array([-0.03152893]))","(array([0.05037626]), array([-0.0335156]))","(array([0.05361252]), array([-0.03107214]))","(array([0.05453843]), array([-0.02933714]))","(array([0.05557218]), array([-0.02745976]))","(array([0.05654077]), array([-0.02651982]))","(array([0.05670132]), array([-0.0281152]))","(array([0.05774496]), array([-0.02800004]))","(array([0.05766163]), array([-0.02679839]))","(array([0.0549552]), array([-0.02767785]))"
(0.017800487357238486+0j),[0.16094394],[1.],[0.20334238],[1.],"(array([0.09610665]), array([0.00368843]))","(array([0.05037623]), array([-0.03351559]))","(array([0.05361248]), array([-0.03107214]))","(array([0.0545384]), array([-0.02933715]))","(array([0.05557215]), array([-0.02745977]))","(array([0.05654074]), array([-0.02651983]))","(array([0.05670129]), array([-0.02811522]))","(array([0.05774493]), array([-0.02800005]))","(array([0.05766161]), array([-0.02679841]))","(array([0.05495517]), array([-0.02767786]))","(array([0.0544744]), array([-0.02391773]))"
(0.01677828990194544+0j),[0.16328791],[1.],[0.19155235],[1.],"(array([0.09519814]), array([0.00268118]))","(array([0.05361244]), array([-0.03107213]))","(array([0.05453836]), array([-0.02933715]))","(array([0.05557211]), array([-0.02745977]))","(array([0.0565407]), array([-0.02651984]))","(array([0.05670125]), array([-0.02811523]))","(array([0.0577449]), array([-0.02800007]))","(array([0.05766157]), array([-0.02679842]))","(array([0.05495514]), array([-0.02767788]))","(array([0.05447437]), array([-0.02391775]))","(array([0.05375828]), array([-0.02071857]))"
(0.015743457018438194+0j),[0.15722691],[1.],[0.1863078],[1.],"(array([0.09576414]), array([0.00558304]))","(array([0.05453832]), array([-0.02933714]))","(array([0.05557207]), array([-0.02745977]))","(array([0.05654067]), array([-0.02651985]))","(array([0.05670122]), array([-0.02811523]))","(array([0.05774487]), array([-0.02800008]))","(array([0.05766154]), array([-0.02679844]))","(array([0.05495511]), array([-0.02767789]))","(array([0.05447434]), array([-0.02391777]))","(array([0.05375826]), array([-0.02071859]))","(array([0.05282017]), array([-0.01817689]))"
(0.014735864837813535+0j),[0.1338158],[1.],[0.19421946],[1.],"(array([0.0955156]), array([0.00594454]))","(array([0.05557203]), array([-0.02745977]))","(array([0.05654063]), array([-0.02651985]))","(array([0.05670118]), array([-0.02811524]))","(array([0.05774483]), array([-0.02800009]))","(array([0.05766151]), array([-0.02679845]))","(array([0.05495508]), array([-0.02767791]))","(array([0.05447431]), array([-0.02391778]))","(array([0.05375823]), array([-0.02071861]))","(array([0.05282014]), array([-0.01817691]))","(array([0.0510435]), array([-0.01784656]))"
(0.013153443864973437+0j),[0.14450091],[1.],[0.16954435],[1.],"(array([0.09761131]), array([0.00262998]))","(array([0.05654059]), array([-0.02651985]))","(array([0.05670114]), array([-0.02811525]))","(array([0.05774479]), array([-0.0280001]))","(array([0.05766147]), array([-0.02679846]))","(array([0.05495505]), array([-0.02767792]))","(array([0.05447428]), array([-0.0239178]))","(array([0.0537582]), array([-0.02071862]))","(array([0.05282011]), array([-0.01817693]))","(array([0.05104347]), array([-0.01784658]))","(array([0.04707815]), array([-0.02136224]))"
(0.01179767906015292+0j),[0.14255946],[1.],[0.1554434],[1.],"(array([0.09313024]), array([0.00589942]))","(array([0.0567011]), array([-0.02811525]))","(array([0.05774475]), array([-0.02800011]))","(array([0.05766143]), array([-0.02679847]))","(array([0.05495501]), array([-0.02767793]))","(array([0.05447424]), array([-0.02391782]))","(array([0.05375817]), array([-0.02071864]))","(array([0.05282008]), array([-0.01817695]))","(array([0.05104344]), array([-0.0178466]))","(array([0.04707812]), array([-0.02136226]))","(array([0.04637076]), array([-0.01547796]))"
(0.010634397975306771+0j),[0.12714226],[1.],[0.15464921],[1.],"(array([0.09018571]), array([0.00391917]))","(array([0.05774468]), array([-0.02800012]))","(array([0.05766136]), array([-0.02679849]))","(array([0.05495494]), array([-0.02767795]))","(array([0.05447418]), array([-0.02391784]))","(array([0.05375811]), array([-0.02071867]))","(array([0.05282003]), array([-0.01817698]))","(array([0.05104339]), array([-0.01784663]))","(array([0.04707807]), array([-0.02136229]))","(array([0.04637072]), array([-0.015478]))","(array([0.04448497]), array([-0.01298138]))"
(0.011009394829828583+0j),[0.13150087],[1.],[0.15624286],[1.],"(array([0.0932186]), array([0.00064274]))","(array([0.05766124]), array([-0.0267985]))","(array([0.05495482]), array([-0.02767796]))","(array([0.05447406]), array([-0.02391786]))","(array([0.053758]), array([-0.02071871]))","(array([0.05281992]), array([-0.01817703]))","(array([0.05104329]), array([-0.01784668]))","(array([0.04707797]), array([-0.02136233]))","(array([0.04637063]), array([-0.01547805]))","(array([0.04448489]), array([-0.01298143]))","(array([0.04254246]), array([-0.0164]))"
(0.011357916838991063+0j),[0.12565713],[1.],[0.16553082],[1.],"(array([0.09348633]), array([0.00277146]))","(array([0.05495462]), array([-0.02767797]))","(array([0.05447387]), array([-0.02391789]))","(array([0.05375781]), array([-0.02071875]))","(array([0.05281975]), array([-0.01817708]))","(array([0.05104312]), array([-0.01784674]))","(array([0.04707781]), array([-0.02136238]))","(array([0.04637049]), array([-0.01547811]))","(array([0.04448475]), array([-0.0129815]))","(array([0.04254233]), array([-0.01640007]))","(array([0.04352099]), array([-0.01624064]))"
(0.011781234479735635+0j),[0.13058038],[1.],[0.1669929],[1.],"(array([0.09288704]), array([0.00062614]))","(array([0.0544736]), array([-0.0239179]))","(array([0.05375755]), array([-0.02071879]))","(array([0.0528195]), array([-0.01817714]))","(array([0.05104289]), array([-0.01784681]))","(array([0.04707758]), array([-0.02136243]))","(array([0.04637028]), array([-0.0154782]))","(array([0.04448456]), array([-0.0129816]))","(array([0.04254215]), array([-0.01640015]))","(array([0.04352082]), array([-0.01624073]))","(array([0.04347842]), array([-0.01869864]))"
(0.012665802480463912+0j),[0.12841281],[1.],[0.17880119],[1.],"(array([0.09339296]), array([0.00537381]))","(array([0.05375725]), array([-0.02071882]))","(array([0.05281921]), array([-0.01817719]))","(array([0.05104261]), array([-0.01784687]))","(array([0.04707732]), array([-0.02136248]))","(array([0.04637003]), array([-0.01547827]))","(array([0.04448433]), array([-0.01298169]))","(array([0.04254193]), array([-0.01640023]))","(array([0.04352062]), array([-0.01624084]))","(array([0.04347824]), array([-0.01869875]))","(array([0.0448272]), array([-0.01905957]))"
(0.013541102944039008+0j),[0.13589538],[1.],[0.18290704],[1.],"(array([0.09528713]), array([0.00801498]))","(array([0.05281888]), array([-0.01817723]))","(array([0.05104229]), array([-0.01784692]))","(array([0.04707701]), array([-0.02136252]))","(array([0.04636974]), array([-0.01547835]))","(array([0.04448406]), array([-0.01298178]))","(array([0.04254167]), array([-0.01640031]))","(array([0.04352039]), array([-0.01624094]))","(array([0.04347802]), array([-0.01869886]))","(array([0.04482701]), array([-0.0190597]))","(array([0.04564932]), array([-0.02159933]))"
(0.014372305451554815+0j),[0.13500114],[1.],[0.19224195],[1.],"(array([0.09527136]), array([0.01213747]))","(array([0.05104194]), array([-0.01784696]))","(array([0.04707667]), array([-0.02136254]))","(array([0.04636943]), array([-0.01547841]))","(array([0.04448376]), array([-0.01298186]))","(array([0.04254138]), array([-0.01640038]))","(array([0.04352013]), array([-0.01624104]))","(array([0.04347777]), array([-0.01869896]))","(array([0.04482679]), array([-0.01905983]))","(array([0.04564913]), array([-0.02159947]))","(array([0.04747975]), array([-0.02160788]))"
(0.014692344653307963+0j),[0.13451107],[1.],[0.19581205],[1.],"(array([0.09497912]), array([0.01226144]))","(array([0.04707631]), array([-0.02136254]))","(array([0.04636909]), array([-0.01547846]))","(array([0.04448345]), array([-0.01298192]))","(array([0.04254108]), array([-0.01640044]))","(array([0.04351985]), array([-0.01624113]))","(array([0.04347751]), array([-0.01869906]))","(array([0.04482656]), array([-0.01905995]))","(array([0.04564891]), array([-0.02159961]))","(array([0.04747957]), array([-0.02160804]))","(array([0.04804343]), array([-0.02299683]))"
(0.01515163113864444+0j),[0.13368791],[1.],[0.20081995],[1.],"(array([0.0918935]), array([0.00872283]))","(array([0.04636875]), array([-0.01547849]))","(array([0.04448312]), array([-0.01298198]))","(array([0.04254077]), array([-0.01640049]))","(array([0.04351956]), array([-0.0162412]))","(array([0.04347725]), array([-0.01869915]))","(array([0.04482631]), array([-0.01906007]))","(array([0.04564869]), array([-0.02159974]))","(array([0.04747937]), array([-0.0216082]))","(array([0.04804326]), array([-0.022997]))","(array([0.04846345]), array([-0.02377047]))"
(0.015531217009177695+0j),[0.14144187],[1.],[0.19915144],[1.],"(array([0.092305]), array([0.01428114]))","(array([0.0444828]), array([-0.01298201]))","(array([0.04254046]), array([-0.01640052]))","(array([0.04351928]), array([-0.01624126]))","(array([0.04347698]), array([-0.01869922]))","(array([0.04482607]), array([-0.01906017]))","(array([0.04564847]), array([-0.02159985]))","(array([0.04747918]), array([-0.02160834]))","(array([0.04804309]), array([-0.02299715]))","(array([0.0484633]), array([-0.02377063]))","(array([0.04874091]), array([-0.02490244]))"
(0.016632673553617455+0j),[0.12455976],[1.],[0.21999552],[1.],"(array([0.09088334]), array([0.01842091]))","(array([0.04254016]), array([-0.01640053]))","(array([0.043519]), array([-0.01624131]))","(array([0.04347672]), array([-0.01869928]))","(array([0.04482583]), array([-0.01906025]))","(array([0.04564825]), array([-0.02159996]))","(array([0.04747898]), array([-0.02160846]))","(array([0.04804291]), array([-0.02299729]))","(array([0.04846315]), array([-0.02377078]))","(array([0.04874077]), array([-0.0249026]))","(array([0.05039617]), array([-0.02448285]))"
(0.017937544698586314+0j),[0.13384223],[1.],[0.22584424],[1.],"(array([0.09356396]), array([0.01137214]))","(array([0.04351871]), array([-0.01624134]))","(array([0.04347645]), array([-0.01869933]))","(array([0.04482558]), array([-0.01906033]))","(array([0.04564802]), array([-0.02160005]))","(array([0.04747878]), array([-0.02160858]))","(array([0.04804273]), array([-0.02299743]))","(array([0.04846298]), array([-0.02377093]))","(array([0.04874062]), array([-0.02490276]))","(array([0.05039605]), array([-0.02448302]))","(array([0.04956389]), array([-0.03030184]))"
(0.019170697206963353+0j),[0.1378235],[1.],[0.23372404],[1.],"(array([0.09579754]), array([0.01356808]))","(array([0.04347611]), array([-0.01869935]))","(array([0.04482526]), array([-0.01906039]))","(array([0.04564772]), array([-0.02160013]))","(array([0.04747851]), array([-0.02160871]))","(array([0.04804249]), array([-0.02299757]))","(array([0.04846276]), array([-0.0237711]))","(array([0.04874042]), array([-0.02490294]))","(array([0.05039588]), array([-0.02448323]))","(array([0.04956373]), array([-0.03030204]))","(array([0.05195531]), array([-0.03037039]))"
(0.02146456667344957+0j),[0.12853658],[1.],[0.25657026],[1.],"(array([0.09838585]), array([0.01204356]))","(array([0.0448248]), array([-0.01906043]))","(array([0.04564729]), array([-0.02160021]))","(array([0.04747811]), array([-0.02160884]))","(array([0.04804212]), array([-0.02299774]))","(array([0.04846242]), array([-0.0237713]))","(array([0.04874011]), array([-0.02490316]))","(array([0.05039561]), array([-0.02448348]))","(array([0.04956347]), array([-0.0303023]))","(array([0.05195509]), array([-0.03037068]))","(array([0.05407924]), array([-0.03218222]))"
(0.0238302056567569+0j),[0.12606009],[1.],[0.27458115],[1.],"(array([0.10470691]), array([0.00964651]))","(array([0.04564666]), array([-0.02160025]))","(array([0.04747753]), array([-0.02160897]))","(array([0.04804157]), array([-0.02299792]))","(array([0.04846192]), array([-0.02377153]))","(array([0.04873965]), array([-0.02490343]))","(array([0.0503952]), array([-0.02448381]))","(array([0.04956308]), array([-0.03030263]))","(array([0.05195475]), array([-0.03037106]))","(array([0.05407895]), array([-0.03218262]))","(array([0.05480231]), array([-0.03750654]))"
(0.026242093329640784+0j),[0.11841368],[1.],[0.29375896],[1.],"(array([0.10944923]), array([0.0066206]))","(array([0.04747677]), array([-0.02160907]))","(array([0.04804086]), array([-0.02299809]))","(array([0.04846126]), array([-0.02377176]))","(array([0.04873903]), array([-0.02490372]))","(array([0.05039464]), array([-0.02448418]))","(array([0.04956254]), array([-0.03030301]))","(array([0.05195428]), array([-0.03037149]))","(array([0.05407854]), array([-0.0321831]))","(array([0.05480193]), array([-0.03750704]))","(array([0.05634165]), array([-0.04114493]))"
(0.027333823893073372+0j),[0.11777445],[1.],[0.30071922],[1.],"(array([0.11453249]), array([0.00492856]))","(array([0.04804007]), array([-0.02299822]))","(array([0.0484605]), array([-0.02377197]))","(array([0.04873832]), array([-0.02490399]))","(array([0.050394]), array([-0.02448454]))","(array([0.04956192]), array([-0.03030338]))","(array([0.05195373]), array([-0.03037194]))","(array([0.05407804]), array([-0.03218359]))","(array([0.05480147]), array([-0.03750755]))","(array([0.05634124]), array([-0.04114546]))","(array([0.05651058]), array([-0.04480386]))"
(0.028390595903480937+0j),[0.12947708],[1.],[0.30228844],[1.],"(array([0.11660555]), array([0.00343096]))","(array([0.04845965]), array([-0.02377213]))","(array([0.04873751]), array([-0.02490423]))","(array([0.05039326]), array([-0.02448488]))","(array([0.04956121]), array([-0.03030374]))","(array([0.05195308]), array([-0.03037238]))","(array([0.05407747]), array([-0.0321841]))","(array([0.05480093]), array([-0.03750808]))","(array([0.05634075]), array([-0.04114602]))","(array([0.05651013]), array([-0.04480443]))","(array([0.05717159]), array([-0.04616561]))"
(0.029385432864953084+0j),[0.11848951],[1.],[0.31255353],[1.],"(array([0.11735347]), array([0.00524735]))","(array([0.0487366]), array([-0.02490443]))","(array([0.05039241]), array([-0.02448521]))","(array([0.0495604]), array([-0.03030408]))","(array([0.05195234]), array([-0.03037283]))","(array([0.05407679]), array([-0.03218462]))","(array([0.0548003]), array([-0.03750862]))","(array([0.05634018]), array([-0.0411466]))","(array([0.0565096]), array([-0.04480503]))","(array([0.05717112]), array([-0.04616623]))","(array([0.05957909]), array([-0.04515484]))"
(0.029011661891221008+0j),[0.12796928],[1.],[0.30626854],[1.],"(array([0.11896059]), array([0.00172511]))","(array([0.05039147]), array([-0.02448549]))","(array([0.04955949]), array([-0.03030439]))","(array([0.05195151]), array([-0.03037325]))","(array([0.05407603]), array([-0.03218512]))","(array([0.05479958]), array([-0.03750916]))","(array([0.05633952]), array([-0.04114718]))","(array([0.05650899]), array([-0.04480564]))","(array([0.05717058]), array([-0.04616686]))","(array([0.05957863]), array([-0.04515551]))","(array([0.05817449]), array([-0.04750179]))"
(0.028592018992946167+0j),[0.13932667],[1.],[0.29844183],[1.],"(array([0.11919476]), array([0.0042194]))","(array([0.04955847]), array([-0.03030467]))","(array([0.05195055]), array([-0.03037366]))","(array([0.05407515]), array([-0.03218563]))","(array([0.05479875]), array([-0.03750971]))","(array([0.05633875]), array([-0.04114779]))","(array([0.05650827]), array([-0.04480627]))","(array([0.05716993]), array([-0.04616752]))","(array([0.05957808]), array([-0.04515622]))","(array([0.05817398]), array([-0.0475025]))","(array([0.05926156]), array([-0.04523375]))"
(0.028309522905027966+0j),[0.14709152],[1.],[0.29268749],[1.],"(array([0.11665893]), array([0.00103803]))","(array([0.0519495]), array([-0.03037403]))","(array([0.05407416]), array([-0.03218611]))","(array([0.05479781]), array([-0.03751024]))","(array([0.05633788]), array([-0.04114838]))","(array([0.05650746]), array([-0.04480689]))","(array([0.0571692]), array([-0.04616819]))","(array([0.05957745]), array([-0.04515695]))","(array([0.05817339]), array([-0.04750323]))","(array([0.05926106]), array([-0.04523451]))","(array([0.06069456]), array([-0.04244023]))"
(0.030089236093816064+0j),[0.16696646],[1.],[0.29327116],[1.],"(array([0.11924273]), array([0.00267705]))","(array([0.05407299]), array([-0.03218658]))","(array([0.0547967]), array([-0.03751077]))","(array([0.05633685]), array([-0.04114899]))","(array([0.05650649]), array([-0.04480755]))","(array([0.05716831]), array([-0.0461689]))","(array([0.05957667]), array([-0.04515774]))","(array([0.05817267]), array([-0.04750403]))","(array([0.05926045]), array([-0.04523535]))","(array([0.06069406]), array([-0.0424411]))","(array([0.0622706]), array([-0.04175302]))"
(0.03172835315735859+0j),[0.16435024],[1.],[0.30473042],[1.],"(array([0.12142951]), array([0.00527534]))","(array([0.05479538]), array([-0.0375113]))","(array([0.05633561]), array([-0.04114961]))","(array([0.05650532]), array([-0.04480822]))","(array([0.05716723]), array([-0.04616965]))","(array([0.05957572]), array([-0.04515858]))","(array([0.05817179]), array([-0.04750489]))","(array([0.05925968]), array([-0.04523626]))","(array([0.06069342]), array([-0.04244207]))","(array([0.06227008]), array([-0.04175402]))","(array([0.06612232]), array([-0.03960248]))"
(0.03341837233277159+0j),[0.173627],[1.],[0.30957247],[1.],"(array([0.12463913]), array([-0.00049944]))","(array([0.05633431]), array([-0.04115015]))","(array([0.0565041]), array([-0.04480883]))","(array([0.0571661]), array([-0.04617034]))","(array([0.05957471]), array([-0.04515938]))","(array([0.05817084]), array([-0.0475057]))","(array([0.05925885]), array([-0.04523715]))","(array([0.06069272]), array([-0.04244302]))","(array([0.06226949]), array([-0.04175501]))","(array([0.06612189]), array([-0.03960351]))","(array([0.06697615]), array([-0.04198152]))"
(0.029178419860099163+0j),[0.20376044],[1.],[0.26153215],[1.],"(array([0.12308087]), array([-0.00200891]))","(array([0.05650298]), array([-0.04480931]))","(array([0.05716506]), array([-0.04617089]))","(array([0.05957377]), array([-0.04516003]))","(array([0.05816996]), array([-0.04750638]))","(array([0.05925808]), array([-0.04523789]))","(array([0.06069205]), array([-0.04244382]))","(array([0.06226893]), array([-0.04175586]))","(array([0.06612146]), array([-0.03960441]))","(array([0.06697579]), array([-0.04198242]))","(array([0.06727154]), array([-0.03823442]))"
(0.025852475951364338+0j),[0.20339362],[1.],[0.23641983],[1.],"(array([0.11267161]), array([0.00105684]))","(array([0.05716408]), array([-0.04617134]))","(array([0.05957287]), array([-0.04516059]))","(array([0.05816912]), array([-0.04750696]))","(array([0.05925733]), array([-0.04523854]))","(array([0.0606914]), array([-0.04244453]))","(array([0.06226837]), array([-0.04175661]))","(array([0.06612103]), array([-0.03960522]))","(array([0.06697543]), array([-0.04198324]))","(array([0.06727126]), array([-0.03823525]))","(array([0.06780642]), array([-0.02571111]))"
(0.023013371424138784+0j),[0.20178509],[1.],[0.21386201],[1.],"(array([0.107787]), array([-0.00034396]))","(array([0.05957195]), array([-0.04516107]))","(array([0.05816825]), array([-0.04750747]))","(array([0.05925655]), array([-0.04523912]))","(array([0.06069072]), array([-0.04244518]))","(array([0.06226777]), array([-0.04175731]))","(array([0.06612055]), array([-0.03960599]))","(array([0.06697502]), array([-0.04198403]))","(array([0.06727094]), array([-0.03823605]))","(array([0.06780624]), array([-0.02571194]))","(array([0.06499996]), array([-0.02092773]))"
(0.021932435665687058+0j),[0.20145338],[1.],[0.20439991],[1.],"(array([0.1067294]), array([0.00029394]))","(array([0.05816719]), array([-0.04750798]))","(array([0.05925558]), array([-0.04523973]))","(array([0.06068986]), array([-0.04244588]))","(array([0.06226701]), array([-0.04175808]))","(array([0.06611993]), array([-0.03960684]))","(array([0.06697447]), array([-0.0419849]))","(array([0.06727049]), array([-0.03823695]))","(array([0.06780596]), array([-0.02571288]))","(array([0.06499975]), array([-0.02092868]))","(array([0.06294488]), array([-0.01811278]))"
(0.021036747230560444+0j),[0.20669387],[1.],[0.19039133],[1.],"(array([0.10327792]), array([-0.00206634]))","(array([0.05925447]), array([-0.0452403]))","(array([0.06068885]), array([-0.04244656]))","(array([0.06226611]), array([-0.04175885]))","(array([0.06611918]), array([-0.03960771]))","(array([0.0669738]), array([-0.04198582]))","(array([0.06726993]), array([-0.03823791]))","(array([0.06780558]), array([-0.0257139]))","(array([0.06499943]), array([-0.02092969]))","(array([0.06294462]), array([-0.0181138]))","(array([0.06190998]), array([-0.01634705]))"
(0.020169403748624855+0j),[0.20101446],[1.],[0.18783426],[1.],"(array([0.1012594]), array([0.00129989]))","(array([0.06068783]), array([-0.04244714]))","(array([0.06226519]), array([-0.04175951]))","(array([0.06611839]), array([-0.0396085]))","(array([0.06697309]), array([-0.04198664]))","(array([0.06726932]), array([-0.03823878]))","(array([0.06780514]), array([-0.02571484]))","(array([0.06499905]), array([-0.02093064]))","(array([0.06294431]), array([-0.01811474]))","(array([0.06190973]), array([-0.016348]))","(array([0.06130841]), array([-0.01310798]))"
(0.022383259339713024+0j),[0.19778035],[1.],[0.21231805],[1.],"(array([0.10555587]), array([0.0027742]))","(array([0.06226427]), array([-0.04176009]))","(array([0.06611759]), array([-0.0396092]))","(array([0.06697236]), array([-0.04198738]))","(array([0.06726869]), array([-0.03823958]))","(array([0.06780466]), array([-0.02571572]))","(array([0.06499864]), array([-0.02093152]))","(array([0.06294395]), array([-0.01811563]))","(array([0.06190943]), array([-0.01634889]))","(array([0.0613082]), array([-0.01310888]))","(array([0.06159777]), array([-0.01624683]))"
(0.02469324178665877+0j),[0.17794694],[1.],[0.24759777],[1.],"(array([0.11245717]), array([0.00272646]))","(array([0.0661168]), array([-0.0396098]))","(array([0.06697164]), array([-0.04198803]))","(array([0.06726806]), array([-0.03824029]))","(array([0.06780417]), array([-0.02571651]))","(array([0.06499819]), array([-0.02093232]))","(array([0.06294356]), array([-0.01811644]))","(array([0.0619091]), array([-0.0163497]))","(array([0.06130794]), array([-0.0131097]))","(array([0.06159755]), array([-0.01624765]))","(array([0.0636238]), array([-0.0212256]))"
(0.027071028248676063+0j),[0.16479373],[1.],[0.27344486],[1.],"(array([0.12395403]), array([0.00045721]))","(array([0.06697093]), array([-0.0419886]))","(array([0.06726742]), array([-0.03824091]))","(array([0.06780365]), array([-0.02571721]))","(array([0.06499773]), array([-0.02093305]))","(array([0.06294315]), array([-0.01811717]))","(array([0.06190874]), array([-0.01635045]))","(array([0.06130766]), array([-0.01311046]))","(array([0.0615973]), array([-0.01624841]))","(array([0.0636236]), array([-0.02122636]))","(array([0.0636185]), array([-0.03005543]))"
(0.02705826957533835+0j),[0.15280537],[1.],[0.28008989],[1.],"(array([0.12855501]), array([-0.0047594]))","(array([0.06726676]), array([-0.03824149]))","(array([0.06780311]), array([-0.02571789]))","(array([0.06499724]), array([-0.02093374]))","(array([0.0629427]), array([-0.01811788]))","(array([0.06190835]), array([-0.01635116]))","(array([0.06130733]), array([-0.0131112]))","(array([0.06159701]), array([-0.01624914]))","(array([0.06362336]), array([-0.0212271]))","(array([0.06361826]), array([-0.03005615]))","(array([0.06303429]), array([-0.03471916]))"
(0.02695735868491981+0j),[0.13852842],[1.],[0.28666739],[1.],"(array([0.13030725]), array([-0.00374233]))","(array([0.0678025]), array([-0.02571858]))","(array([0.06499668]), array([-0.02093445]))","(array([0.06294219]), array([-0.01811861]))","(array([0.0619079]), array([-0.01635191]))","(array([0.06130696]), array([-0.01311197]))","(array([0.06159668]), array([-0.01624992]))","(array([0.06362308]), array([-0.02122788]))","(array([0.06361799]), array([-0.03005691]))","(array([0.06303404]), array([-0.0347199]))","(array([0.06139828]), array([-0.03734543]))"
(0.026628027975021343+0j),[0.13121149],[1.],[0.28797302],[1.],"(array([0.13228472]), array([0.0053328]))","(array([0.06499612]), array([-0.02093513]))","(array([0.06294168]), array([-0.0181193]))","(array([0.06190744]), array([-0.01635262]))","(array([0.06130657]), array([-0.0131127]))","(array([0.06159633]), array([-0.01625065]))","(array([0.06362278]), array([-0.02122863]))","(array([0.0636177]), array([-0.03005764]))","(array([0.06303378]), array([-0.03472061]))","(array([0.06139804]), array([-0.03734611]))","(array([0.05913326]), array([-0.04031776]))"
(0.02802092792836933+0j),[0.13806769],[1.],[0.29389972],[1.],"(array([0.1310621]), array([0.00838808]))","(array([0.06294118]), array([-0.01811989]))","(array([0.06190699]), array([-0.01635323]))","(array([0.06130619]), array([-0.01311334]))","(array([0.06159598]), array([-0.0162513]))","(array([0.06362248]), array([-0.02122928]))","(array([0.0636174]), array([-0.03005828]))","(array([0.06303351]), array([-0.03472124]))","(array([0.0613978]), array([-0.03734672]))","(array([0.05913304]), array([-0.04031834]))","(array([0.0584284]), array([-0.04255339]))"
(0.02939782360358717+0j),[0.12954231],[1.],[0.30633557],[1.],"(array([0.1303556]), array([0.01263988]))","(array([0.06190657]), array([-0.01635374]))","(array([0.06130582]), array([-0.01311388]))","(array([0.06159564]), array([-0.01625184]))","(array([0.06362219]), array([-0.02122984]))","(array([0.06361712]), array([-0.03005882]))","(array([0.06303325]), array([-0.03472177]))","(array([0.06139757]), array([-0.03734724]))","(array([0.05913283]), array([-0.04031884]))","(array([0.05842822]), array([-0.04255388]))","(array([0.06034661]), array([-0.04300287]))"
(0.030792500509076143+0j),[0.1073655],[1.],[0.3229785],[1.],"(array([0.13207502]), array([0.01248718]))","(array([0.06130542]), array([-0.0131144]))","(array([0.06159527]), array([-0.01625237]))","(array([0.06362186]), array([-0.02123039]))","(array([0.0636168]), array([-0.03005935]))","(array([0.06303296]), array([-0.0347223]))","(array([0.0613973]), array([-0.03734775]))","(array([0.05913258]), array([-0.04031933]))","(array([0.05842802]), array([-0.04255436]))","(array([0.06034647]), array([-0.04300335]))","(array([0.06006185]), array([-0.04634736]))"
(0.0292510481504292+0j),[0.1079304],[1.],[0.31372599],[1.],"(array([0.13321491]), array([0.01077266]))","(array([0.06159478]), array([-0.01625297]))","(array([0.06362143]), array([-0.02123102]))","(array([0.06361638]), array([-0.03005997]))","(array([0.06303257]), array([-0.0347229]))","(array([0.06139694]), array([-0.03734834]))","(array([0.05913226]), array([-0.04031991]))","(array([0.05842774]), array([-0.04255492]))","(array([0.06034626]), array([-0.04300391]))","(array([0.06006169]), array([-0.0463479]))","(array([0.05664233]), array([-0.05033207]))"
(0.02785174807257944+0j),[0.10808901],[1.],[0.30524129],[1.],"(array([0.13146604]), array([0.00783836]))","(array([0.0636209]), array([-0.02123167]))","(array([0.06361586]), array([-0.03006061]))","(array([0.0630321]), array([-0.03472354]))","(array([0.0613965]), array([-0.03734896]))","(array([0.05913185]), array([-0.04032051]))","(array([0.05842739]), array([-0.04255551]))","(array([0.060346]), array([-0.0430045]))","(array([0.06006147]), array([-0.04634848]))","(array([0.05664213]), array([-0.05033263]))","(array([0.05580017]), array([-0.04846481]))"
(0.026546703339714744+0j),[0.08818906],[1.],[0.30368988],[1.],"(array([0.13157911]), array([0.00302071]))","(array([0.06361527]), array([-0.03006124]))","(array([0.06303154]), array([-0.03472417]))","(array([0.06139599]), array([-0.03734958]))","(array([0.05913138]), array([-0.04032111]))","(array([0.05842697]), array([-0.04255611]))","(array([0.06034567]), array([-0.04300511]))","(array([0.0600612]), array([-0.04634908]))","(array([0.05664189]), array([-0.0503332]))","(array([0.05579999]), array([-0.04846537]))","(array([0.05498315]), array([-0.04672757]))"
(0.029326848390777895+0j),[0.09215639],[1.],[0.31947429],[1.],"(array([0.133939]), array([-0.00996854]))","(array([0.06303088]), array([-0.03472481]))","(array([0.06139538]), array([-0.03735021]))","(array([0.05913081]), array([-0.04032173]))","(array([0.05842647]), array([-0.04255672]))","(array([0.06034526]), array([-0.04300575]))","(array([0.06006085]), array([-0.04634971]))","(array([0.05664157]), array([-0.05033381]))","(array([0.05579975]), array([-0.04846597]))","(array([0.05498298]), array([-0.04672816]))","(array([0.05256356]), array([-0.0508561]))"
(0.03217327761564753+0j),[0.07858666],[1.],[0.33914682],[1.],"(array([0.13681438]), array([-0.01365073]))","(array([0.06139468]), array([-0.03735081]))","(array([0.05913016]), array([-0.04032232]))","(array([0.05842589]), array([-0.04255732]))","(array([0.06034478]), array([-0.04300638]))","(array([0.06006044]), array([-0.04635034]))","(array([0.0566412]), array([-0.05033442]))","(array([0.05579944]), array([-0.04846658]))","(array([0.05498274]), array([-0.04672875]))","(array([0.05256335]), array([-0.05085667]))","(array([0.05514333]), array([-0.0533617]))"
(0.0350935961532032+0j),[0.07234417],[1.],[0.35599786],[1.],"(array([0.13951826]), array([-0.01920286]))","(array([0.05912947]), array([-0.04032282]))","(array([0.05842527]), array([-0.04255784]))","(array([0.06034426]), array([-0.04300694]))","(array([0.06005998]), array([-0.04635091]))","(array([0.05664077]), array([-0.05033497]))","(array([0.05579909]), array([-0.04846714]))","(array([0.05498246]), array([-0.04672931]))","(array([0.0525631]), array([-0.05085721]))","(array([0.05514314]), array([-0.05336224]))","(array([0.05477919]), array([-0.05858344]))"
(0.03710119543381227+0j),[0.06495025],[1.],[0.36743035],[1.],"(array([0.14042332]), array([-0.02348147]))","(array([0.05842469]), array([-0.04255825]))","(array([0.06034375]), array([-0.04300739]))","(array([0.06005953]), array([-0.04635138]))","(array([0.05664036]), array([-0.05033543]))","(array([0.05579875]), array([-0.04846761]))","(array([0.05498218]), array([-0.04672979]))","(array([0.05256284]), array([-0.05085768]))","(array([0.05514294]), array([-0.05336271]))","(array([0.05477902]), array([-0.0585839]))","(array([0.05523263]), array([-0.06198224]))"
(0.039083271468758125+0j),[0.08419506],[1.],[0.37312134],[1.],"(array([0.1422333]), array([-0.02729222]))","(array([0.06034328]), array([-0.04300776]))","(array([0.06005911]), array([-0.04635176]))","(array([0.05663998]), array([-0.0503358]))","(array([0.05579842]), array([-0.048468]))","(array([0.0549819]), array([-0.04673019]))","(array([0.05256259]), array([-0.05085807]))","(array([0.05514273]), array([-0.05336311]))","(array([0.05477883]), array([-0.05858429]))","(array([0.05523247]), array([-0.06198263]))","(array([0.05512562]), array([-0.06494769]))"
(0.04095863410365597+0j),[0.07469785],[1.],[0.38385042],[1.],"(array([0.14534286]), array([-0.02350086]))","(array([0.06005871]), array([-0.04635206]))","(array([0.0566396]), array([-0.0503361]))","(array([0.0557981]), array([-0.04846832]))","(array([0.05498162]), array([-0.04673053]))","(array([0.05256233]), array([-0.0508584]))","(array([0.05514252]), array([-0.05336345]))","(array([0.05477864]), array([-0.05858462]))","(array([0.05523231]), array([-0.06198296]))","(array([0.05512548]), array([-0.06494803]))","(array([0.05939373]), array([-0.06385861]))"
(0.036578209709704476+0j),[0.07535067],[1.],[0.36175577],[1.],"(array([0.14399191]), array([-0.0288516]))","(array([0.05663924]), array([-0.05033634]))","(array([0.05579777]), array([-0.04846858]))","(array([0.05498134]), array([-0.04673081]))","(array([0.05256207]), array([-0.05085867]))","(array([0.0551423]), array([-0.05336374]))","(array([0.05477844]), array([-0.05858491]))","(array([0.05523213]), array([-0.06198326]))","(array([0.05512533]), array([-0.06494832]))","(array([0.05939362]), array([-0.06385891]))","(array([0.05712284]), array([-0.06393829]))"
(0.032843774778297335+0j),[0.08483926],[1.],[0.33965752],[1.],"(array([0.13579262]), array([-0.03258796]))","(array([0.05579743]), array([-0.04846879]))","(array([0.05498104]), array([-0.04673104]))","(array([0.05256179]), array([-0.05085891]))","(array([0.05514205]), array([-0.053364]))","(array([0.05477822]), array([-0.05858518]))","(array([0.05523193]), array([-0.06198353]))","(array([0.05512515]), array([-0.06494859]))","(array([0.05939348]), array([-0.06385919]))","(array([0.05712271]), array([-0.06393856]))","(array([0.05494759]), array([-0.0596749]))"
(0.029573146369942124+0j),[0.10540318],[1.],[0.31498439],[1.],"(array([0.13011195]), array([-0.02867173]))","(array([0.05498073]), array([-0.04673123]))","(array([0.0525615]), array([-0.0508591]))","(array([0.0551418]), array([-0.05336422]))","(array([0.05477799]), array([-0.0585854]))","(array([0.05523172]), array([-0.06198376]))","(array([0.05512496]), array([-0.06494882]))","(array([0.05939332]), array([-0.06385944]))","(array([0.05712258]), array([-0.06393881]))","(array([0.05494747]), array([-0.05967515]))","(array([0.05430233]), array([-0.05445995]))"
(0.027220525227756812+0j),[0.12561562],[1.],[0.29283077],[1.],"(array([0.12420699]), array([-0.02244822]))","(array([0.05256124]), array([-0.05085924]))","(array([0.05514157]), array([-0.05336438]))","(array([0.05477778]), array([-0.05858557]))","(array([0.05523153]), array([-0.06198394]))","(array([0.05512478]), array([-0.06494901]))","(array([0.05939318]), array([-0.06385964]))","(array([0.05712244]), array([-0.06393902]))","(array([0.05494735]), array([-0.05967536]))","(array([0.05430223]), array([-0.05446016]))","(array([0.05564309]), array([-0.04781036]))"
(0.025345017520184098+0j),[0.11730261],[1.],[0.28415729],[1.],"(array([0.11697433]), array([-0.02202489]))","(array([0.05514135]), array([-0.05336451]))","(array([0.05477757]), array([-0.05858571]))","(array([0.05523134]), array([-0.06198409]))","(array([0.05512461]), array([-0.06494917]))","(array([0.05939303]), array([-0.06385981]))","(array([0.05712231]), array([-0.06393919]))","(array([0.05494724]), array([-0.05967553]))","(array([0.05430213]), array([-0.05446034]))","(array([0.05564301]), array([-0.04781055]))","(array([0.05717803]), array([-0.04136636]))"
(0.023557521323865484+0j),[0.13695496],[1.],[0.26283761],[1.],"(array([0.11758502]), array([-0.02628872]))","(array([0.05477735]), array([-0.05858581]))","(array([0.05523114]), array([-0.06198421]))","(array([0.05512441]), array([-0.0649493]))","(array([0.05939286]), array([-0.06385997]))","(array([0.05712215]), array([-0.06393935]))","(array([0.05494709]), array([-0.05967569]))","(array([0.05430201]), array([-0.0544605]))","(array([0.05564291]), array([-0.04781072]))","(array([0.05717795]), array([-0.04136654]))","(array([0.05467035]), array([-0.04054007]))"
(0.022662885226808687+0j),[0.14608452],[1.],[0.25139684],[1.],"(array([0.11296857]), array([-0.02705393]))","(array([0.05523088]), array([-0.06198431]))","(array([0.05512418]), array([-0.06494942]))","(array([0.05939265]), array([-0.06386011]))","(array([0.05712195]), array([-0.0639395]))","(array([0.05494691]), array([-0.05967585]))","(array([0.05430184]), array([-0.05446067]))","(array([0.05564277]), array([-0.0478109]))","(array([0.05717784]), array([-0.04136673]))","(array([0.05467024]), array([-0.04054026]))","(array([0.05640322]), array([-0.03462933]))"
(0.021943835604080957+0j),[0.16490761],[1.],[0.23387448],[1.],"(array([0.11089506]), array([-0.02835643]))","(array([0.0551239]), array([-0.06494949]))","(array([0.05939239]), array([-0.06386022]))","(array([0.05712171]), array([-0.06393962]))","(array([0.05494668]), array([-0.05967598]))","(array([0.05430163]), array([-0.05446082]))","(array([0.05564259]), array([-0.04781107]))","(array([0.05717769]), array([-0.04136691]))","(array([0.0546701]), array([-0.04054044]))","(array([0.0564031]), array([-0.03462953]))","(array([0.05695488]), array([-0.03139289]))"
(0.021460302446391112+0j),[0.18119245],[1.],[0.21742205],[1.],"(array([0.10693704]), array([-0.02710535]))","(array([0.05939212]), array([-0.0638603]))","(array([0.05712146]), array([-0.06393971]))","(array([0.05494644]), array([-0.05967609]))","(array([0.05430141]), array([-0.05446094]))","(array([0.05564238]), array([-0.04781121]))","(array([0.0571775]), array([-0.04136708]))","(array([0.05466992]), array([-0.04054061]))","(array([0.05640296]), array([-0.03462971]))","(array([0.05695475]), array([-0.03139307]))","(array([0.05868074]), array([-0.02594966]))"
(0.02259702725954125+0j),[0.18064019],[1.],[0.22770364],[1.],"(array([0.1090836]), array([-0.02245936]))","(array([0.05712119]), array([-0.06393977]))","(array([0.05494619]), array([-0.05967616]))","(array([0.05430117]), array([-0.05446103]))","(array([0.05564217]), array([-0.04781133]))","(array([0.05717731]), array([-0.04136722]))","(array([0.05466974]), array([-0.04054076]))","(array([0.05640279]), array([-0.03462987]))","(array([0.0569546]), array([-0.03139325]))","(array([0.05868062]), array([-0.02594984]))","(array([0.06070018]), array([-0.02233383]))"
(0.02376881524610057+0j),[0.18586084],[1.],[0.23320165],[1.],"(array([0.10911998]), array([-0.02266336]))","(array([0.05494593]), array([-0.05967621]))","(array([0.05430092]), array([-0.0544611]))","(array([0.05564194]), array([-0.04781142]))","(array([0.0571771]), array([-0.04136734]))","(array([0.05466953]), array([-0.04054088]))","(array([0.05640261]), array([-0.03463001]))","(array([0.05695444]), array([-0.0313934]))","(array([0.05868047]), array([-0.02595001]))","(array([0.06070006]), array([-0.02233401]))","(array([0.06174597]), array([-0.02439429]))"
(0.024875205630137842+0j),[0.18626085],[1.],[0.24161482],[1.],"(array([0.10819812]), array([-0.01736431]))","(array([0.05430067]), array([-0.05446113]))","(array([0.05564169]), array([-0.04781149]))","(array([0.05717687]), array([-0.04136743]))","(array([0.05466931]), array([-0.04054098]))","(array([0.05640241]), array([-0.03463014]))","(array([0.05695425]), array([-0.03139354]))","(array([0.05868031]), array([-0.02595017]))","(array([0.06069992]), array([-0.02233418]))","(array([0.06174584]), array([-0.02439446]))","(array([0.06326941]), array([-0.02496202]))"
(0.024177246718678234+0j),[0.19251832],[1.],[0.2308431],[1.],"(array([0.10792367]), array([-0.01219422]))","(array([0.05564143]), array([-0.04781153]))","(array([0.05717662]), array([-0.04136751]))","(array([0.05466908]), array([-0.04054106]))","(array([0.05640219]), array([-0.03463024]))","(array([0.05695405]), array([-0.03139366]))","(array([0.05868013]), array([-0.02595031]))","(array([0.06069976]), array([-0.02233434]))","(array([0.06174569]), array([-0.02439462]))","(array([0.06326928]), array([-0.0249622]))","(array([0.06341587]), array([-0.02530566]))"
(0.023374320433920914+0j),[0.20912035],[1.],[0.20864159],[1.],"(array([0.1068657]), array([-0.00433226]))","(array([0.05717637]), array([-0.04136756]))","(array([0.05466883]), array([-0.04054111]))","(array([0.05640196]), array([-0.03463033]))","(array([0.05695383]), array([-0.03139376]))","(array([0.05867993]), array([-0.02595044]))","(array([0.06069958]), array([-0.02233449]))","(array([0.06174553]), array([-0.02439478]))","(array([0.06326913]), array([-0.02496236]))","(array([0.06341573]), array([-0.02530583]))","(array([0.06326644]), array([-0.0226221]))"
(0.022499970781376628+0j),[0.20800626],[1.],[0.20161111],[1.],"(array([0.10348475]), array([0.00560445]))","(array([0.05466858]), array([-0.04054115]))","(array([0.05640173]), array([-0.0346304]))","(array([0.05695361]), array([-0.03139385]))","(array([0.05867973]), array([-0.02595055]))","(array([0.0606994]), array([-0.02233462]))","(array([0.06174535]), array([-0.02439492]))","(array([0.06326897]), array([-0.02496251]))","(array([0.06341558]), array([-0.02530598]))","(array([0.06326631]), array([-0.02262226]))","(array([0.06383329]), array([-0.01661844]))"
(0.021745362418126326+0j),[0.20036526],[1.],[0.20218909],[1.],"(array([0.09951186]), array([0.0061661]))","(array([0.0564015]), array([-0.03463044]))","(array([0.0569534]), array([-0.03139391]))","(array([0.05867953]), array([-0.02595063]))","(array([0.06069921]), array([-0.02233472]))","(array([0.06174518]), array([-0.02439503]))","(array([0.06326881]), array([-0.02496263]))","(array([0.06341544]), array([-0.02530611]))","(array([0.06326618]), array([-0.0226224]))","(array([0.06383319]), array([-0.01661859]))","(array([0.06287143]), array([-0.01548199]))"
(0.020852480523501724+0j),[0.21867014],[1.],[0.17274648],[1.],"(array([0.10133378]), array([0.0102521]))","(array([0.05695319]), array([-0.03139394]))","(array([0.05867933]), array([-0.02595069]))","(array([0.06069903]), array([-0.0223348]))","(array([0.06174501]), array([-0.02439511]))","(array([0.06326865]), array([-0.02496273]))","(array([0.06341529]), array([-0.02530622]))","(array([0.06326604]), array([-0.02262252]))","(array([0.06383307]), array([-0.01661872]))","(array([0.06287133]), array([-0.01548213]))","(array([0.06133568]), array([-0.01647141]))"
(0.019967721418670127+0j),[0.20674451],[1.],[0.17765857],[1.],"(array([0.09540164]), array([0.01743526]))","(array([0.05867913]), array([-0.02595071]))","(array([0.06069884]), array([-0.02233485]))","(array([0.06174483]), array([-0.02439518]))","(array([0.06326848]), array([-0.02496281]))","(array([0.06341513]), array([-0.0253063]))","(array([0.0632659]), array([-0.02262261]))","(array([0.06383295]), array([-0.01661883]))","(array([0.06287122]), array([-0.01548224]))","(array([0.06133558]), array([-0.01647153]))","(array([0.06151165]), array([-0.00888292]))"
(0.018066298153040075+0j),[0.20194144],[1.],[0.16222664],[1.],"(array([0.09699893]), array([0.02012423]))","(array([0.06069866]), array([-0.02233488]))","(array([0.06174465]), array([-0.02439521]))","(array([0.06326832]), array([-0.02496286]))","(array([0.06341497]), array([-0.02530636]))","(array([0.06326575]), array([-0.02262268]))","(array([0.06383281]), array([-0.01661893]))","(array([0.0628711]), array([-0.01548235]))","(array([0.06133546]), array([-0.01647163]))","(array([0.06151156]), array([-0.00888304]))","(array([0.05906207]), array([-0.01014861]))"
(0.016267964532153668+0j),[0.19652242],[1.],[0.14727376],[1.],"(array([0.09557747]), array([0.02259933]))","(array([0.06174448]), array([-0.02439523]))","(array([0.06326815]), array([-0.02496289]))","(array([0.06341481]), array([-0.0253064]))","(array([0.0632656]), array([-0.02262274]))","(array([0.06383268]), array([-0.016619]))","(array([0.06287097]), array([-0.01548243]))","(array([0.06133534]), array([-0.01647171]))","(array([0.06151147]), array([-0.00888314]))","(array([0.05906198]), array([-0.01014872]))","(array([0.05635367]), array([-0.00773899]))"
(0.014713771437432523+0j),[0.18411288],[1.],[0.14339073],[1.],"(array([0.09330967]), array([0.0194026]))","(array([0.06326798]), array([-0.0249629]))","(array([0.06341465]), array([-0.02530642]))","(array([0.06326544]), array([-0.02262277]))","(array([0.06383253]), array([-0.01661905]))","(array([0.06287083]), array([-0.01548249]))","(array([0.06133522]), array([-0.01647178]))","(array([0.06151136]), array([-0.00888323]))","(array([0.05906188]), array([-0.01014881]))","(array([0.05635358]), array([-0.00773909]))","(array([0.05371271]), array([-0.0054375]))"
(0.013716391134028724+0j),[0.18499001],[1.],[0.12868124],[1.],"(array([0.09467068]), array([0.01612398]))","(array([0.0634145]), array([-0.02530641]))","(array([0.0632653]), array([-0.02262278]))","(array([0.0638324]), array([-0.01661908]))","(array([0.06287071]), array([-0.01548253]))","(array([0.06133509]), array([-0.01647182]))","(array([0.06151125]), array([-0.00888329]))","(array([0.05906177]), array([-0.01014887]))","(array([0.05635348]), array([-0.00773916]))","(array([0.05371262]), array([-0.00543757]))","(array([0.05128369]), array([-0.00665224]))"
(0.012836224423972557+0j),[0.18679335],[1.],[0.11240351],[1.],"(array([0.0915808]), array([0.0159836]))","(array([0.06326517]), array([-0.02262276]))","(array([0.06383227]), array([-0.01661909]))","(array([0.06287058]), array([-0.01548254]))","(array([0.06133498]), array([-0.01647185]))","(array([0.06151114]), array([-0.00888333]))","(array([0.05906167]), array([-0.01014892]))","(array([0.05635339]), array([-0.00773921]))","(array([0.05371253]), array([-0.00543763]))","(array([0.05128361]), array([-0.00665229]))","(array([0.0498414]), array([-0.00374785]))"
(0.01200519067110522+0j),[0.18198732],[1.],[0.10639631],[1.],"(array([0.08785752]), array([0.01899843]))","(array([0.06383213]), array([-0.01661908]))","(array([0.06287045]), array([-0.01548255]))","(array([0.06133485]), array([-0.01647185]))","(array([0.06151102]), array([-0.00888337]))","(array([0.05906155]), array([-0.01014895]))","(array([0.05635327]), array([-0.00773925]))","(array([0.05371243]), array([-0.00543768]))","(array([0.05128351]), array([-0.00665234]))","(array([0.0498413]), array([-0.00374791]))","(array([0.04834123]), array([-0.00048715]))"
(0.010839700475822094+0j),[0.176748],[1.],[0.09391534],[1.],"(array([0.08646666]), array([0.02379841]))","(array([0.0628703]), array([-0.01548252]))","(array([0.0613347]), array([-0.01647184]))","(array([0.06151088]), array([-0.00888338]))","(array([0.05906142]), array([-0.01014897]))","(array([0.05635314]), array([-0.00773928]))","(array([0.05371231]), array([-0.00543771]))","(array([0.05128339]), array([-0.00665238]))","(array([0.04984119]), array([-0.00374796]))","(array([0.04834113]), array([-0.00048721]))","(array([0.04631988]), array([0.00060651]))"
(0.009807500319090764+0j),[0.17068595],[1.],[0.08396751],[1.],"(array([0.08278452]), array([0.02375658]))","(array([0.06133454]), array([-0.01647181]))","(array([0.06151072]), array([-0.00888338]))","(array([0.05906126]), array([-0.01014897]))","(array([0.05635299]), array([-0.00773929]))","(array([0.05371216]), array([-0.00543774]))","(array([0.05128325]), array([-0.0066524]))","(array([0.04984107]), array([-0.003748]))","(array([0.04834101]), array([-0.00048726]))","(array([0.04631977]), array([0.00060645]))","(array([0.04393922]), array([0.00237315]))"
(0.008931145822220456+0j),[0.15945635],[1.],[0.08642089],[1.],"(array([0.07909938]), array([0.0214603]))","(array([0.06151053]), array([-0.00888336]))","(array([0.05906108]), array([-0.01014896]))","(array([0.05635282]), array([-0.00773929]))","(array([0.053712]), array([-0.00543775]))","(array([0.05128309]), array([-0.00665242]))","(array([0.04984091]), array([-0.00374803]))","(array([0.04834087]), array([-0.00048731]))","(array([0.04631964]), array([0.0006064]))","(array([0.0439391]), array([0.00237309]))","(array([0.04173264]), array([0.00358107]))"
(0.00851132835920069+0j),[0.1543907],[1.],[0.08720101],[1.],"(array([0.08127316]), array([0.02639277]))","(array([0.05906088]), array([-0.01014893]))","(array([0.05635262]), array([-0.00773928]))","(array([0.0537118]), array([-0.00543775]))","(array([0.0512829]), array([-0.00665242]))","(array([0.04984074]), array([-0.00374805]))","(array([0.0483407]), array([-0.00048735]))","(array([0.04631948]), array([0.00060634]))","(array([0.04393895]), array([0.00237303]))","(array([0.0417325]), array([0.003581]))","(array([0.04043142]), array([0.00052292]))"
(0.008181527468219221+0j),[0.1436464],[1.],[0.09830646],[1.],"(array([0.07905749]), array([0.02404368]))","(array([0.05635239]), array([-0.00773925]))","(array([0.05371158]), array([-0.00543773]))","(array([0.05128269]), array([-0.00665241]))","(array([0.04984053]), array([-0.00374806]))","(array([0.0483405]), array([-0.00048739]))","(array([0.04631929]), array([0.00060629]))","(array([0.04393877]), array([0.00237297]))","(array([0.04173233]), array([0.00358093]))","(array([0.04043126]), array([0.00052286]))","(array([0.03961005]), array([-0.00022149]))"
(0.007901869917798222+0j),[0.13367799],[1.],[0.10715447],[1.],"(array([0.07886001]), array([0.02403014]))","(array([0.05371134]), array([-0.0054377]))","(array([0.05128246]), array([-0.00665238]))","(array([0.0498403]), array([-0.00374806]))","(array([0.04834029]), array([-0.00048741]))","(array([0.04631908]), array([0.00060626]))","(array([0.04393858]), array([0.00237292]))","(array([0.04173215]), array([0.00358087]))","(array([0.04043108]), array([0.0005228]))","(array([0.03960989]), array([-0.00022156]))","(array([0.03876698]), array([-0.00360772]))"
(0.008174614536389221+0j),[0.13024243],[1.],[0.11666114],[1.],"(array([0.07920273]), array([0.02408185]))","(array([0.0512822]), array([-0.00665233]))","(array([0.04984006]), array([-0.00374804]))","(array([0.04834005]), array([-0.00048742]))","(array([0.04631885]), array([0.00060623]))","(array([0.04393836]), array([0.00237288]))","(array([0.04173194]), array([0.00358081]))","(array([0.04043087]), array([0.00052275]))","(array([0.0396097]), array([-0.00022163]))","(array([0.0387668]), array([-0.00360778]))","(array([0.03831045]), array([-0.00731667]))"
(0.00855439715887596+0j),[0.13034975],[1.],[0.12323225],[1.],"(array([0.07892363]), array([0.02214061]))","(array([0.0498398]), array([-0.003748]))","(array([0.04833979]), array([-0.00048741]))","(array([0.0463186]), array([0.00060622]))","(array([0.04393812]), array([0.00237285]))","(array([0.04173171]), array([0.00358077]))","(array([0.04043066]), array([0.00052271]))","(array([0.03960949]), array([-0.00022168]))","(array([0.03876661]), array([-0.00360785]))","(array([0.03831027]), array([-0.00731674]))","(array([0.0387562]), array([-0.00954198]))"
(0.0089358408027169+0j),[0.11927706],[1.],[0.13980673],[1.],"(array([0.07896179]), array([0.02499651]))","(array([0.04833951]), array([-0.00048739]))","(array([0.04631833]), array([0.00060623]))","(array([0.04393786]), array([0.00237283]))","(array([0.04173146]), array([0.00358074]))","(array([0.04043042]), array([0.00052268]))","(array([0.03960927]), array([-0.00022173]))","(array([0.03876639]), array([-0.0036079]))","(array([0.03831007]), array([-0.0073168]))","(array([0.03875601]), array([-0.00954205]))","(array([0.03945456]), array([-0.01084842]))"
(0.008852464793761668+0j),[0.12055974],[1.],[0.13790863],[1.],"(array([0.08032153]), array([0.02574219]))","(array([0.04631802]), array([0.00060625]))","(array([0.04393755]), array([0.00237283]))","(array([0.04173116]), array([0.00358072]))","(array([0.04043013]), array([0.00052266]))","(array([0.039609]), array([-0.00022177]))","(array([0.03876614]), array([-0.00360794]))","(array([0.03830983]), array([-0.00731685]))","(array([0.03875579]), array([-0.00954213]))","(array([0.03945436]), array([-0.01084851]))","(array([0.03870661]), array([-0.01458276]))"
(0.008788376842468668+0j),[0.12525199],[1.],[0.13305297],[1.],"(array([0.07793378]), array([0.02709145]))","(array([0.04393718]), array([0.00237287]))","(array([0.04173081]), array([0.00358073]))","(array([0.04042979]), array([0.00052267]))","(array([0.03960868]), array([-0.0002218]))","(array([0.03876583]), array([-0.00360797]))","(array([0.03830954]), array([-0.00731689]))","(array([0.03875551]), array([-0.00954219]))","(array([0.0394541]), array([-0.01084861]))","(array([0.03870637]), array([-0.01458287]))","(array([0.03874487]), array([-0.01413781]))"
(0.008720131066954129+0j),[0.11949819],[1.],[0.13752801],[1.],"(array([0.07454514]), array([0.02984686]))","(array([0.04173037]), array([0.00358077]))","(array([0.04042937]), array([0.00052271]))","(array([0.03960827]), array([-0.0002218]))","(array([0.03876544]), array([-0.00360798]))","(array([0.03830917]), array([-0.00731692]))","(array([0.03875517]), array([-0.00954225]))","(array([0.03945378]), array([-0.01084871]))","(array([0.03870607]), array([-0.01458298]))","(array([0.0387446]), array([-0.01413795]))","(array([0.03909732]), array([-0.0127707]))"
(0.010311321235870691+0j),[0.11215584],[1.],[0.16407203],[1.],"(array([0.07569107]), array([0.02976007]))","(array([0.04042883]), array([0.0005228]))","(array([0.03960775]), array([-0.00022176]))","(array([0.03876494]), array([-0.00360796]))","(array([0.0383087]), array([-0.00731691]))","(array([0.03875472]), array([-0.0095423]))","(array([0.03945336]), array([-0.01084881]))","(array([0.03870568]), array([-0.01458309]))","(array([0.03874424]), array([-0.01413811]))","(array([0.039097]), array([-0.01277091]))","(array([0.03965249]), array([-0.01632172]))"
(0.012239984060332994+0j),[0.10811073],[1.],[0.18810637],[1.],"(array([0.0802449]), array([0.02516202]))","(array([0.03960708]), array([-0.00022166]))","(array([0.0387643]), array([-0.00360789]))","(array([0.03830809]), array([-0.00731687]))","(array([0.03875414]), array([-0.00954231]))","(array([0.03945282]), array([-0.01084889]))","(array([0.03870516]), array([-0.01458319]))","(array([0.03874376]), array([-0.01413828]))","(array([0.03909657]), array([-0.01277114]))","(array([0.0396521]), array([-0.01632199]))","(array([0.04124643]), array([-0.0221628]))"
(0.014395298911770918+0j),[0.09890542],[1.],[0.21376654],[1.],"(array([0.08471233]), array([0.02354631]))","(array([0.03876353]), array([-0.00360774]))","(array([0.03830735]), array([-0.00731675]))","(array([0.03875343]), array([-0.00954228]))","(array([0.03945214]), array([-0.01084895]))","(array([0.03870451]), array([-0.01458328]))","(array([0.03874316]), array([-0.01413844]))","(array([0.03909603]), array([-0.01277139]))","(array([0.0396516]), array([-0.01632228]))","(array([0.04124597]), array([-0.02216312]))","(array([0.04313654]), array([-0.02717909]))"
(0.017409436188386536+0j),[0.08543382],[1.],[0.24461155],[1.],"(array([0.09005683]), array([0.01821775]))","(array([0.0383065]), array([-0.00731657]))","(array([0.03875261]), array([-0.00954219]))","(array([0.03945135]), array([-0.01084896]))","(array([0.03870376]), array([-0.01458333]))","(array([0.03874246]), array([-0.01413859]))","(array([0.03909539]), array([-0.01277164]))","(array([0.03965101]), array([-0.01632257]))","(array([0.04124542]), array([-0.02216346]))","(array([0.04313604]), array([-0.02717947]))","(array([0.04454832]), array([-0.03350945]))"
(0.020745379115881084+0j),[0.0904454],[1.],[0.26782535],[1.],"(array([0.09636334]), array([0.011635]))","(array([0.03875168]), array([-0.00954203]))","(array([0.03945045]), array([-0.01084892]))","(array([0.0387029]), array([-0.01458333]))","(array([0.03874164]), array([-0.0141387]))","(array([0.03909463]), array([-0.01277187]))","(array([0.0396503]), array([-0.01632287]))","(array([0.04124477]), array([-0.02216381]))","(array([0.04313543]), array([-0.02717987]))","(array([0.04454776]), array([-0.03350987]))","(array([0.04544121]), array([-0.0408039]))"
(0.024198573653418556+0j),[0.09725708],[1.],[0.2890251],[1.],"(array([0.10186989]), array([0.01056341]))","(array([0.03944946]), array([-0.01084882]))","(array([0.03870196]), array([-0.01458327]))","(array([0.03874074]), array([-0.01413877]))","(array([0.03909379]), array([-0.01277208]))","(array([0.03964952]), array([-0.01632315]))","(array([0.04124403]), array([-0.02216414]))","(array([0.04313475]), array([-0.02718026]))","(array([0.04454712]), array([-0.0335103]))","(array([0.0454406]), array([-0.04080434]))","(array([0.04897123]), array([-0.04461026]))"
(0.026651542151288902+0j),[0.08781274],[1.],[0.30731811],[1.],"(array([0.10645266]), array([0.01078396]))","(array([0.03870096]), array([-0.01458316]))","(array([0.03873979]), array([-0.01413879]))","(array([0.03909289]), array([-0.01277226]))","(array([0.03964866]), array([-0.0163234]))","(array([0.04124323]), array([-0.02216446]))","(array([0.043134]), array([-0.02718064]))","(array([0.04454642]), array([-0.03351072]))","(array([0.04543994]), array([-0.04080478]))","(array([0.04897063]), array([-0.04461076]))","(array([0.05223651]), array([-0.04721107]))"
(0.029195175545362467+0j),[0.08062096],[1.],[0.32414813],[1.],"(array([0.10972373]), array([0.00505993]))","(array([0.03873877]), array([-0.01413876]))","(array([0.03909192]), array([-0.01277238]))","(array([0.03964775]), array([-0.01632361]))","(array([0.04124236]), array([-0.02216474]))","(array([0.04313319]), array([-0.027181]))","(array([0.04454566]), array([-0.03351112]))","(array([0.04543921]), array([-0.0408052]))","(array([0.04896997]), array([-0.04461124]))","(array([0.05223592]), array([-0.04721161]))","(array([0.05252318]), array([-0.05168698]))"
(0.03172998094056075+0j),[0.07007958],[1.],[0.3405353],[1.],"(array([0.11344153]), array([0.00391016]))","(array([0.03909083]), array([-0.01277247]))","(array([0.03964671]), array([-0.0163238]))","(array([0.04124138]), array([-0.02216501]))","(array([0.04313227]), array([-0.02718135]))","(array([0.04454478]), array([-0.03351152]))","(array([0.04543838]), array([-0.04080564]))","(array([0.0489692]), array([-0.04461175]))","(array([0.05223524]), array([-0.04721219]))","(array([0.05252254]), array([-0.05168758]))","(array([0.05298268]), array([-0.05567107]))"
(0.03064075494945399+0j),[0.05871501],[1.],[0.33637456],[1.],"(array([0.11517756]), array([0.0029252]))","(array([0.0396455]), array([-0.01632394]))","(array([0.04124022]), array([-0.02216525]))","(array([0.04313118]), array([-0.0271817]))","(array([0.04454375]), array([-0.03351193]))","(array([0.04543739]), array([-0.04080608]))","(array([0.0489683]), array([-0.04461229]))","(array([0.05223441]), array([-0.04721281]))","(array([0.05252177]), array([-0.05168822]))","(array([0.05298197]), array([-0.05567173]))","(array([0.05163861]), array([-0.0580453]))"
(0.029617563610859505+0j),[0.04484039],[1.],[0.33256037],[1.],"(array([0.11480466]), array([-0.00303966]))","(array([0.04123887]), array([-0.02216546]))","(array([0.04312989]), array([-0.02718203]))","(array([0.04454253]), array([-0.03351234]))","(array([0.04543622]), array([-0.04080654]))","(array([0.04896722]), array([-0.04461286]))","(array([0.05223343]), array([-0.04721347]))","(array([0.05252084]), array([-0.05168892]))","(array([0.05298111]), array([-0.05567246]))","(array([0.05163781]), array([-0.05804604]))","(array([0.04908489]), array([-0.05844879]))"
(0.02861588320775807+0j),[0.02519185],[1.],[0.32878718],[1.],"(array([0.1155213]), array([-0.01179085]))","(array([0.04312857]), array([-0.0271823]))","(array([0.04454127]), array([-0.03351269]))","(array([0.04543502]), array([-0.04080694]))","(array([0.04896609]), array([-0.04461338]))","(array([0.0522324]), array([-0.0472141]))","(array([0.05251987]), array([-0.05168958]))","(array([0.0529802]), array([-0.05567316]))","(array([0.05163696]), array([-0.05804675]))","(array([0.04908411]), array([-0.0584495]))","(array([0.0461267]), array([-0.0591443]))"
(0.02715631519068088+0j),[0.04253191],[1.],[0.3183799],[1.],"(array([0.11625196]), array([-0.02100521]))","(array([0.04454017]), array([-0.03351293]))","(array([0.04543396]), array([-0.04080722]))","(array([0.0489651]), array([-0.04461377]))","(array([0.05223148]), array([-0.04721459]))","(array([0.05251901]), array([-0.05169011]))","(array([0.05297939]), array([-0.05567372]))","(array([0.0516362]), array([-0.05804732]))","(array([0.0490834]), array([-0.05845008]))","(array([0.04612604]), array([-0.05914487]))","(array([0.04191192]), array([-0.06023909]))"
(0.025830996569158063+0j),[0.04265956],[1.],[0.31035197],[1.],"(array([0.11534231]), array([-0.02336707]))","(array([0.045433]), array([-0.04080744]))","(array([0.0489642]), array([-0.04461409]))","(array([0.05223064]), array([-0.047215]))","(array([0.05251821]), array([-0.05169055]))","(array([0.05297865]), array([-0.05567419]))","(array([0.05163551]), array([-0.05804781]))","(array([0.04908275]), array([-0.05845058]))","(array([0.04612543]), array([-0.05914537]))","(array([0.04191134]), array([-0.06023956]))","(array([0.0441883]), array([-0.05624431]))"
(0.024612286331935556+0j),[0.05014422],[1.],[0.30167359],[1.],"(array([0.11444856]), array([-0.03045341]))","(array([0.04896332]), array([-0.04461436]))","(array([0.05222982]), array([-0.04721536]))","(array([0.05251743]), array([-0.05169095]))","(array([0.05297792]), array([-0.05567462]))","(array([0.05163482]), array([-0.05804826]))","(array([0.04908211]), array([-0.05845104]))","(array([0.04612483]), array([-0.05914582]))","(array([0.04191077]), array([-0.06024]))","(array([0.0441878]), array([-0.05624478]))","(array([0.04347525]), array([-0.05459294]))"
(0.025485843109327302+0j),[0.08143762],[1.],[0.30037674],[1.],"(array([0.11746343]), array([-0.03251912]))","(array([0.05222902]), array([-0.04721566]))","(array([0.05251667]), array([-0.05169129]))","(array([0.0529772]), array([-0.055675]))","(array([0.05163414]), array([-0.05804866]))","(array([0.04908148]), array([-0.05845144]))","(array([0.04612423]), array([-0.05914623]))","(array([0.0419102]), array([-0.06024039]))","(array([0.04418731]), array([-0.05624522]))","(array([0.0434748]), array([-0.05459338]))","(array([0.04472546]), array([-0.05327586]))"
(0.026325530892985588+0j),[0.08086725],[1.],[0.30575936],[1.],"(array([0.12035929]), array([-0.02817606]))","(array([0.05251592]), array([-0.05169159]))","(array([0.05297649]), array([-0.05567534]))","(array([0.05163347]), array([-0.05804901]))","(array([0.04908084]), array([-0.05845181]))","(array([0.04612364]), array([-0.0591466]))","(array([0.04190964]), array([-0.06024075]))","(array([0.04418682]), array([-0.05624562]))","(array([0.04347435]), array([-0.05459379]))","(array([0.04472507]), array([-0.05327628]))","(array([0.05055454]), array([-0.0494833]))"
(0.027164937990948233+0j),[0.09580537],[1.],[0.30657189],[1.],"(array([0.12181644]), array([-0.0326697]))","(array([0.05297567]), array([-0.05567567]))","(array([0.0516327]), array([-0.05804937]))","(array([0.04908012]), array([-0.05845219]))","(array([0.04612296]), array([-0.05914698]))","(array([0.04190899]), array([-0.06024111]))","(array([0.04418624]), array([-0.05624603]))","(array([0.04347383]), array([-0.05459422]))","(array([0.0447246]), array([-0.05327673]))","(array([0.05055417]), array([-0.04948379]))","(array([0.05112438]), array([-0.05050566]))"
(0.02795012052387403+0j),[0.08414856],[1.],[0.3146031],[1.],"(array([0.12237107]), array([-0.03327329]))","(array([0.05163176]), array([-0.05804973]))","(array([0.04907923]), array([-0.05845257]))","(array([0.04612211]), array([-0.05914738]))","(array([0.04190819]), array([-0.0602415]))","(array([0.04418552]), array([-0.05624649]))","(array([0.04347317]), array([-0.0545947]))","(array([0.04472401]), array([-0.05327723]))","(array([0.05055368]), array([-0.04948436]))","(array([0.05112395]), array([-0.05050623]))","(array([0.05409951]), array([-0.0488977]))"
(0.02873388966330104+0j),[0.08344473],[1.],[0.31930012],[1.],"(array([0.12281941]), array([-0.03815612]))","(array([0.04907809]), array([-0.05845298]))","(array([0.04612104]), array([-0.0591478]))","(array([0.04190716]), array([-0.06024191]))","(array([0.0441846]), array([-0.05624699]))","(array([0.04347231]), array([-0.05459523]))","(array([0.04472323]), array([-0.05327781]))","(array([0.05055304]), array([-0.04948502]))","(array([0.05112337]), array([-0.0505069]))","(array([0.05409902]), array([-0.0488984]))","(array([0.05282312]), array([-0.05170437]))"
(0.029578575460589597+0j),[0.10160406],[1.],[0.3188241],[1.],"(array([0.12135474]), array([-0.038709]))","(array([0.04611981]), array([-0.05914818]))","(array([0.041906]), array([-0.06024229]))","(array([0.04418354]), array([-0.05624748]))","(array([0.04347133]), array([-0.05459576]))","(array([0.04472234]), array([-0.05327839]))","(array([0.05055228]), array([-0.04948571]))","(array([0.05112268]), array([-0.05050761]))","(array([0.05409844]), array([-0.04889914]))","(array([0.05282257]), array([-0.0517051]))","(array([0.05323807]), array([-0.05272237]))"
(0.030618186659168056+0j),[0.10529109],[1.],[0.32345977],[1.],"(array([0.1183874]), array([-0.03539854]))","(array([0.04190478]), array([-0.0602426]))","(array([0.04418242]), array([-0.05624791]))","(array([0.04347029]), array([-0.05459624]))","(array([0.04472138]), array([-0.05327893]))","(array([0.05055146]), array([-0.04948637]))","(array([0.05112193]), array([-0.05050829]))","(array([0.05409779]), array([-0.04889987]))","(array([0.05282197]), array([-0.05170581]))","(array([0.05323753]), array([-0.05272309]))","(array([0.0567025]), array([-0.05071171]))"
(0.03179811320882688+0j),[0.09163779],[1.],[0.33396588],[1.],"(array([0.1152849]), array([-0.03566]))","(array([0.0441813]), array([-0.05624827]))","(array([0.04346924]), array([-0.05459665]))","(array([0.04472042]), array([-0.05327941]))","(array([0.05055062]), array([-0.04948697]))","(array([0.05112117]), array([-0.05050892]))","(array([0.05409712]), array([-0.04890055]))","(array([0.05282134]), array([-0.05170648]))","(array([0.05323696]), array([-0.05272377]))","(array([0.05670203]), array([-0.05071242]))","(array([0.05798003]), array([-0.05125868]))"
(0.03274531814444921+0j),[0.07561402],[1.],[0.34286073],[1.],"(array([0.11981061]), array([-0.03476867]))","(array([0.04346817]), array([-0.05459699]))","(array([0.04471943]), array([-0.05327981]))","(array([0.05054975]), array([-0.04948751]))","(array([0.05112036]), array([-0.05050948]))","(array([0.05409641]), array([-0.04890118]))","(array([0.05282066]), array([-0.0517071]))","(array([0.05323634]), array([-0.0527244]))","(array([0.05670151]), array([-0.05071309]))","(array([0.05797957]), array([-0.05125936]))","(array([0.05641734]), array([-0.05475795]))"
(0.030741030177810717+0j),[0.0881774],[1.],[0.32837423],[1.],"(array([0.11928317]), array([-0.03668166]))","(array([0.04471837]), array([-0.05328014]))","(array([0.0505488]), array([-0.04948798]))","(array([0.05111948]), array([-0.05051]))","(array([0.05409562]), array([-0.04890176]))","(array([0.05281992]), array([-0.05170768]))","(array([0.05323566]), array([-0.05272499]))","(array([0.05670091]), array([-0.05071374]))","(array([0.05797903]), array([-0.05126003]))","(array([0.05641683]), array([-0.0547586]))","(array([0.05342341]), array([-0.05670092]))"
(0.028917058356944563+0j),[0.08178023],[1.],[0.31932415],[1.],"(array([0.11732151]), array([-0.03262885]))","(array([0.05054777]), array([-0.04948839]))","(array([0.05111852]), array([-0.05051045]))","(array([0.05409475]), array([-0.0489023]))","(array([0.05281909]), array([-0.05170822]))","(array([0.05323489]), array([-0.05272556]))","(array([0.05670024]), array([-0.05071436]))","(array([0.05797842]), array([-0.05126068]))","(array([0.05641625]), array([-0.05475924]))","(array([0.05342285]), array([-0.05670154]))","(array([0.05418688]), array([-0.05255138]))"
(0.02697001080776497+0j),[0.09729438],[1.],[0.30305694],[1.],"(array([0.1210256]), array([-0.03032976]))","(array([0.05111756]), array([-0.05051084]))","(array([0.05409388]), array([-0.04890277]))","(array([0.05281826]), array([-0.0517087]))","(array([0.05323411]), array([-0.05272606]))","(array([0.05669955]), array([-0.05071493]))","(array([0.05797779]), array([-0.05126128]))","(array([0.05641564]), array([-0.05475983]))","(array([0.05342227]), array([-0.05670211]))","(array([0.05418638]), array([-0.05255198]))","(array([0.05183157]), array([-0.051457]))"
(0.02558625350320002+0j),[0.10664491],[1.],[0.29109147],[1.],"(array([0.11823998]), array([-0.02791065]))","(array([0.05409301]), array([-0.04890317]))","(array([0.05281743]), array([-0.05170911]))","(array([0.05323334]), array([-0.0527265]))","(array([0.05669885]), array([-0.05071544]))","(array([0.05797715]), array([-0.05126182]))","(array([0.05641503]), array([-0.05476036]))","(array([0.05342169]), array([-0.05670263]))","(array([0.05418586]), array([-0.05255252]))","(array([0.0518311]), array([-0.05145754]))","(array([0.05313428]), array([-0.04683029]))"
(0.02424542521288472+0j),[0.10766398],[1.],[0.28195615],[1.],"(array([0.11851628]), array([-0.02428186]))","(array([0.05281659]), array([-0.05170946]))","(array([0.05323255]), array([-0.05272689]))","(array([0.05669814]), array([-0.0507159]))","(array([0.05797649]), array([-0.05126232]))","(array([0.0564144]), array([-0.05476086]))","(array([0.05342108]), array([-0.05670311]))","(array([0.05418532]), array([-0.05255304]))","(array([0.05183059]), array([-0.05145805]))","(array([0.05313386]), array([-0.04683083]))","(array([0.05353505]), array([-0.04348214]))"
(0.02310046074737789+0j),[0.11246181],[1.],[0.27234489],[1.],"(array([0.11526423]), array([-0.02679227]))","(array([0.05323165]), array([-0.05272725]))","(array([0.05669731]), array([-0.05071635]))","(array([0.05797572]), array([-0.05126281]))","(array([0.05641366]), array([-0.05476134]))","(array([0.05342038]), array([-0.05670359]))","(array([0.05418469]), array([-0.05255356]))","(array([0.05183]), array([-0.05145856]))","(array([0.05313335]), array([-0.04683137]))","(array([0.05353461]), array([-0.0434827]))","(array([0.05280348]), array([-0.04162333]))"
(0.02540338140158575+0j),[0.12749263],[1.],[0.28176693],[1.],"(array([0.11615847]), array([-0.02673012]))","(array([0.0566963]), array([-0.05071677]))","(array([0.05797477]), array([-0.05126329]))","(array([0.05641275]), array([-0.05476183]))","(array([0.0534195]), array([-0.05670407]))","(array([0.05418389]), array([-0.0525541]))","(array([0.05182926]), array([-0.0514591]))","(array([0.0531327]), array([-0.04683196]))","(array([0.05353404]), array([-0.04348332]))","(array([0.05280298]), array([-0.04162396]))","(array([0.0539784]), array([-0.04149846]))"
(0.02754925399440693+0j),[0.13225174],[1.],[0.29374276],[1.],"(array([0.12159385]), array([-0.02146905]))","(array([0.05797363]), array([-0.05126374]))","(array([0.05641165]), array([-0.05476229]))","(array([0.05341845]), array([-0.05670453]))","(array([0.05418293]), array([-0.05255463]))","(array([0.05182835]), array([-0.05145965]))","(array([0.05313189]), array([-0.04683257]))","(array([0.05353332]), array([-0.04348397]))","(array([0.05280233]), array([-0.04162462]))","(array([0.05397783]), array([-0.04149914]))","(array([0.05777896]), array([-0.04157993]))"
(0.0296348109992827+0j),[0.12346047],[1.],[0.31037525],[1.],"(array([0.12545699]), array([-0.02096174]))","(array([0.05641038]), array([-0.05476269]))","(array([0.05341724]), array([-0.05670493]))","(array([0.05418179]), array([-0.05255512]))","(array([0.05182728]), array([-0.05146016]))","(array([0.05313093]), array([-0.04683317]))","(array([0.05353246]), array([-0.04348462]))","(array([0.05280154]), array([-0.0416253]))","(array([0.05397713]), array([-0.04149985]))","(array([0.05777837]), array([-0.04158069]))","(array([0.05998497]), array([-0.04329227]))"
(0.030720853111397956+0j),[0.13339935],[1.],[0.31264269],[1.],"(array([0.12685795]), array([-0.02631372]))","(array([0.05341586]), array([-0.05670526]))","(array([0.05418051]), array([-0.05255556]))","(array([0.05182606]), array([-0.05146062]))","(array([0.05312981]), array([-0.04683374]))","(array([0.05353145]), array([-0.04348526]))","(array([0.05280062]), array([-0.04162597]))","(array([0.05397629]), array([-0.04150057]))","(array([0.05777766]), array([-0.04158147]))","(array([0.05998435]), array([-0.04329308]))","(array([0.0598623]), array([-0.04678598]))"
(0.03192559864661551+0j),[0.13359543],[1.],[0.31943496],[1.],"(array([0.12442505]), array([-0.02602867]))","(array([0.05417905]), array([-0.05255593]))","(array([0.05182468]), array([-0.05146103]))","(array([0.05312854]), array([-0.04683426]))","(array([0.05353029]), array([-0.04348588]))","(array([0.05279955]), array([-0.04162663]))","(array([0.05397532]), array([-0.04150129]))","(array([0.05777681]), array([-0.04158228]))","(array([0.0599836]), array([-0.04329393]))","(array([0.05986162]), array([-0.04678683]))","(array([0.06207227]), array([-0.04615869]))"
(0.032987664120174474+0j),[0.13450506],[1.],[0.32493112],[1.],"(array([0.12665654]), array([-0.02194236]))","(array([0.05182331]), array([-0.05146133]))","(array([0.05312727]), array([-0.0468347]))","(array([0.05352912]), array([-0.04348641]))","(array([0.05279846]), array([-0.04162722]))","(array([0.05397433]), array([-0.04150193]))","(array([0.05777594]), array([-0.04158301]))","(array([0.05998283]), array([-0.04329471]))","(array([0.05986091]), array([-0.04678761]))","(array([0.06207166]), array([-0.04615951]))","(array([0.06275181]), array([-0.04746168]))"
(0.030219957626678326+0j),[0.14616428],[1.],[0.30295694],[1.],"(array([0.1230068]), array([-0.02067517]))","(array([0.05312618]), array([-0.046835]))","(array([0.0535281]), array([-0.04348679]))","(array([0.05279751]), array([-0.04162765]))","(array([0.05397346]), array([-0.04150243]))","(array([0.05777517]), array([-0.04158359]))","(array([0.05998214]), array([-0.04329533]))","(array([0.05986027]), array([-0.04678825]))","(array([0.06207111]), array([-0.04616019]))","(array([0.06275132]), array([-0.04746237]))","(array([0.06225409]), array([-0.04625457]))"
(0.02768826931400275+0j),[0.15273731],[1.],[0.28322586],[1.],"(array([0.11944958]), array([-0.01359117]))","(array([0.05352721]), array([-0.04348706]))","(array([0.05279668]), array([-0.04162797]))","(array([0.05397269]), array([-0.0415028]))","(array([0.05777449]), array([-0.04158404]))","(array([0.05998153]), array([-0.04329583]))","(array([0.0598597]), array([-0.04678876]))","(array([0.06207061]), array([-0.04616074]))","(array([0.06275087]), array([-0.04746294]))","(array([0.06225369]), array([-0.04625515]))","(array([0.06195234]), array([-0.04081657]))"
(0.025388555484436325+0j),[0.16602785],[1.],[0.25938535],[1.],"(array([0.11550486]), array([-0.00887372]))","(array([0.05279595]), array([-0.04162819]))","(array([0.05397202]), array([-0.04150307]))","(array([0.05777388]), array([-0.04158439]))","(array([0.05998098]), array([-0.04329622]))","(array([0.05985919]), array([-0.04678916]))","(array([0.06207015]), array([-0.04616117]))","(array([0.06275046]), array([-0.0474634]))","(array([0.06225333]), array([-0.04625562]))","(array([0.06195203]), array([-0.04081706]))","(array([0.0609654]), array([-0.03636814]))"
(0.027085546072790585+0j),[0.16418224],[1.],[0.27262344],[1.],"(array([0.11261343]), array([-0.00413607]))","(array([0.05397141]), array([-0.04150327]))","(array([0.05777332]), array([-0.04158465]))","(array([0.05998048]), array([-0.04329653]))","(array([0.05985872]), array([-0.04678948]))","(array([0.06206973]), array([-0.04616153]))","(array([0.06275008]), array([-0.04746378]))","(array([0.06225298]), array([-0.04625601]))","(array([0.06195174]), array([-0.04081747]))","(array([0.06096515]), array([-0.03636856]))","(array([0.06237832]), array([-0.0330579]))"
(0.028731980361983638+0j),[0.1588568],[1.],[0.28675191],[1.],"(array([0.11666005]), array([-0.00442358]))","(array([0.05777279]), array([-0.04158487]))","(array([0.05997998]), array([-0.04329679]))","(array([0.05985826]), array([-0.04678977]))","(array([0.06206932]), array([-0.04616185]))","(array([0.0627497]), array([-0.04746412]))","(array([0.06225264]), array([-0.04625637]))","(array([0.06195144]), array([-0.04081785]))","(array([0.06096489]), array([-0.03636895]))","(array([0.06237811]), array([-0.03305831]))","(array([0.0634567]), array([-0.03575056]))"
(0.030238031912463985+0j),[0.15507762],[1.],[0.29837649],[1.],"(array([0.12346627]), array([-0.00567591]))","(array([0.05997952]), array([-0.04329699]))","(array([0.05985783]), array([-0.04678999]))","(array([0.06206893]), array([-0.04616211]))","(array([0.06274935]), array([-0.0474644]))","(array([0.06225231]), array([-0.04625666]))","(array([0.06195115]), array([-0.04081817]))","(array([0.06096464]), array([-0.03636929]))","(array([0.06237791]), array([-0.03305866]))","(array([0.06345652]), array([-0.03575092]))","(array([0.0639452]), array([-0.03893811]))"
(0.02977668983136066+0j),[0.16120466],[1.],[0.29206566],[1.],"(array([0.12683533]), array([-0.00817779]))","(array([0.05985741]), array([-0.04679015]))","(array([0.06206855]), array([-0.04616231]))","(array([0.06274899]), array([-0.04746462]))","(array([0.06225198]), array([-0.04625691]))","(array([0.06195085]), array([-0.04081844]))","(array([0.06096438]), array([-0.03636958]))","(array([0.06237769]), array([-0.03305897]))","(array([0.06345633]), array([-0.03575125]))","(array([0.06394504]), array([-0.03893844]))","(array([0.06384237]), array([-0.04033955]))"
(0.029425236618339432+0j),[0.15256292],[1.],[0.29433982],[1.],"(array([0.1253289]), array([-0.0102369]))","(array([0.06206818]), array([-0.04616246]))","(array([0.06274865]), array([-0.0474648]))","(array([0.06225167]), array([-0.0462571]))","(array([0.06195057]), array([-0.04081866]))","(array([0.06096412]), array([-0.03636981]))","(array([0.06237747]), array([-0.03305923]))","(array([0.06345614]), array([-0.03575152]))","(array([0.06394487]), array([-0.03893872]))","(array([0.06384222]), array([-0.04033983]))","(array([0.06439207]), array([-0.03842364]))"
(0.0289891805819109+0j),[0.14994726],[1.],[0.29285301],[1.],"(array([0.12798755]), array([-0.01152343]))","(array([0.0627483]), array([-0.04746493]))","(array([0.06225134]), array([-0.04625726]))","(array([0.06195027]), array([-0.04081884]))","(array([0.06096384]), array([-0.03637002]))","(array([0.06237723]), array([-0.03305947]))","(array([0.06345592]), array([-0.03575177]))","(array([0.06394467]), array([-0.03893898]))","(array([0.06384204]), array([-0.0403401]))","(array([0.06439193]), array([-0.03842391]))","(array([0.06295823]), array([-0.03976861]))"
(0.03020583863161515+0j),[0.14112853],[1.],[0.30475323],[1.],"(array([0.12949988]), array([-0.01336967]))","(array([0.06225098]), array([-0.04625736]))","(array([0.06194993]), array([-0.04081898]))","(array([0.06096353]), array([-0.03637018]))","(array([0.06237695]), array([-0.03305967]))","(array([0.06345567]), array([-0.03575199]))","(array([0.06394444]), array([-0.03893922]))","(array([0.06384183]), array([-0.04034034]))","(array([0.06439175]), array([-0.03842417]))","(array([0.06295807]), array([-0.03976887]))","(array([0.06290341]), array([-0.04076123]))"
(0.031380247882096+0j),[0.13297119],[1.],[0.31537329],[1.],"(array([0.13162397]), array([-0.0141359]))","(array([0.06194958]), array([-0.04081907]))","(array([0.0609632]), array([-0.0363703]))","(array([0.06237665]), array([-0.03305983]))","(array([0.06345538]), array([-0.03575218]))","(array([0.06394418]), array([-0.03893942]))","(array([0.0638416]), array([-0.04034056]))","(array([0.06439154]), array([-0.0384244]))","(array([0.06295787]), array([-0.0397691]))","(array([0.06290324]), array([-0.04076147]))","(array([0.06250473]), array([-0.04401834]))"
(0.03243530988390918+0j),[0.1321844],[1.],[0.32180555],[1.],"(array([0.13366072]), array([-0.01062939]))","(array([0.06096285]), array([-0.03637038]))","(array([0.06237632]), array([-0.03305995]))","(array([0.06345509]), array([-0.03575233]))","(array([0.0639439]), array([-0.03893959]))","(array([0.06384134]), array([-0.04034074]))","(array([0.06439131]), array([-0.03842461]))","(array([0.06295766]), array([-0.03976931]))","(array([0.06290304]), array([-0.04076168]))","(array([0.06250455]), array([-0.04401856]))","(array([0.06200082]), array([-0.04700912]))"
(0.031096045028571183+0j),[0.16548501],[1.],[0.29764877],[1.],"(array([0.13258238]), array([-0.00646435]))","(array([0.06237601]), array([-0.03306003]))","(array([0.06345479]), array([-0.03575243]))","(array([0.06394362]), array([-0.03893972]))","(array([0.06384108]), array([-0.04034089]))","(array([0.06439107]), array([-0.03842478]))","(array([0.06295744]), array([-0.03976949]))","(array([0.06290284]), array([-0.04076187]))","(array([0.06250437]), array([-0.04401875]))","(array([0.06200065]), array([-0.04700932]))","(array([0.06170934]), array([-0.0470716]))"
(0.029818836193673457+0j),[0.15907373],[1.],[0.2930301],[1.],"(array([0.12865611]), array([0.00409191]))","(array([0.0634545]), array([-0.0357525]))","(array([0.06394335]), array([-0.03893981]))","(array([0.06384083]), array([-0.040341]))","(array([0.06439084]), array([-0.03842491]))","(array([0.06295722]), array([-0.03976963]))","(array([0.06290264]), array([-0.04076202]))","(array([0.06250418]), array([-0.04401891]))","(array([0.06200048]), array([-0.04700948]))","(array([0.06170919]), array([-0.04707177]))","(array([0.06531476]), array([-0.03882453]))"
(0.028639210489861084+0j),[0.16173848],[1.],[0.28389639],[1.],"(array([0.12869582]), array([5.95501458e-05]))","(array([0.0639431]), array([-0.03893986]))","(array([0.06384059]), array([-0.04034108]))","(array([0.06439062]), array([-0.03842501]))","(array([0.06295701]), array([-0.03976973]))","(array([0.06290245]), array([-0.04076214]))","(array([0.062504]), array([-0.04401903]))","(array([0.06200031]), array([-0.04700961]))","(array([0.06170904]), array([-0.04707191]))","(array([0.06531465]), array([-0.03882469]))","(array([0.06363497]), array([-0.03859483]))"
(0.02599820650062019+0j),[0.1628962],[1.],[0.26513726],[1.],"(array([0.12591273]), array([-0.00245895]))","(array([0.06384035]), array([-0.04034112]))","(array([0.0643904]), array([-0.03842507]))","(array([0.0629568]), array([-0.03976981]))","(array([0.06290225]), array([-0.04076223]))","(array([0.06250381]), array([-0.04401913]))","(array([0.06200014]), array([-0.04700972]))","(array([0.06170888]), array([-0.04707203]))","(array([0.06531452]), array([-0.03882483]))","(array([0.06363485]), array([-0.03859498]))","(array([0.06257836]), array([-0.03542704]))"
(0.023687659944928045+0j),[0.1613548],[1.],[0.24924478],[1.],"(array([0.1216875]), array([-0.00356479]))","(array([0.06439019]), array([-0.03842511]))","(array([0.0629566]), array([-0.03976985]))","(array([0.06290206]), array([-0.04076229]))","(array([0.06250364]), array([-0.0440192]))","(array([0.06199998]), array([-0.0470098]))","(array([0.06170873]), array([-0.04707212]))","(array([0.06531439]), array([-0.03882494]))","(array([0.06363474]), array([-0.0385951]))","(array([0.06257826]), array([-0.03542716]))","(array([0.06077293]), array([-0.03170913]))"
(0.02157576617529261+0j),[0.16174823],[1.],[0.23256433],[1.],"(array([0.11873046]), array([-0.00202929]))","(array([0.06295641]), array([-0.03976987]))","(array([0.06290188]), array([-0.04076232]))","(array([0.06250347]), array([-0.04401924]))","(array([0.06199982]), array([-0.04700985]))","(array([0.06170859]), array([-0.04707218]))","(array([0.06531427]), array([-0.03882503]))","(array([0.06363462]), array([-0.03859519]))","(array([0.06257815]), array([-0.03542726]))","(array([0.06077284]), array([-0.03170923]))","(array([0.05868994]), array([-0.02886232]))"
(0.022421138423076865+0j),[0.18204575],[1.],[0.22466506],[1.],"(array([0.11616805]), array([-0.00325246]))","(array([0.06290172]), array([-0.04076231]))","(array([0.06250332]), array([-0.04401925]))","(array([0.06199968]), array([-0.04700987]))","(array([0.06170845]), array([-0.04707221]))","(array([0.06531414]), array([-0.03882509]))","(array([0.06363451]), array([-0.03859526]))","(array([0.06257805]), array([-0.03542733]))","(array([0.06077275]), array([-0.03170931]))","(array([0.05868986]), array([-0.0288624]))","(array([0.05823089]), array([-0.02782409]))"
(0.023230625101118757+0j),[0.17893925],[1.],[0.23396843],[1.],"(array([0.11437267]), array([0.00024092]))","(array([0.06250319]), array([-0.04401923]))","(array([0.06199955]), array([-0.04700985]))","(array([0.06170833]), array([-0.04707221]))","(array([0.06531403]), array([-0.03882511]))","(array([0.0636344]), array([-0.03859529]))","(array([0.06257795]), array([-0.03542737]))","(array([0.06077266]), array([-0.03170936]))","(array([0.05868977]), array([-0.02886246]))","(array([0.05823081]), array([-0.02782414]))","(array([0.06124536]), array([-0.02407367]))"
(0.024113525888944554+0j),[0.19579519],[1.],[0.22759791],[1.],"(array([0.11602307]), array([-0.00362077]))","(array([0.06199944]), array([-0.04700982]))","(array([0.06170823]), array([-0.04707219]))","(array([0.06531393]), array([-0.03882511]))","(array([0.0636343]), array([-0.0385953]))","(array([0.06257786]), array([-0.03542739]))","(array([0.06077256]), array([-0.03170938]))","(array([0.05868969]), array([-0.02886249]))","(array([0.05823073]), array([-0.02782418]))","(array([0.06124529]), array([-0.02407373]))","(array([0.06174605]), array([-0.02615048]))"
(0.02589219531848052+0j),[0.2027705],[1.],[0.23602431],[1.],"(array([0.11490503]), array([-0.00283417]))","(array([0.06170813]), array([-0.04707215]))","(array([0.06531383]), array([-0.03882509]))","(array([0.06363421]), array([-0.03859529]))","(array([0.06257776]), array([-0.03542739]))","(array([0.06077248]), array([-0.03170939]))","(array([0.0586896]), array([-0.0288625]))","(array([0.05823065]), array([-0.02782421]))","(array([0.06124521]), array([-0.02407376]))","(array([0.06174599]), array([-0.02615052]))","(array([0.06471003]), array([-0.02372988]))"
(0.027652200183115924+0j),[0.19294391],[1.],[0.25714423],[1.],"(array([0.11645865]), array([-0.00136689]))","(array([0.06531373]), array([-0.03882506]))","(array([0.06363412]), array([-0.03859526]))","(array([0.06257767]), array([-0.03542738]))","(array([0.06077239]), array([-0.03170939]))","(array([0.05868952]), array([-0.0288625]))","(array([0.05823057]), array([-0.02782421]))","(array([0.06124514]), array([-0.02407379]))","(array([0.06174591]), array([-0.02615055]))","(array([0.06470996]), array([-0.02372992]))","(array([0.06695717]), array([-0.02456283]))"
(0.02915766491704639+0j),[0.18370068],[1.],[0.27416016],[1.],"(array([0.12461133]), array([0.00451224]))","(array([0.06363403]), array([-0.03859522]))","(array([0.06257759]), array([-0.03542735]))","(array([0.0607723]), array([-0.03170937]))","(array([0.05868943]), array([-0.02886249]))","(array([0.05823049]), array([-0.02782421]))","(array([0.06124506]), array([-0.0240738]))","(array([0.06174584]), array([-0.02615057]))","(array([0.0647099]), array([-0.02372995]))","(array([0.06695711]), array([-0.02456287]))","(array([0.06718001]), array([-0.02968469]))"
(0.028657961000123897+0j),[0.17704527],[1.],[0.27488948],[1.],"(array([0.12512307]), array([0.00270011]))","(array([0.06257751]), array([-0.03542731]))","(array([0.06077222]), array([-0.03170933]))","(array([0.05868935]), array([-0.02886246]))","(array([0.05823041]), array([-0.02782419]))","(array([0.06124498]), array([-0.02407379]))","(array([0.06174577]), array([-0.02615057]))","(array([0.06470983]), array([-0.02372997]))","(array([0.06695704]), array([-0.02456289]))","(array([0.06717994]), array([-0.02968471]))","(array([0.06650732]), array([-0.03260351]))"
(0.028148472859544534+0j),[0.16241192],[1.],[0.28024607],[1.],"(array([0.12425634]), array([0.004327]))","(array([0.06077215]), array([-0.03170929]))","(array([0.05868928]), array([-0.02886243]))","(array([0.05823034]), array([-0.02782417]))","(array([0.06124491]), array([-0.02407378]))","(array([0.0617457]), array([-0.02615057]))","(array([0.06470976]), array([-0.02372997]))","(array([0.06695698]), array([-0.02456291]))","(array([0.06717988]), array([-0.02968473]))","(array([0.06650726]), array([-0.03260353]))","(array([0.06526765]), array([-0.03353837]))"
(0.027645742592041143+0j),[0.17455136],[1.],[0.26931743],[1.],"(array([0.12367712]), array([0.00473603]))","(array([0.05868921]), array([-0.02886238]))","(array([0.05823027]), array([-0.02782413]))","(array([0.06124484]), array([-0.02407376]))","(array([0.06174562]), array([-0.02615055]))","(array([0.06470969]), array([-0.02372997]))","(array([0.06695691]), array([-0.02456292]))","(array([0.06717982]), array([-0.02968474]))","(array([0.0665072]), array([-0.03260355]))","(array([0.06526759]), array([-0.03353839]))","(array([0.06301505]), array([-0.03625473]))"
(0.029616544268238242+0j),[0.17682085],[1.],[0.28129039],[1.],"(array([0.12111915]), array([0.01018114]))","(array([0.05823019]), array([-0.02782409]))","(array([0.06124477]), array([-0.02407373]))","(array([0.06174555]), array([-0.02615053]))","(array([0.06470962]), array([-0.02372996]))","(array([0.06695684]), array([-0.02456292]))","(array([0.06717975]), array([-0.02968475]))","(array([0.06650713]), array([-0.03260356]))","(array([0.06526752]), array([-0.0335384]))","(array([0.06301499]), array([-0.03625475]))","(array([0.06502764]), array([-0.03454425]))"
(0.03156856665453024+0j),[0.18040793],[1.],[0.29170244],[1.],"(array([0.12329081]), array([0.01168918]))","(array([0.06124469]), array([-0.0240737]))","(array([0.06174548]), array([-0.02615051]))","(array([0.06470954]), array([-0.02372995]))","(array([0.06695677]), array([-0.02456291]))","(array([0.06717968]), array([-0.02968475]))","(array([0.06650707]), array([-0.03260356]))","(array([0.06526746]), array([-0.03353841]))","(array([0.06301493]), array([-0.03625476]))","(array([0.06502759]), array([-0.03454426]))","(array([0.0667498]), array([-0.0365876]))"
(0.033307086493913056+0j),[0.16235891],[1.],[0.3125528],[1.],"(array([0.12851205]), array([0.01613596]))","(array([0.0617454]), array([-0.02615048]))","(array([0.06470946]), array([-0.02372993]))","(array([0.06695669]), array([-0.02456291]))","(array([0.06717961]), array([-0.02968474]))","(array([0.06650699]), array([-0.03260356]))","(array([0.06526739]), array([-0.03353842]))","(array([0.06301486]), array([-0.03625476]))","(array([0.06502753]), array([-0.03454428]))","(array([0.06674974]), array([-0.03658762]))","(array([0.06845628]), array([-0.03815051]))"
(0.03590810270133916+0j),[0.16613216],[1.],[0.32559533],[1.],"(array([0.13406518]), array([0.01013719]))","(array([0.06470938]), array([-0.02372991]))","(array([0.06695661]), array([-0.02456289]))","(array([0.06717953]), array([-0.02968474]))","(array([0.06650692]), array([-0.03260356]))","(array([0.06526732]), array([-0.03353842]))","(array([0.06301479]), array([-0.03625477]))","(array([0.06502746]), array([-0.03454429]))","(array([0.06674968]), array([-0.03658764]))","(array([0.06845622]), array([-0.03815054]))","(array([0.06758594]), array([-0.04448703]))"
(0.038314835868122794+0j),[0.15450134],[1.],[0.34423261],[1.],"(array([0.13980797]), array([0.01332718]))","(array([0.06695653]), array([-0.02456287]))","(array([0.06717945]), array([-0.02968472]))","(array([0.06650684]), array([-0.03260355]))","(array([0.06526724]), array([-0.03353841]))","(array([0.06301472]), array([-0.03625477]))","(array([0.06502739]), array([-0.0345443]))","(array([0.06674962]), array([-0.03658766]))","(array([0.06845616]), array([-0.03815056]))","(array([0.06758588]), array([-0.04448706]))","(array([0.06964169]), array([-0.04650884]))"
(0.04067287321640952+0j),[0.18863192],[1.],[0.3395276],[1.],"(array([0.14608077]), array([0.00995456]))","(array([0.06717937]), array([-0.0296847]))","(array([0.06650676]), array([-0.03260354]))","(array([0.06526717]), array([-0.0335384]))","(array([0.06301465]), array([-0.03625476]))","(array([0.06502732]), array([-0.03454431]))","(array([0.06674955]), array([-0.03658767]))","(array([0.0684561]), array([-0.03815058]))","(array([0.06758583]), array([-0.04448708]))","(array([0.06964164]), array([-0.04650887]))","(array([0.06945513]), array([-0.05126499]))"
(0.03993273239517349+0j),[0.18380673],[1.],[0.33777747],[1.],"(array([0.14345466]), array([0.01245851]))","(array([0.06650668]), array([-0.03260352]))","(array([0.06526709]), array([-0.03353839]))","(array([0.06301458]), array([-0.03625475]))","(array([0.06502725]), array([-0.03454431]))","(array([0.06674948]), array([-0.03658768]))","(array([0.06845603]), array([-0.03815059]))","(array([0.06758577]), array([-0.0444871]))","(array([0.06964159]), array([-0.04650889]))","(array([0.06945507]), array([-0.05126502]))","(array([0.07463476]), array([-0.04498483]))"
(0.03932188618611476+0j),[0.18531774],[1.],[0.33326434],[1.],"(array([0.14241397]), array([0.00854916]))","(array([0.06526702]), array([-0.03353837]))","(array([0.0630145]), array([-0.03625474]))","(array([0.06502718]), array([-0.0345443]))","(array([0.06674942]), array([-0.03658768]))","(array([0.06845597]), array([-0.0381506]))","(array([0.06758571]), array([-0.04448711]))","(array([0.06964153]), array([-0.04650891]))","(array([0.06945502]), array([-0.05126504]))","(array([0.07463472]), array([-0.04498486]))","(array([0.07359293]), array([-0.04516139]))"
(0.03880871879945169+0j),[0.18879035],[1.],[0.32814934],[1.],"(array([0.1402129]), array([0.00796875]))","(array([0.06301443]), array([-0.03625472]))","(array([0.06502711]), array([-0.03454429]))","(array([0.06674935]), array([-0.03658768]))","(array([0.0684559]), array([-0.03815061]))","(array([0.06758564]), array([-0.04448712]))","(array([0.06964147]), array([-0.04650893]))","(array([0.06945497]), array([-0.05126506]))","(array([0.07463467]), array([-0.04498489]))","(array([0.07359288]), array([-0.04516142]))","(array([0.07341919]), array([-0.04415157]))"
(0.039961980597797056+0j),[0.17969448],[1.],[0.33922072],[1.],"(array([0.13782625]), array([0.00607908]))","(array([0.06502702]), array([-0.03454428]))","(array([0.06674926]), array([-0.03658767]))","(array([0.06845582]), array([-0.03815061]))","(array([0.06758557]), array([-0.04448713]))","(array([0.0696414]), array([-0.04650895]))","(array([0.0694549]), array([-0.05126508]))","(array([0.07463461]), array([-0.04498492]))","(array([0.07359283]), array([-0.04516146]))","(array([0.07341914]), array([-0.04415161]))","(array([0.07406808]), array([-0.04362214]))"
(0.04098129818313504+0j),[0.17173973],[1.],[0.34844282],[1.],"(array([0.14221812]), array([0.00574668]))","(array([0.06674915]), array([-0.03658766]))","(array([0.06845572]), array([-0.03815061]))","(array([0.06758546]), array([-0.04448713]))","(array([0.0696413]), array([-0.04650896]))","(array([0.06945481]), array([-0.0512651]))","(array([0.07463453]), array([-0.04498495]))","(array([0.07359275]), array([-0.0451615]))","(array([0.07341907]), array([-0.04415165]))","(array([0.07406801]), array([-0.04362219]))","(array([0.07348858]), array([-0.04670411]))"
(0.04194659481227201+0j),[0.16441767],[1.],[0.35666281],[1.],"(array([0.14591796]), array([0.00200175]))","(array([0.06845556]), array([-0.03815059]))","(array([0.06758532]), array([-0.04448711]))","(array([0.06964116]), array([-0.04650896]))","(array([0.06945468]), array([-0.05126511]))","(array([0.07463441]), array([-0.04498499]))","(array([0.07359264]), array([-0.04516154]))","(array([0.07341896]), array([-0.04415171]))","(array([0.07406791]), array([-0.04362225]))","(array([0.07348849]), array([-0.04670418]))","(array([0.07300386]), array([-0.04926767]))"
(0.043356966103664386+0j),[0.17726753],[1.],[0.35743698],[1.],"(array([0.14967676]), array([-0.00113544]))","(array([0.06758509]), array([-0.04448706]))","(array([0.06964095]), array([-0.04650894]))","(array([0.06945448]), array([-0.0512651]))","(array([0.07463422]), array([-0.04498502]))","(array([0.07359246]), array([-0.04516159]))","(array([0.07341879]), array([-0.04415177]))","(array([0.07406776]), array([-0.04362233]))","(array([0.07348834]), array([-0.04670426]))","(array([0.07300372]), array([-0.04926777]))","(array([0.07266672]), array([-0.0518323]))"
(0.044860498099184+0j),[0.16573201],[1.],[0.36999975],[1.],"(array([0.14898087]), array([-0.00449838]))","(array([0.06964063]), array([-0.04650888]))","(array([0.06945417]), array([-0.05126507]))","(array([0.07463393]), array([-0.04498505]))","(array([0.07359218]), array([-0.04516164]))","(array([0.07341852]), array([-0.04415184]))","(array([0.07406751]), array([-0.04362243]))","(array([0.0734881]), array([-0.04670438]))","(array([0.0730035]), array([-0.04926789]))","(array([0.07266651]), array([-0.05183243]))","(array([0.07532918]), array([-0.05049683]))"
(0.0462676238806706+0j),[0.16421487],[1.],[0.37709239],[1.],"(array([0.15373586]), array([-0.00901122]))","(array([0.06945375]), array([-0.05126498]))","(array([0.07463352]), array([-0.04498505]))","(array([0.07359179]), array([-0.04516167]))","(array([0.07341815]), array([-0.04415192]))","(array([0.07406715]), array([-0.04362254]))","(array([0.07348776]), array([-0.04670451]))","(array([0.07300318]), array([-0.04926804]))","(array([0.07266621]), array([-0.0518326]))","(array([0.07532891]), array([-0.05049702]))","(array([0.07452166]), array([-0.05408024]))"
(0.048311695772113694+0j),[0.17187598],[1.],[0.3829448],[1.],"(array([0.15541206]), array([-0.01399132]))","(array([0.07463299]), array([-0.04498501]))","(array([0.07359128]), array([-0.04516168]))","(array([0.07341766]), array([-0.04415197]))","(array([0.07406668]), array([-0.04362265]))","(array([0.07348732]), array([-0.04670464]))","(array([0.07300276]), array([-0.0492682]))","(array([0.07266582]), array([-0.05183279]))","(array([0.07532855]), array([-0.05049725]))","(array([0.07452132]), array([-0.05408048]))","(array([0.07525924]), array([-0.05580582]))"
(0.04991521026816781+0j),[0.16530602],[1.],[0.39276749],[1.],"(array([0.16174419]), array([-0.00618114]))","(array([0.07359064]), array([-0.04516164]))","(array([0.07341705]), array([-0.044152]))","(array([0.0740661]), array([-0.04362274]))","(array([0.07348676]), array([-0.04670477]))","(array([0.07300222]), array([-0.04926837]))","(array([0.07266531]), array([-0.05183299]))","(array([0.07532808]), array([-0.05049751]))","(array([0.07452088]), array([-0.05408075]))","(array([0.07525884]), array([-0.05580611]))","(array([0.07716099]), array([-0.05603921]))"
(0.051513006782902035+0j),[0.1419771],[1.],[0.40837816],[1.],"(array([0.16287456]), array([-0.00780497]))","(array([0.07341637]), array([-0.04415199]))","(array([0.07406544]), array([-0.0436228]))","(array([0.07348613]), array([-0.04670488]))","(array([0.07300163]), array([-0.04926852]))","(array([0.07266475]), array([-0.05183318]))","(array([0.07532756]), array([-0.05049776]))","(array([0.07452039]), array([-0.05408103]))","(array([0.07525838]), array([-0.05580641]))","(array([0.07716058]), array([-0.05603955]))","(array([0.07699407]), array([-0.05864447]))"
(0.048816931498395146+0j),[0.12290373],[1.],[0.40228939],[1.],"(array([0.16402521]), array([-0.01195101]))","(array([0.07406477]), array([-0.04362283]))","(array([0.07348548]), array([-0.04670496]))","(array([0.073001]), array([-0.04926865]))","(array([0.07266416]), array([-0.05183335]))","(array([0.07532702]), array([-0.05049799]))","(array([0.07451987]), array([-0.05408129]))","(array([0.0752579]), array([-0.05580671]))","(array([0.07716014]), array([-0.05603988]))","(array([0.07699367]), array([-0.05864482]))","(array([0.0731916]), array([-0.06236971]))"
(0.04622215819833267+0j),[0.11836481],[1.],[0.39173379],[1.],"(array([0.16332854]), array([-0.01562139]))","(array([0.07348478]), array([-0.04670501]))","(array([0.07300034]), array([-0.04926875]))","(array([0.07266352]), array([-0.05183349]))","(array([0.07532643]), array([-0.05049822]))","(array([0.07451931]), array([-0.05408153]))","(array([0.07525737]), array([-0.05580699]))","(array([0.07715966]), array([-0.0560402]))","(array([0.07699323]), array([-0.05864516]))","(array([0.07319118]), array([-0.06237005]))","(array([0.0688822]), array([-0.06330462]))"
(0.04388495270686335+0j),[0.10574093],[1.],[0.38446408],[1.],"(array([0.16044743]), array([-0.01962091]))","(array([0.07299963]), array([-0.04926881]))","(array([0.07266285]), array([-0.05183361]))","(array([0.07532579]), array([-0.05049842]))","(array([0.07451871]), array([-0.05408176]))","(array([0.07525681]), array([-0.05580726]))","(array([0.07715915]), array([-0.05604052]))","(array([0.07699275]), array([-0.0586455]))","(array([0.07319073]), array([-0.06237039]))","(array([0.06888178]), array([-0.06330495]))","(array([0.06693722]), array([-0.06177046]))"
(0.0450636530468505+0j),[0.12660236],[1.],[0.38384183],[1.],"(array([0.16017434]), array([-0.0248953]))","(array([0.07266214]), array([-0.05183369]))","(array([0.07532513]), array([-0.05049858]))","(array([0.07451808]), array([-0.05408197]))","(array([0.07525622]), array([-0.05580751]))","(array([0.0771586]), array([-0.05604082]))","(array([0.07699225]), array([-0.05864583]))","(array([0.07319025]), array([-0.06237072]))","(array([0.06888133]), array([-0.06330528]))","(array([0.0669368]), array([-0.0617708]))","(array([0.06469583]), array([-0.06330941]))"
(0.046292713646149584+0j),[0.13099078],[1.],[0.38813046],[1.],"(array([0.15969885]), array([-0.0228137]))","(array([0.07532442]), array([-0.05049872]))","(array([0.0745174]), array([-0.05408214]))","(array([0.07525558]), array([-0.05580773]))","(array([0.07715801]), array([-0.0560411]))","(array([0.0769917]), array([-0.05864614]))","(array([0.07318973]), array([-0.06237103]))","(array([0.06888084]), array([-0.06330559]))","(array([0.06693635]), array([-0.06177113]))","(array([0.06469541]), array([-0.06330974]))","(array([0.06865081]), array([-0.06086665]))"
(0.0473351080840632+0j),[0.13415208],[1.],[0.3918351],[1.],"(array([0.16323398]), array([-0.02054677]))","(array([0.07451664]), array([-0.05408227]))","(array([0.07525486]), array([-0.05580793]))","(array([0.07715734]), array([-0.05604136]))","(array([0.07699107]), array([-0.05864645]))","(array([0.07318914]), array([-0.06237134]))","(array([0.06888027]), array([-0.06330591]))","(array([0.06693583]), array([-0.06177146]))","(array([0.06469493]), array([-0.06331009]))","(array([0.0686504]), array([-0.06086703]))","(array([0.0698944]), array([-0.0611566]))"
(0.04321588573141987+0j),[0.12199966],[1.],[0.37637396],[1.],"(array([0.1604734]), array([-0.02334663]))","(array([0.07525404]), array([-0.05580807]))","(array([0.07715657]), array([-0.05604159]))","(array([0.07699035]), array([-0.05864672]))","(array([0.07318845]), array([-0.06237163]))","(array([0.06887963]), array([-0.0633062]))","(array([0.06693523]), array([-0.06177178]))","(array([0.06469437]), array([-0.06331042]))","(array([0.0686499]), array([-0.06086742]))","(array([0.06989397]), array([-0.06115702]))","(array([0.06959671]), array([-0.05907364]))"
(0.039429713024037895+0j),[0.13542668],[1.],[0.35282257],[1.],"(array([0.15779509]), array([-0.02768961]))","(array([0.0771557]), array([-0.05604176]))","(array([0.07698953]), array([-0.05864695]))","(array([0.07318767]), array([-0.06237188]))","(array([0.06887889]), array([-0.06330646]))","(array([0.06693454]), array([-0.06177208]))","(array([0.06469373]), array([-0.06331074]))","(array([0.06864933]), array([-0.06086781]))","(array([0.06989346]), array([-0.06115744]))","(array([0.06959626]), array([-0.05907409]))","(array([0.06562235]), array([-0.0574242]))"
(0.036051538342353+0j),[0.1350686],[1.],[0.33520646],[1.],"(array([0.15447533]), array([-0.02495177]))","(array([0.07698863]), array([-0.05864712]))","(array([0.07318681]), array([-0.06237207]))","(array([0.06887807]), array([-0.06330668]))","(array([0.06693378]), array([-0.06177234]))","(array([0.06469301]), array([-0.06331102]))","(array([0.06864869]), array([-0.06086817]))","(array([0.06989288]), array([-0.06115785]))","(array([0.06959573]), array([-0.05907453]))","(array([0.06562186]), array([-0.05742464]))","(array([0.0655851]), array([-0.05141656]))"
(0.03174296823562329+0j),[0.12771703],[1.],[0.31399264],[1.],"(array([0.14954691]), array([-0.0275596]))","(array([0.07318588]), array([-0.06237219]))","(array([0.06887718]), array([-0.06330683]))","(array([0.06693294]), array([-0.06177255]))","(array([0.06469222]), array([-0.06331126]))","(array([0.06864798]), array([-0.06086851]))","(array([0.06989223]), array([-0.06115823]))","(array([0.06959514]), array([-0.05907496]))","(array([0.06562131]), array([-0.05742507]))","(array([0.06558461]), array([-0.05141702]))","(array([0.06320229]), array([-0.04729436]))"
(0.028108369649084065+0j),[0.12643298],[1.],[0.29267633],[1.],"(array([0.14116645]), array([-0.03279919]))","(array([0.06887625]), array([-0.0633069]))","(array([0.06693206]), array([-0.06177268]))","(array([0.0646914]), array([-0.06331143]))","(array([0.06864722]), array([-0.06086878]))","(array([0.06989153]), array([-0.06115857]))","(array([0.06959451]), array([-0.05907534]))","(array([0.06562071]), array([-0.05742546]))","(array([0.06558408]), array([-0.05141746]))","(array([0.06320181]), array([-0.04729481]))","(array([0.05960178]), array([-0.04408723]))"
(0.02507565150437593+0j),[0.16073814],[1.],[0.25443663],[1.],"(array([0.13227107]), array([-0.0339856]))","(array([0.06693116]), array([-0.06177272]))","(array([0.06469054]), array([-0.06331152]))","(array([0.06864643]), array([-0.06086899]))","(array([0.0698908]), array([-0.06115885]))","(array([0.06959383]), array([-0.05907567]))","(array([0.06562007]), array([-0.05742581]))","(array([0.06558351]), array([-0.05141786]))","(array([0.06320128]), array([-0.04729523]))","(array([0.05960129]), array([-0.04408765]))","(array([0.05709085]), array([-0.04024171]))"
(0.02730272261179388+0j),[0.15868414],[1.],[0.27220514],[1.],"(array([0.12581387]), array([-0.02494382]))","(array([0.06468965]), array([-0.06331153]))","(array([0.06864559]), array([-0.06086913]))","(array([0.06989002]), array([-0.06115907]))","(array([0.06959311]), array([-0.05907595]))","(array([0.06561939]), array([-0.0574261]))","(array([0.06558288]), array([-0.05141821]))","(array([0.0632007]), array([-0.04729561]))","(array([0.05960074]), array([-0.04408804]))","(array([0.05709034]), array([-0.04024211]))","(array([0.06133656]), array([-0.03258032]))"
(0.02963861309020568+0j),[0.15326439],[1.],[0.29109566],[1.],"(array([0.12751334]), array([-0.0269038]))","(array([0.06864467]), array([-0.06086921]))","(array([0.06988915]), array([-0.06115924]))","(array([0.06959229]), array([-0.0590762]))","(array([0.06561861]), array([-0.05742638]))","(array([0.06558217]), array([-0.05141856]))","(array([0.06320004]), array([-0.04729598]))","(array([0.05960012]), array([-0.04408843]))","(array([0.05708976]), array([-0.04024251]))","(array([0.06133608]), array([-0.03258081]))","(array([0.0629423]), array([-0.03620394]))"
(0.031770265884737865+0j),[0.17332043],[1.],[0.29375227],[1.],"(array([0.13550819]), array([-0.02571734]))","(array([0.06988827]), array([-0.06115935]))","(array([0.06959147]), array([-0.05907639]))","(array([0.06561783]), array([-0.0574266]))","(array([0.06558144]), array([-0.05141885]))","(array([0.06319936]), array([-0.04729631]))","(array([0.05959947]), array([-0.04408877]))","(array([0.05708915]), array([-0.04024287]))","(array([0.06133556]), array([-0.03258126]))","(array([0.06294183]), array([-0.03620441]))","(array([0.06387464]), array([-0.04033039]))"
(0.030359900645505252+0j),[0.18649848],[1.],[0.27620251],[1.],"(array([0.13479213]), array([-0.0215907]))","(array([0.06959069]), array([-0.05907651]))","(array([0.06561708]), array([-0.05742675]))","(array([0.06558074]), array([-0.05141907]))","(array([0.06319871]), array([-0.04729657]))","(array([0.05959885]), array([-0.04408904]))","(array([0.05708857]), array([-0.04024317]))","(array([0.06133506]), array([-0.03258165]))","(array([0.06294137]), array([-0.03620483]))","(array([0.06387421]), array([-0.04033081]))","(array([0.06671984]), array([-0.03642476]))"
(0.02911989603287966+0j),[0.18633337],[1.],[0.26779349],[1.],"(array([0.1306456]), array([-0.01665778]))","(array([0.06561635]), array([-0.05742684]))","(array([0.06558006]), array([-0.05141924]))","(array([0.06319805]), array([-0.04729678]))","(array([0.05959823]), array([-0.04408927]))","(array([0.05708798]), array([-0.04024342]))","(array([0.06133454]), array([-0.032582]))","(array([0.06294089]), array([-0.0362052]))","(array([0.06387377]), array([-0.04033121]))","(array([0.06671946]), array([-0.03642519]))","(array([0.06726359]), array([-0.03166637]))"
(0.028070965413926938+0j),[0.20425217],[1.],[0.24655338],[1.],"(array([0.1249205]), array([-0.01508478]))","(array([0.06557941]), array([-0.05141934]))","(array([0.06319744]), array([-0.04729692]))","(array([0.05959764]), array([-0.04408943]))","(array([0.05708742]), array([-0.0402436]))","(array([0.06133404]), array([-0.03258228]))","(array([0.06294042]), array([-0.03620551]))","(array([0.06387333]), array([-0.04033153]))","(array([0.06671909]), array([-0.03642557]))","(array([0.06726327]), array([-0.03166677]))","(array([0.06632174]), array([-0.03018845]))"
(0.027325764973277586+0j),[0.18915767],[1.],[0.2528627],[1.],"(array([0.12045657]), array([-0.0052839]))","(array([0.06319684]), array([-0.047297]))","(array([0.05959706]), array([-0.04408953]))","(array([0.05708687]), array([-0.04024373]))","(array([0.06133354]), array([-0.0325825]))","(array([0.06293995]), array([-0.03620576]))","(array([0.06387289]), array([-0.04033181]))","(array([0.0667187]), array([-0.03642589]))","(array([0.06726293]), array([-0.03166713]))","(array([0.06632143]), array([-0.03018881]))","(array([0.06739338]), array([-0.02445783]))"
(0.02655382108957862+0j),[0.18442087],[1.],[0.25074376],[1.],"(array([0.11952211]), array([-0.0045825]))","(array([0.05959651]), array([-0.04408956]))","(array([0.05708633]), array([-0.04024379]))","(array([0.06133305]), array([-0.03258267]))","(array([0.06293948]), array([-0.03620596]))","(array([0.06387245]), array([-0.04033203]))","(array([0.06671831]), array([-0.03642616]))","(array([0.06726258]), array([-0.03166743]))","(array([0.06632111]), array([-0.03018913]))","(array([0.06739312]), array([-0.02445817]))","(array([0.06515478]), array([-0.02742236]))"
(0.025855855289997398+0j),[0.16643435],[1.],[0.25814139],[1.],"(array([0.11554609]), array([-0.00249633]))","(array([0.05708577]), array([-0.04024379]))","(array([0.06133251]), array([-0.03258278]))","(array([0.06293897]), array([-0.03620611]))","(array([0.06387197]), array([-0.0403322]))","(array([0.06671787]), array([-0.03642639]))","(array([0.06726218]), array([-0.0316677]))","(array([0.06632074]), array([-0.03018942]))","(array([0.0673928]), array([-0.0244585]))","(array([0.06515447]), array([-0.02742268]))","(array([0.06399585]), array([-0.02765766]))"
(0.024484837101431445+0j),[0.18086993],[1.],[0.23786467],[1.],"(array([0.11415449]), array([-0.00269976]))","(array([0.06133187]), array([-0.03258282]))","(array([0.06293836]), array([-0.0362062]))","(array([0.06387138]), array([-0.04033233]))","(array([0.06671733]), array([-0.03642659]))","(array([0.06726168]), array([-0.03166795]))","(array([0.06632027]), array([-0.03018969]))","(array([0.06739239]), array([-0.02445883]))","(array([0.06515407]), array([-0.02742301]))","(array([0.06399548]), array([-0.02765801]))","(array([0.0610487]), array([-0.03065156]))"
(0.023006400102106393+0j),[0.17896304],[1.],[0.22773808],[1.],"(array([0.11384608]), array([0.00795206]))","(array([0.06293764]), array([-0.03620621]))","(array([0.06387069]), array([-0.04033239]))","(array([0.06671668]), array([-0.03642674]))","(array([0.06726107]), array([-0.03166817]))","(array([0.0663197]), array([-0.03018994]))","(array([0.06739187]), array([-0.02445915]))","(array([0.06515357]), array([-0.02742333]))","(array([0.06399502]), array([-0.02765834]))","(array([0.06104825]), array([-0.03065189]))","(array([0.06136167]), array([-0.02521188]))"
(0.021691323169089703+0j),[0.20091642],[1.],[0.19683097],[1.],"(array([0.1131886]), array([0.0040041]))","(array([0.06386991]), array([-0.04033235]))","(array([0.06671593]), array([-0.03642682]))","(array([0.06726037]), array([-0.03166832]))","(array([0.06631902]), array([-0.03019014]))","(array([0.06739124]), array([-0.02445943]))","(array([0.06515297]), array([-0.02742361]))","(array([0.06399445]), array([-0.02765865]))","(array([0.06104771]), array([-0.0306522]))","(array([0.06136119]), array([-0.02521224]))","(array([0.05994896]), array([-0.02341421]))"
(0.023539519553787587+0j),[0.20360367],[1.],[0.21177506],[1.],"(array([0.11037349]), array([0.004809]))","(array([0.06671513]), array([-0.03642679]))","(array([0.06725959]), array([-0.03166839]))","(array([0.06631828]), array([-0.03019025]))","(array([0.06739054]), array([-0.02445964]))","(array([0.0651523]), array([-0.02742383]))","(array([0.06399382]), array([-0.0276589]))","(array([0.06104709]), array([-0.03065245]))","(array([0.06136064]), array([-0.02521256]))","(array([0.05994845]), array([-0.02341456]))","(array([0.06234564]), array([-0.0177034]))"
(0.0252640915126947+0j),[0.20566485],[1.],[0.2250836],[1.],"(array([0.11642198]), array([0.00920399]))","(array([0.06725873]), array([-0.03166837]))","(array([0.06631745]), array([-0.03019029]))","(array([0.06738975]), array([-0.02445979]))","(array([0.06515154]), array([-0.02742399]))","(array([0.06399309]), array([-0.02765911]))","(array([0.06104639]), array([-0.03065265]))","(array([0.06136]), array([-0.02521285]))","(array([0.05994786]), array([-0.02341489]))","(array([0.06234514]), array([-0.01770383]))","(array([0.06437118]), array([-0.02023284]))"
(0.026886717410156462+0j),[0.18971442],[1.],[0.25134658],[1.],"(array([0.1198682]), array([0.01429264]))","(array([0.06631662]), array([-0.03019025]))","(array([0.06738895]), array([-0.02445986]))","(array([0.06515077]), array([-0.02742408]))","(array([0.06399236]), array([-0.02765923]))","(array([0.06104569]), array([-0.03065278]))","(array([0.06135934]), array([-0.02521307]))","(array([0.05994725]), array([-0.02341515]))","(array([0.06234461]), array([-0.01770419]))","(array([0.06437071]), array([-0.02023325]))","(array([0.06610847]), array([-0.02258143]))"
(0.023270500100219572+0j),[0.17451668],[1.],[0.23468511],[1.],"(array([0.12004815]), array([0.01222606]))","(array([0.06738822]), array([-0.02445985]))","(array([0.06515006]), array([-0.02742409]))","(array([0.06399167]), array([-0.02765928]))","(array([0.06104503]), array([-0.03065284]))","(array([0.06135873]), array([-0.02521321]))","(array([0.05994667]), array([-0.02341534]))","(array([0.06234409]), array([-0.01770449]))","(array([0.06437024]), array([-0.02023359]))","(array([0.06610806]), array([-0.02258181]))","(array([0.06359965]), array([-0.02532542]))"
(0.019918349296544676+0j),[0.1662055],[1.],[0.21290898],[1.],"(array([0.11742574]), array([0.01448285]))","(array([0.0651494]), array([-0.02742403]))","(array([0.06399104]), array([-0.02765927]))","(array([0.06104442]), array([-0.03065283]))","(array([0.06135815]), array([-0.02521329]))","(array([0.05994612]), array([-0.02341547]))","(array([0.0623436]), array([-0.01770471]))","(array([0.06436979]), array([-0.02023387]))","(array([0.06610766]), array([-0.02258213]))","(array([0.06359926]), array([-0.02532574]))","(array([0.05874441]), array([-0.02386304]))"
(0.017127423884411172+0j),[0.17073951],[1.],[0.1825508],[1.],"(array([0.11044627]), array([0.00977031]))","(array([0.0639904]), array([-0.0276592]))","(array([0.0610438]), array([-0.03065277]))","(array([0.06135755]), array([-0.02521331]))","(array([0.05994555]), array([-0.02341553]))","(array([0.06234308]), array([-0.01770489]))","(array([0.06436931]), array([-0.0202341]))","(array([0.06610722]), array([-0.02258241]))","(array([0.06359885]), array([-0.02532602]))","(array([0.05874402]), array([-0.02386332]))","(array([0.05485991]), array([-0.0206317]))"
(0.01690345252865101+0j),[0.15934449],[1.],[0.1909539],[1.],"(array([0.1052331]), array([0.01054171]))","(array([0.06104309]), array([-0.03065262]))","(array([0.06135686]), array([-0.02521327]))","(array([0.05994488]), array([-0.02341555]))","(array([0.06234245]), array([-0.01770503]))","(array([0.06436873]), array([-0.0202343]))","(array([0.06610668]), array([-0.02258267]))","(array([0.06359833]), array([-0.0253263]))","(array([0.05874353]), array([-0.0238636]))","(array([0.05485945]), array([-0.02063199]))","(array([0.05370453]), array([-0.0166175]))"
(0.01682781909497779+0j),[0.1369145],[1.],[0.20742293],[1.],"(array([0.10420527]), array([0.00511529]))","(array([0.06135604]), array([-0.02521313]))","(array([0.0599441]), array([-0.02341548]))","(array([0.0623417]), array([-0.01770511]))","(array([0.06436801]), array([-0.02023447]))","(array([0.06610602]), array([-0.02258292]))","(array([0.0635977]), array([-0.02532656]))","(array([0.05874292]), array([-0.02386386]))","(array([0.05485888]), array([-0.02063227]))","(array([0.05370402]), array([-0.01661783]))","(array([0.05255719]), array([-0.01949644]))"
(0.016662448346575726+0j),[0.14256579],[1.],[0.2026766],[1.],"(array([0.10813424]), array([0.00548846]))","(array([0.05994323]), array([-0.0234153]))","(array([0.06234085]), array([-0.01770512]))","(array([0.06436721]), array([-0.02023458]))","(array([0.06610527]), array([-0.02258311]))","(array([0.06359698]), array([-0.02532677]))","(array([0.05874223]), array([-0.02386407]))","(array([0.05485822]), array([-0.02063251]))","(array([0.05370341]), array([-0.01661814]))","(array([0.05255661]), array([-0.01949676]))","(array([0.04997767]), array([-0.02516121]))"
(0.016479153014553757+0j),[0.14787932],[1.],[0.19763492],[1.],"(array([0.10567894]), array([0.00848467]))","(array([0.06233996]), array([-0.01770503]))","(array([0.06436636]), array([-0.02023459]))","(array([0.06610446]), array([-0.02258322]))","(array([0.06359621]), array([-0.0253269]))","(array([0.05874148]), array([-0.02386422]))","(array([0.05485751]), array([-0.02063268]))","(array([0.05370275]), array([-0.01661838]))","(array([0.05255598]), array([-0.01949702]))","(array([0.04997706]), array([-0.02516145]))","(array([0.05049425]), array([-0.02365922]))"
(0.01614951436823514+0j),[0.13573635],[1.],[0.20366215],[1.],"(array([0.10691227]), array([0.01522529]))","(array([0.06436544]), array([-0.02023451]))","(array([0.06610358]), array([-0.02258325]))","(array([0.06359536]), array([-0.02532696]))","(array([0.05874067]), array([-0.02386429]))","(array([0.05485673]), array([-0.02063279]))","(array([0.05370201]), array([-0.01661858]))","(array([0.05255528]), array([-0.01949724]))","(array([0.04997638]), array([-0.02516165]))","(array([0.05049362]), array([-0.02365948]))","(array([0.05080494]), array([-0.02213651]))"
(0.015847083380208155+0j),[0.13658595],[1.],[0.20082388],[1.],"(array([0.11021472]), array([0.01009116]))","(array([0.06610261]), array([-0.02258318]))","(array([0.06359442]), array([-0.02532693]))","(array([0.05873976]), array([-0.02386427]))","(array([0.05485585]), array([-0.02063281]))","(array([0.05370117]), array([-0.0166187]))","(array([0.05255448]), array([-0.01949739]))","(array([0.0499756]), array([-0.02516178]))","(array([0.0504929]), array([-0.0236597]))","(array([0.05080429]), array([-0.0221368]))","(array([0.04918777]), array([-0.02454478]))"
(0.01810318783281662+0j),[0.14466718],[1.],[0.21674872],[1.],"(array([0.11390047]), array([0.00798858]))","(array([0.06359336]), array([-0.02532678]))","(array([0.05873873]), array([-0.02386414]))","(array([0.05485486]), array([-0.02063274]))","(array([0.05370021]), array([-0.01661875]))","(array([0.05255355]), array([-0.01949747]))","(array([0.04997472]), array([-0.02516184]))","(array([0.05049207]), array([-0.02365986]))","(array([0.05080351]), array([-0.02213706]))","(array([0.04918705]), array([-0.02454505]))","(array([0.05037523]), array([-0.02610934]))"
(0.020534634429078893+0j),[0.15407094],[1.],[0.2315457],[1.],"(array([0.11493459]), array([0.00708365]))","(array([0.05873761]), array([-0.0238639]))","(array([0.05485376]), array([-0.02063257]))","(array([0.05369915]), array([-0.0166187]))","(array([0.05255252]), array([-0.01949747]))","(array([0.04997373]), array([-0.02516182]))","(array([0.05049113]), array([-0.02365996]))","(array([0.05080264]), array([-0.02213726]))","(array([0.04918622]), array([-0.02454528]))","(array([0.05037448]), array([-0.02610965]))","(array([0.05373922]), array([-0.02825874]))"
(0.023114832621179124+0j),[0.13294589],[1.],[0.2637109],[1.],"(array([0.11343094]), array([0.01057058]))","(array([0.05485264]), array([-0.02063228]))","(array([0.05369804]), array([-0.01661856]))","(array([0.05255146]), array([-0.01949737]))","(array([0.04997271]), array([-0.02516171]))","(array([0.05049016]), array([-0.02365997]))","(array([0.05080171]), array([-0.02213739]))","(array([0.04918535]), array([-0.02454544]))","(array([0.05037367]), array([-0.02610989]))","(array([0.05373849]), array([-0.02825908]))","(array([0.05716807]), array([-0.03014975]))"
(0.02547263670995235+0j),[0.13039519],[1.],[0.28135669],[1.],"(array([0.11629488]), array([0.00907243]))","(array([0.05369695]), array([-0.01661831]))","(array([0.0525504]), array([-0.01949718]))","(array([0.04997171]), array([-0.02516151]))","(array([0.05048918]), array([-0.02365989]))","(array([0.05080078]), array([-0.02213743]))","(array([0.04918447]), array([-0.02454553]))","(array([0.05037285]), array([-0.02611006]))","(array([0.05373774]), array([-0.02825936]))","(array([0.0571674]), array([-0.03015012]))","(array([0.05644638]), array([-0.03835933]))"
(0.027844177975022023+0j),[0.11611969],[1.],[0.30267088],[1.],"(array([0.11903155]), array([0.01242577]))","(array([0.05254934]), array([-0.01949689]))","(array([0.0499707]), array([-0.02516121]))","(array([0.0504882]), array([-0.02365973]))","(array([0.05079983]), array([-0.0221374]))","(array([0.04918356]), array([-0.02454553]))","(array([0.050372]), array([-0.02611016]))","(array([0.05373695]), array([-0.02825957]))","(array([0.05716668]), array([-0.03015043]))","(array([0.05644569]), array([-0.03835965]))","(array([0.05782046]), array([-0.04206052]))"
(0.030366047086604207+0j),[0.12634139],[1.],[0.31389613],[1.],"(array([0.12257851]), array([0.00647518]))","(array([0.04996973]), array([-0.02516083]))","(array([0.05048724]), array([-0.02365948]))","(array([0.05079889]), array([-0.02213728]))","(array([0.04918267]), array([-0.02454546]))","(array([0.05037116]), array([-0.02611019]))","(array([0.05373617]), array([-0.02825971]))","(array([0.05716595]), array([-0.03015068]))","(array([0.056445]), array([-0.03835991]))","(array([0.05781982]), array([-0.04206083]))","(array([0.05750725]), array([-0.04766209]))"
(0.031807899615479675+0j),[0.12523996],[1.],[0.32254342],[1.],"(array([0.12172404]), array([0.00319185]))","(array([0.05048634]), array([-0.02365917]))","(array([0.05079802]), array([-0.02213709]))","(array([0.04918183]), array([-0.02454532]))","(array([0.05037036]), array([-0.02611014]))","(array([0.05373541]), array([-0.02825978]))","(array([0.05716525]), array([-0.03015085]))","(array([0.05644433]), array([-0.03836009]))","(array([0.0578192]), array([-0.04206107]))","(array([0.05750666]), array([-0.04766236]))","(array([0.06043137]), array([-0.04796572]))"
(0.03316850619622894+0j),[0.1049414],[1.],[0.33706557],[1.],"(array([0.12412167]), array([0.00441444]))","(array([0.05079719]), array([-0.02213685]))","(array([0.04918104]), array([-0.02454513]))","(array([0.0503696]), array([-0.02611005]))","(array([0.05373469]), array([-0.0282598]))","(array([0.05716457]), array([-0.03015097]))","(array([0.05644368]), array([-0.03836022]))","(array([0.05781859]), array([-0.04206126]))","(array([0.05750609]), array([-0.04766257]))","(array([0.06043085]), array([-0.047966]))","(array([0.06113023]), array([-0.04973416]))"
(0.03448642685118471+0j),[0.10432139],[1.],[0.34423329],[1.],"(array([0.12761084]), array([0.00143628]))","(array([0.04918026]), array([-0.02454488]))","(array([0.05036883]), array([-0.0261099]))","(array([0.05373396]), array([-0.02825976]))","(array([0.05716388]), array([-0.03015104]))","(array([0.05644302]), array([-0.03836031]))","(array([0.05781797]), array([-0.0420614]))","(array([0.0575055]), array([-0.04766275]))","(array([0.06043031]), array([-0.04796625]))","(array([0.06112973]), array([-0.04973445]))","(array([0.05882191]), array([-0.05473687]))"
(0.03188689841418257+0j),[0.11120189],[1.],[0.32738172],[1.],"(array([0.12515895]), array([-0.00104999]))","(array([0.05036803]), array([-0.02610968]))","(array([0.05373318]), array([-0.02825966]))","(array([0.05716313]), array([-0.03015106]))","(array([0.05644231]), array([-0.03836035]))","(array([0.05781729]), array([-0.04206151]))","(array([0.05750486]), array([-0.04766289]))","(array([0.06042971]), array([-0.04796646]))","(array([0.06112917]), array([-0.04973471]))","(array([0.05882138]), array([-0.05473715]))","(array([0.05833665]), array([-0.05405292]))"
(0.029508922907716863+0j),[0.08825723],[1.],[0.32060841],[1.],"(array([0.12261421]), array([-0.00105855]))","(array([0.05373232]), array([-0.0282595]))","(array([0.0571623]), array([-0.03015103]))","(array([0.05644151]), array([-0.03836034]))","(array([0.05781654]), array([-0.04206157]))","(array([0.05750414]), array([-0.047663]))","(array([0.06042904]), array([-0.04796666]))","(array([0.06112853]), array([-0.04973496]))","(array([0.05882077]), array([-0.05473741]))","(array([0.05833609]), array([-0.05405323]))","(array([0.05781818]), array([-0.05004239]))"
(0.02718448746572153+0j),[0.07013961],[1.],[0.31137971],[1.],"(array([0.12440904]), array([-0.00819539]))","(array([0.05716136]), array([-0.03015092]))","(array([0.05644062]), array([-0.03836027]))","(array([0.05781569]), array([-0.04206159]))","(array([0.05750334]), array([-0.04766307]))","(array([0.06042827]), array([-0.04796683]))","(array([0.06112781]), array([-0.04973519]))","(array([0.05882008]), array([-0.05473766]))","(array([0.05833544]), array([-0.05405352]))","(array([0.05781758]), array([-0.05004274]))","(array([0.05271465]), array([-0.05117674]))"
(0.028487530304092352+0j),[0.06201003],[1.],[0.32103856],[1.],"(array([0.12819796]), array([-0.01402047]))","(array([0.05643959]), array([-0.03836012]))","(array([0.0578147]), array([-0.04206154]))","(array([0.05750239]), array([-0.04766308]))","(array([0.06042738]), array([-0.04796697]))","(array([0.06112696]), array([-0.04973541]))","(array([0.05881926]), array([-0.05473789]))","(array([0.05833467]), array([-0.05405381]))","(array([0.05781686]), array([-0.05004309]))","(array([0.05271396]), array([-0.05117708]))","(array([0.04948805]), array([-0.0534553]))"
(0.029835108617731334+0j),[0.06103189],[1.],[0.32912355],[1.],"(array([0.12960563]), array([-0.02381994]))","(array([0.05781353]), array([-0.04206143]))","(array([0.05750128]), array([-0.04766305]))","(array([0.06042631]), array([-0.04796708]))","(array([0.06112593]), array([-0.04973561]))","(array([0.05881828]), array([-0.05473812]))","(array([0.05833374]), array([-0.05405412]))","(array([0.057816]), array([-0.05004348]))","(array([0.05271313]), array([-0.05117746]))","(array([0.04948726]), array([-0.05345567]))","(array([0.04917559]), array([-0.05609474]))"
(0.03111321678866677+0j),[0.05685776],[1.],[0.33710465],[1.],"(array([0.13271424]), array([-0.02764783]))","(array([0.05750008]), array([-0.04766294]))","(array([0.06042516]), array([-0.04796713]))","(array([0.06112483]), array([-0.04973576]))","(array([0.05881722]), array([-0.0547383]))","(array([0.05833274]), array([-0.05405438]))","(array([0.05781505]), array([-0.05004383]))","(array([0.05271222]), array([-0.0511778]))","(array([0.04948639]), array([-0.05345602]))","(array([0.04917478]), array([-0.05609511]))","(array([0.04993336]), array([-0.05766031]))"
(0.02967637993851152+0j),[0.03607648],[1.],[0.33195417],[1.],"(array([0.1324466]), array([-0.03403114]))","(array([0.06042398]), array([-0.0479671]))","(array([0.0611237]), array([-0.04973584]))","(array([0.05881613]), array([-0.05473842]))","(array([0.0583317]), array([-0.05405458]))","(array([0.05781407]), array([-0.05004413]))","(array([0.05271127]), array([-0.05117809]))","(array([0.0494855]), array([-0.05345631]))","(array([0.04917394]), array([-0.05609544]))","(array([0.04993258]), array([-0.05766067]))","(array([0.04927918]), array([-0.05809084]))"
(0.028139657501552368+0j),[0.02068175],[1.],[0.32460633],[1.],"(array([0.13417108]), array([-0.03889267]))","(array([0.06112256]), array([-0.04973586]))","(array([0.05881504]), array([-0.05473848]))","(array([0.05833065]), array([-0.05405473]))","(array([0.05781308]), array([-0.05004437]))","(array([0.05271031]), array([-0.05117833]))","(array([0.04948458]), array([-0.05345656]))","(array([0.04917308]), array([-0.05609572]))","(array([0.04993179]), array([-0.057661]))","(array([0.04927844]), array([-0.05809119]))","(array([0.04473275]), array([-0.05933071]))"
(0.02662465033651165+0j),[0.02805053],[1.],[0.31531905],[1.],"(array([0.1332411]), array([-0.04399946]))","(array([0.05881389]), array([-0.05473847]))","(array([0.05832955]), array([-0.05405482]))","(array([0.05781202]), array([-0.05004456]))","(array([0.05270929]), array([-0.05117852]))","(array([0.04948361]), array([-0.05345676]))","(array([0.04917217]), array([-0.05609596]))","(array([0.04993094]), array([-0.05766129]))","(array([0.04927765]), array([-0.0580915]))","(array([0.044732]), array([-0.05933101]))","(array([0.04102769]), array([-0.05958936]))"
(0.02430806746910101+0j),[0.04216893],[1.],[0.29966035],[1.],"(array([0.12820101]), array([-0.04725574]))","(array([0.0583283]), array([-0.05405483]))","(array([0.05781082]), array([-0.0500447]))","(array([0.05270814]), array([-0.05117866]))","(array([0.04948251]), array([-0.05345692]))","(array([0.04917113]), array([-0.05609617]))","(array([0.04992996]), array([-0.05766155]))","(array([0.04927674]), array([-0.05809181]))","(array([0.04473113]), array([-0.05933129]))","(array([0.04102688]), array([-0.05958963]))","(array([0.04117435]), array([-0.05635081]))"
(0.02231132713998194+0j),[0.0390549],[1.],[0.28741436],[1.],"(array([0.12428668]), array([-0.04348075]))","(array([0.05780946]), array([-0.05004477]))","(array([0.05270682]), array([-0.05117875]))","(array([0.04948126]), array([-0.05345702]))","(array([0.04916995]), array([-0.05609633]))","(array([0.04992886]), array([-0.05766179]))","(array([0.04927569]), array([-0.05809209]))","(array([0.04473014]), array([-0.05933156]))","(array([0.04102595]), array([-0.05958989]))","(array([0.0411735]), array([-0.05635112]))","(array([0.04213726]), array([-0.05183585]))"
(0.020480415753886934+0j),[0.04840751],[1.],[0.27382162],[1.],"(array([0.12109052]), array([-0.04025203]))","(array([0.05270532]), array([-0.05117874]))","(array([0.04947983]), array([-0.05345705]))","(array([0.0491686]), array([-0.05609643]))","(array([0.04992758]), array([-0.05766197]))","(array([0.04927449]), array([-0.05809233]))","(array([0.04472899]), array([-0.05933178]))","(array([0.04102487]), array([-0.05959011]))","(array([0.0411725]), array([-0.05635141]))","(array([0.04213635]), array([-0.0518362]))","(array([0.04012206]), array([-0.049908]))"
(0.021143595329178356+0j),[0.07810655],[1.],[0.27187073],[1.],"(array([0.11480921]), array([-0.03930251]))","(array([0.04947816]), array([-0.05345695]))","(array([0.04916702]), array([-0.05609643]))","(array([0.04992608]), array([-0.05766208]))","(array([0.04927308]), array([-0.05809252]))","(array([0.04472766]), array([-0.05933195]))","(array([0.04102361]), array([-0.05959029]))","(array([0.04117134]), array([-0.05635166]))","(array([0.04213527]), array([-0.05183655]))","(array([0.04012106]), array([-0.04990837]))","(array([0.04133781]), array([-0.04784702]))"
(0.022022980125358232+0j),[0.08175344],[1.],[0.277056],[1.],"(array([0.11122668]), array([-0.03499675]))","(array([0.0491652]), array([-0.05609629]))","(array([0.04992436]), array([-0.05766208]))","(array([0.04927144]), array([-0.05809261]))","(array([0.0447261]), array([-0.05933204]))","(array([0.04102215]), array([-0.05959038]))","(array([0.04116997]), array([-0.05635186]))","(array([0.04213401]), array([-0.05183686]))","(array([0.04011988]), array([-0.04990871]))","(array([0.04133674]), array([-0.04784744]))","(array([0.046862]), array([-0.04424747]))"
(0.022923267711013287+0j),[0.08290589],[1.],[0.28289986],[1.],"(array([0.11205579]), array([-0.03676978]))","(array([0.04992248]), array([-0.05766191]))","(array([0.04926965]), array([-0.05809256]))","(array([0.0447244]), array([-0.05933199]))","(array([0.04102055]), array([-0.05959035]))","(array([0.04116847]), array([-0.05635195]))","(array([0.04213261]), array([-0.05183708]))","(array([0.04011858]), array([-0.04990898]))","(array([0.04133553]), array([-0.04784781]))","(array([0.04686093]), array([-0.04424801]))","(array([0.04818325]), array([-0.04480346]))"
(0.025906544874174615+0j),[0.08040987],[1.],[0.30292018],[1.],"(array([0.11562288]), array([-0.03804558]))","(array([0.04926782]), array([-0.05809238]))","(array([0.04472267]), array([-0.05933182]))","(array([0.04101892]), array([-0.05959021]))","(array([0.04116693]), array([-0.05635194]))","(array([0.04213116]), array([-0.05183722]))","(array([0.04011722]), array([-0.04990916]))","(array([0.04133428]), array([-0.0478481]))","(array([0.0468598]), array([-0.0442485]))","(array([0.04818221]), array([-0.04480401]))","(array([0.04983915]), array([-0.04709187]))"
(0.02892296863162291+0j),[0.09386822],[1.],[0.31735269],[1.],"(array([0.11936056]), array([-0.03902167]))","(array([0.04472092]), array([-0.05933154]))","(array([0.04101727]), array([-0.05958997]))","(array([0.04116537]), array([-0.05635183]))","(array([0.04212969]), array([-0.05183726]))","(array([0.04011583]), array([-0.04990927]))","(array([0.04133298]), array([-0.04784833]))","(array([0.04685862]), array([-0.04424892]))","(array([0.04818111]), array([-0.04480451]))","(array([0.04983814]), array([-0.04709242]))","(array([0.05156275]), array([-0.0511685]))"
(0.03214503003953553+0j),[0.10363272],[1.],[0.33267512],[1.],"(array([0.1180691]), array([-0.03728084]))","(array([0.04101557]), array([-0.05958959]))","(array([0.04116375]), array([-0.0563516]))","(array([0.04212814]), array([-0.0518372]))","(array([0.04011438]), array([-0.04990927]))","(array([0.04133162]), array([-0.04784846]))","(array([0.04685737]), array([-0.04424927]))","(array([0.04817994]), array([-0.04480494]))","(array([0.04983704]), array([-0.04709292]))","(array([0.05156173]), array([-0.05116904]))","(array([0.05577108]), array([-0.05249782]))"
(0.032382658842377884+0j),[0.1132965],[1.],[0.33045622],[1.],"(array([0.11585803]), array([-0.03539235]))","(array([0.04116199]), array([-0.05635123]))","(array([0.04212646]), array([-0.05183702]))","(array([0.04011279]), array([-0.04990918]))","(array([0.04133012]), array([-0.04784852]))","(array([0.04685598]), array([-0.04424957]))","(array([0.04817863]), array([-0.04480534]))","(array([0.04983581]), array([-0.04709339]))","(array([0.05156057]), array([-0.05116957]))","(array([0.05577003]), array([-0.05249844]))","(array([0.0583771]), array([-0.05271871]))"
(0.032591379720702605+0j),[0.11279773],[1.],[0.33142958],[1.],"(array([0.11551078]), array([-0.03010892]))","(array([0.04212462]), array([-0.05183669]))","(array([0.04011104]), array([-0.04990895]))","(array([0.04132847]), array([-0.04784846]))","(array([0.04685441]), array([-0.0442498]))","(array([0.04817716]), array([-0.04480568]))","(array([0.04983442]), array([-0.04709382]))","(array([0.05155927]), array([-0.05117006]))","(array([0.05576883]), array([-0.05249906]))","(array([0.05837599]), array([-0.05271942]))","(array([0.05990137]), array([-0.05126871]))"
(0.0326835305924235+0j),[0.12272789],[1.],[0.32807583],[1.],"(array([0.11666317]), array([-0.02581496]))","(array([0.04010913]), array([-0.04990855]))","(array([0.04132664]), array([-0.04784826]))","(array([0.04685267]), array([-0.04424992]))","(array([0.0481755]), array([-0.04480594]))","(array([0.04983286]), array([-0.04709418]))","(array([0.05155779]), array([-0.05117051]))","(array([0.05576746]), array([-0.05249964]))","(array([0.05837472]), array([-0.05272011]))","(array([0.05990019]), array([-0.05126949]))","(array([0.0598053]), array([-0.05154342]))"
(0.03524496764233198+0j),[0.1319681],[1.],[0.33850822],[1.],"(array([0.11546655]), array([-0.02175336]))","(array([0.04132465]), array([-0.04784786]))","(array([0.04685075]), array([-0.04424989]))","(array([0.04817367]), array([-0.04480606]))","(array([0.04983111]), array([-0.04709443]))","(array([0.05155613]), array([-0.05117086]))","(array([0.05576591]), array([-0.05250016]))","(array([0.05837327]), array([-0.05272075]))","(array([0.05989883]), array([-0.05127024]))","(array([0.05980402]), array([-0.05154422]))","(array([0.0620623]), array([-0.05118595]))"
(0.03767612211898741+0j),[0.13192976],[1.],[0.35117506],[1.],"(array([0.11892678]), array([-0.01771695]))","(array([0.04684859]), array([-0.04424968]))","(array([0.0481716]), array([-0.04480604]))","(array([0.04982913]), array([-0.04709456]))","(array([0.05155425]), array([-0.05117111]))","(array([0.05576414]), array([-0.0525006]))","(array([0.0583716]), array([-0.05272135]))","(array([0.05989726]), array([-0.05127096]))","(array([0.05980253]), array([-0.05154502]))","(array([0.06206093]), array([-0.05118685]))","(array([0.06489574]), array([-0.05214218]))"
(0.03976570541937+0j),[0.15139714],[1.],[0.35385614],[1.],"(array([0.12708801]), array([-0.01421855]))","(array([0.04816931]), array([-0.04480581]))","(array([0.04982693]), array([-0.04709451]))","(array([0.05155215]), array([-0.0511712]))","(array([0.05576214]), array([-0.05250092]))","(array([0.0583697]), array([-0.05272185]))","(array([0.05989546]), array([-0.05127162]))","(array([0.05980082]), array([-0.05154575]))","(array([0.06205934]), array([-0.05118773]))","(array([0.06489428]), array([-0.05214317]))","(array([0.06612821]), array([-0.05447608]))"
(0.03917833053754619+0j),[0.12786278],[1.],[0.35960809],[1.],"(array([0.1274671]), array([-0.01048392]))","(array([0.0498245]), array([-0.04709425]))","(array([0.05154982]), array([-0.05117111]))","(array([0.05575991]), array([-0.0525011]))","(array([0.05836756]), array([-0.05272223]))","(array([0.05989342]), array([-0.05127217]))","(array([0.05979887]), array([-0.05154641]))","(array([0.06205751]), array([-0.05118855]))","(array([0.06489258]), array([-0.05214414]))","(array([0.06612664]), array([-0.05447714]))","(array([0.06937336]), array([-0.05151536]))"
(0.038535927112877184+0j),[0.14119132],[1.],[0.35090112],[1.],"(array([0.13034844]), array([-0.01788967]))","(array([0.05154735]), array([-0.0511708]))","(array([0.05575753]), array([-0.05250107]))","(array([0.05836527]), array([-0.05272244]))","(array([0.05989121]), array([-0.05127258]))","(array([0.05979675]), array([-0.05154693]))","(array([0.06205551]), array([-0.05118926]))","(array([0.06489071]), array([-0.05214502]))","(array([0.06612489]), array([-0.05447812]))","(array([0.0693718]), array([-0.05151652]))","(array([0.0655547]), array([-0.05513596]))"
(0.03796395177289596+0j),[0.14192094],[1.],[0.34729952],[1.],"(array([0.1301167]), array([-0.01893438]))","(array([0.05575513]), array([-0.05250087]))","(array([0.05836293]), array([-0.05272249]))","(array([0.05988895]), array([-0.05127283]))","(array([0.05979458]), array([-0.0515473]))","(array([0.06205344]), array([-0.05118983]))","(array([0.06488877]), array([-0.05214577]))","(array([0.06612306]), array([-0.05447898]))","(array([0.06937015]), array([-0.05151757]))","(array([0.06555311]), array([-0.05513698]))","(array([0.067203]), array([-0.05192724]))"
(0.03497122069350031+0j),[0.15697973],[1.],[0.3239066],[1.],"(array([0.13199996]), array([-0.0200662]))","(array([0.0583607]), array([-0.05272236]))","(array([0.05988677]), array([-0.05127291]))","(array([0.05979247]), array([-0.05154751]))","(array([0.06205144]), array([-0.05119023]))","(array([0.06488687]), array([-0.05214635]))","(array([0.06612127]), array([-0.05447969]))","(array([0.06936852]), array([-0.05151847]))","(array([0.06555153]), array([-0.05513786]))","(array([0.06720157]), array([-0.05192823]))","(array([0.06621247]), array([-0.04981478]))"
(0.032278111016935694+0j),[0.18443116],[1.],[0.29237997],[1.],"(array([0.12940161]), array([-0.01696337]))","(array([0.05988468]), array([-0.05127281]))","(array([0.05979044]), array([-0.05154755]))","(array([0.06204948]), array([-0.05119047]))","(array([0.064885]), array([-0.05214678]))","(array([0.06611951]), array([-0.05448023]))","(array([0.0693669]), array([-0.05151921]))","(array([0.06554997]), array([-0.05513859]))","(array([0.06720014]), array([-0.05192909]))","(array([0.06621114]), array([-0.0498157]))","(array([0.06648944]), array([-0.04364572]))"
(0.02995190147290939+0j),[0.18604677],[1.],[0.27604195],[1.],"(array([0.12395858]), array([-0.00950764]))","(array([0.05978838]), array([-0.0515474]))","(array([0.06204749]), array([-0.05119053]))","(array([0.06488309]), array([-0.05214703]))","(array([0.06611769]), array([-0.05448062]))","(array([0.06936521]), array([-0.05151981]))","(array([0.06554834]), array([-0.05513918]))","(array([0.06719864]), array([-0.05192983]))","(array([0.06620973]), array([-0.04981651]))","(array([0.06648817]), array([-0.04364664]))","(array([0.06820744]), array([-0.03460901]))"
(0.03167489087921939+0j),[0.1846523],[1.],[0.28845676],[1.],"(array([0.12320303]), array([-0.00941938]))","(array([0.06204539]), array([-0.05119037]))","(array([0.06488106]), array([-0.05214709]))","(array([0.06611575]), array([-0.05448084]))","(array([0.06936338]), array([-0.05152026]))","(array([0.06554658]), array([-0.05513964]))","(array([0.06719699]), array([-0.05193044]))","(array([0.06620819]), array([-0.0498172]))","(array([0.06648675]), array([-0.04364747]))","(array([0.0682062]), array([-0.03461001]))","(array([0.06819199]), array([-0.03385675]))"
(0.033288464250100444+0j),[0.18535461],[1.],[0.29824501],[1.],"(array([0.12812138]), array([-0.009383]))","(array([0.06487891]), array([-0.05214693]))","(array([0.06611367]), array([-0.05448085]))","(array([0.06936141]), array([-0.05152054]))","(array([0.06554468]), array([-0.05513993]))","(array([0.0671952]), array([-0.05193092]))","(array([0.06620649]), array([-0.04981778]))","(array([0.06648518]), array([-0.04364819]))","(array([0.06820479]), array([-0.03461093]))","(array([0.0681907]), array([-0.03385775]))","(array([0.06924498]), array([-0.03632193]))"
(0.03478740621015007+0j),[0.20473208],[1.],[0.29477383],[1.],"(array([0.13302648]), array([-0.01016533]))","(array([0.06611166]), array([-0.05448067]))","(array([0.06935947]), array([-0.05152063]))","(array([0.06554281]), array([-0.05514004]))","(array([0.06719343]), array([-0.05193122]))","(array([0.0662048]), array([-0.04981818]))","(array([0.0664836]), array([-0.04364876]))","(array([0.06820336]), array([-0.03461171]))","(array([0.06818937]), array([-0.03385861]))","(array([0.06924375]), array([-0.03632287]))","(array([0.07043164]), array([-0.03802872]))"
(0.03735004736356258+0j),[0.22584322],[1.],[0.29515507],[1.],"(array([0.13421823]), array([-0.00818634]))","(array([0.06935768]), array([-0.05152057]))","(array([0.06554109]), array([-0.05514001]))","(array([0.06719178]), array([-0.05193137]))","(array([0.06620323]), array([-0.04981844]))","(array([0.06648211]), array([-0.04364916]))","(array([0.068202]), array([-0.03461232]))","(array([0.06818809]), array([-0.03385931]))","(array([0.06924257]), array([-0.03632364]))","(array([0.07043055]), array([-0.03802957]))","(array([0.07414599]), array([-0.03583662]))"
(0.03960493010001352+0j),[0.22707348],[1.],[0.30754912],[1.],"(array([0.13744972]), array([-0.00066436]))","(array([0.06553953]), array([-0.05513983]))","(array([0.06719027]), array([-0.05193137]))","(array([0.06620178]), array([-0.04981854]))","(array([0.06648074]), array([-0.04364941]))","(array([0.06820072]), array([-0.03461277]))","(array([0.06818688]), array([-0.03385984]))","(array([0.06924144]), array([-0.03632425]))","(array([0.0704295]), array([-0.03803025]))","(array([0.07414507]), array([-0.03583743]))","(array([0.07808941]), array([-0.03354284]))"
(0.04206852114511188+0j),[0.23571427],[1.],[0.31499575],[1.],"(array([0.1364252]), array([-0.00393566]))","(array([0.06718893]), array([-0.05193124]))","(array([0.06620048]), array([-0.04981851]))","(array([0.06647949]), array([-0.04364953]))","(array([0.06819954]), array([-0.03461306]))","(array([0.06818576]), array([-0.03386022]))","(array([0.06924039]), array([-0.0363247]))","(array([0.07042853]), array([-0.03803078]))","(array([0.07414421]), array([-0.03583808]))","(array([0.07808867]), array([-0.0335436]))","(array([0.07978739]), array([-0.03578806]))"
(0.0408669115768728+0j),[0.25779458],[1.],[0.28897054],[1.],"(array([0.13742963]), array([0.0010899]))","(array([0.06619938]), array([-0.04981837]))","(array([0.06647841]), array([-0.04364951]))","(array([0.0681985]), array([-0.03461321]))","(array([0.06818478]), array([-0.03386045]))","(array([0.06923945]), array([-0.036325]))","(array([0.07042765]), array([-0.03803115]))","(array([0.07414342]), array([-0.03583856]))","(array([0.07808799]), array([-0.03354419]))","(array([0.07978677]), array([-0.03578869]))","(array([0.08103838]), array([-0.03432077]))"
(0.03976198218937401+0j),[0.26149836],[1.],[0.27775163],[1.],"(array([0.13074609]), array([0.00800811]))","(array([0.0664775]), array([-0.0436494]))","(array([0.06819761]), array([-0.03461325]))","(array([0.06818392]), array([-0.03386056]))","(array([0.06923864]), array([-0.03632518]))","(array([0.07042689]), array([-0.03803138]))","(array([0.07414272]), array([-0.03583891]))","(array([0.07808736]), array([-0.03354463]))","(array([0.0797862]), array([-0.03578918]))","(array([0.08103787]), array([-0.03432131]))","(array([0.08235283]), array([-0.02698678]))"
(0.03853553335812066+0j),[0.23861151],[1.],[0.28945867],[1.],"(array([0.12855831]), array([0.0148428]))","(array([0.06819678]), array([-0.03461317]))","(array([0.06818312]), array([-0.03386056]))","(array([0.06923787]), array([-0.03632524]))","(array([0.07042616]), array([-0.03803151]))","(array([0.07414204]), array([-0.03583914]))","(array([0.07808675]), array([-0.03354496]))","(array([0.07978563]), array([-0.03578956]))","(array([0.08103736]), array([-0.03432174]))","(array([0.08235239]), array([-0.02698728]))","(array([0.08169637]), array([-0.02451829]))"
(0.03367517986333587+0j),[0.22403174],[1.],[0.26913927],[1.],"(array([0.13023043]), array([0.01863232]))","(array([0.06818222]), array([-0.03386043]))","(array([0.069237]), array([-0.0363252]))","(array([0.07042532]), array([-0.03803155]))","(array([0.07414126]), array([-0.0358393]))","(array([0.07808602]), array([-0.03354524]))","(array([0.07978495]), array([-0.0357899]))","(array([0.08103673]), array([-0.03432215]))","(array([0.08235184]), array([-0.02698777]))","(array([0.08169588]), array([-0.02451882]))","(array([0.07712906]), array([-0.02710087]))"
(0.02935673262960987+0j),[0.21447512],[1.],[0.24613047],[1.],"(array([0.12573806]), array([0.01617285]))","(array([0.06923598]), array([-0.03632503]))","(array([0.07042434]), array([-0.03803148]))","(array([0.07414031]), array([-0.03583938]))","(array([0.07808513]), array([-0.03354547]))","(array([0.07978412]), array([-0.03579021]))","(array([0.08103595]), array([-0.03432255]))","(array([0.08235114]), array([-0.02698826]))","(array([0.08169523]), array([-0.02451938]))","(array([0.07712843]), array([-0.02710141]))","(array([0.0721083]), array([-0.02482922]))"
(0.025621589894763114+0j),[0.21500506],[1.],[0.21563745],[1.],"(array([0.12169737]), array([0.01168008]))","(array([0.07042334]), array([-0.03803128]))","(array([0.07413935]), array([-0.03583934]))","(array([0.07808421]), array([-0.03354559]))","(array([0.07978324]), array([-0.03579041]))","(array([0.08103512]), array([-0.03432284]))","(array([0.08235038]), array([-0.02698867]))","(array([0.08169453]), array([-0.02451985]))","(array([0.07712774]), array([-0.02710187]))","(array([0.07210764]), array([-0.0248297]))","(array([0.06780457]), array([-0.02143139]))"
(0.025384109211966065+0j),[0.20678824],[1.],[0.22215349],[1.],"(array([0.11918395]), array([0.01014094]))","(array([0.07413844]), array([-0.0358392]))","(array([0.07808333]), array([-0.03354561]))","(array([0.0797824]), array([-0.03579052]))","(array([0.08103432]), array([-0.03432304]))","(array([0.08234963]), array([-0.02698898]))","(array([0.08169383]), array([-0.02452022]))","(array([0.07712705]), array([-0.02710224]))","(array([0.07210698]), array([-0.02483007]))","(array([0.06780395]), array([-0.02143178]))","(array([0.06609889]), array([-0.01814276]))"
(0.02502187579697758+0j),[0.21714247],[1.],[0.20952522],[1.],"(array([0.12424461]), array([0.01047506]))","(array([0.0780825]), array([-0.03354554]))","(array([0.0797816]), array([-0.03579053]))","(array([0.08103356]), array([-0.03432315]))","(array([0.08234891]), array([-0.0269892]))","(array([0.08169314]), array([-0.02452051]))","(array([0.07712638]), array([-0.02710253]))","(array([0.07210633]), array([-0.02483037]))","(array([0.06780334]), array([-0.02143209]))","(array([0.06609832]), array([-0.01814312]))","(array([0.06516264]), array([-0.02023693]))"
(0.02451821359319134+0j),[0.20894903],[1.],[0.21392998],[1.],"(array([0.12531967]), array([0.01499263]))","(array([0.07978085]), array([-0.03579048]))","(array([0.08103282]), array([-0.03432319]))","(array([0.08234821]), array([-0.02698935]))","(array([0.08169247]), array([-0.02452071]))","(array([0.07712573]), array([-0.02710273]))","(array([0.0721057]), array([-0.02483058]))","(array([0.06780273]), array([-0.02143233]))","(array([0.06609775]), array([-0.0181434]))","(array([0.06516211]), array([-0.02023724]))","(array([0.06565414]), array([-0.01664025]))"
(0.021216230535948663+0j),[0.21848518],[1.],[0.17146523],[1.],"(array([0.12488017]), array([0.0110072]))","(array([0.08103209]), array([-0.03432316]))","(array([0.0823475]), array([-0.02698943]))","(array([0.08169179]), array([-0.02452086]))","(array([0.07712506]), array([-0.02710288]))","(array([0.07210506]), array([-0.02483075]))","(array([0.06780211]), array([-0.02143252]))","(array([0.06609717]), array([-0.01814363]))","(array([0.06516156]), array([-0.0202375]))","(array([0.06565365]), array([-0.01664058]))","(array([0.0630779]), array([-0.01565903]))"
(0.01859114479350958+0j),[0.21072272],[1.],[0.15152854],[1.],"(array([0.11675707]), array([0.01454507]))","(array([0.0823468]), array([-0.02698945]))","(array([0.08169112]), array([-0.02452095]))","(array([0.07712441]), array([-0.02710297]))","(array([0.07210442]), array([-0.02483086]))","(array([0.0678015]), array([-0.02143265]))","(array([0.06609659]), array([-0.01814381]))","(array([0.06516101]), array([-0.0202377]))","(array([0.06565315]), array([-0.01664085]))","(array([0.06307744]), array([-0.01565931]))","(array([0.06018389]), array([-0.00650528]))"
(0.01616350158049653+0j),[0.21318551],[1.],[0.11369646],[1.],"(array([0.11365168]), array([0.01999787]))","(array([0.08169045]), array([-0.02452098]))","(array([0.07712376]), array([-0.02710301]))","(array([0.07210379]), array([-0.02483091]))","(array([0.06780089]), array([-0.02143272]))","(array([0.06609601]), array([-0.01814394]))","(array([0.06516046]), array([-0.02023786]))","(array([0.06565265]), array([-0.01664107]))","(array([0.06307697]), array([-0.01565955]))","(array([0.06018347]), array([-0.00650557]))","(array([0.05634496]), array([-0.00361777]))"
(0.014338821081153103+0j),[0.20869753],[1.],[0.0899012],[1.],"(array([0.1048477]), array([0.02295245]))","(array([0.07712314]), array([-0.02710298]))","(array([0.07210319]), array([-0.0248309]))","(array([0.0678003]), array([-0.02143274]))","(array([0.06609544]), array([-0.01814401]))","(array([0.06515992]), array([-0.02023796]))","(array([0.06565215]), array([-0.01664124]))","(array([0.0630765]), array([-0.01565974]))","(array([0.06018304]), array([-0.00650581]))","(array([0.05634455]), array([-0.00361802]))","(array([0.05269211]), array([0.00368138]))"
(0.01298060231276614+0j),[0.2082324],[1.],[0.05706307],[1.],"(array([0.09515795]), array([0.01944927]))","(array([0.07210261]), array([-0.02483083]))","(array([0.06779973]), array([-0.0214327]))","(array([0.0660949]), array([-0.01814402]))","(array([0.0651594]), array([-0.020238]))","(array([0.06565166]), array([-0.01664135]))","(array([0.06307603]), array([-0.01565988]))","(array([0.06018261]), array([-0.006506]))","(array([0.05634415]), array([-0.00361821]))","(array([0.05269175]), array([0.00368115]))","(array([0.04933305]), array([0.00765696]))"
(0.011983054832020857+0j),[0.20597995],[1.],[0.02215019],[1.],"(array([0.0830381]), array([0.02156291]))","(array([0.06779916]), array([-0.0214326]))","(array([0.06609434]), array([-0.01814397]))","(array([0.06515886]), array([-0.02023799]))","(array([0.06565115]), array([-0.01664142]))","(array([0.06307554]), array([-0.01565996]))","(array([0.06018216]), array([-0.00650614]))","(array([0.05634372]), array([-0.00361837]))","(array([0.05269136]), array([0.00368095]))","(array([0.04933269]), array([0.00765674]))","(array([0.04564608]), array([0.01372589]))"
(0.01162783226860167+0j),[0.20278029],[1.],[0.02308076],[1.],"(array([0.07466669]), array([0.02437984]))","(array([0.06609368]), array([-0.01814388]))","(array([0.06515823]), array([-0.02023793]))","(array([0.06565054]), array([-0.01664145]))","(array([0.06307496]), array([-0.01566003]))","(array([0.06018161]), array([-0.00650628]))","(array([0.05634319]), array([-0.00361852]))","(array([0.05269088]), array([0.00368074]))","(array([0.04933224]), array([0.0076565]))","(array([0.04564568]), array([0.0137256]))","(array([0.04310869]), array([0.0169581]))"
(0.011248696501822385+0j),[0.19824234],[1.],[0.03080739],[1.],"(array([0.07321048]), array([0.0268802]))","(array([0.06515751]), array([-0.02023782]))","(array([0.06564985]), array([-0.01664144]))","(array([0.0630743]), array([-0.01566005]))","(array([0.06018098]), array([-0.00650639]))","(array([0.05634259]), array([-0.00361865]))","(array([0.05269032]), array([0.00368054]))","(array([0.04933172]), array([0.00765626]))","(array([0.04564521]), array([0.01372531]))","(array([0.04310828]), array([0.01695774]))","(array([0.04255062]), array([0.01634798]))"
(0.011024110498690095+0j),[0.19110793],[1.],[0.05372481],[1.],"(array([0.07399869]), array([0.02383919]))","(array([0.06564917]), array([-0.01664138]))","(array([0.06307364]), array([-0.01566003]))","(array([0.06018034]), array([-0.00650645]))","(array([0.05634198]), array([-0.00361873]))","(array([0.05268975]), array([0.00368038]))","(array([0.04933118]), array([0.00765607]))","(array([0.04564471]), array([0.01372506]))","(array([0.04310784]), array([0.01695742]))","(array([0.04255025]), array([0.0163476]))","(array([0.0425926]), array([0.01438112]))"
(0.010403824471905923+0j),[0.18322376],[1.],[0.05908167],[1.],"(array([0.07765012]), array([0.02577792]))","(array([0.06307306]), array([-0.01565995]))","(array([0.06017978]), array([-0.00650646]))","(array([0.05634144]), array([-0.00361876]))","(array([0.05268923]), array([0.00368029]))","(array([0.04933069]), array([0.00765595]))","(array([0.04564426]), array([0.01372487]))","(array([0.04310743]), array([0.01695717]))","(array([0.04254989]), array([0.01634729]))","(array([0.04259228]), array([0.01438077]))","(array([0.04273687]), array([0.01081594]))"
(0.00982658205557674+0j),[0.1676667],[1.],[0.0823742],[1.],"(array([0.07631759]), array([0.02500197]))","(array([0.06017928]), array([-0.00650641]))","(array([0.05634096]), array([-0.00361873]))","(array([0.05268877]), array([0.00368026]))","(array([0.04933025]), array([0.00765588]))","(array([0.04564384]), array([0.01372475]))","(array([0.04310705]), array([0.01695699]))","(array([0.04254955]), array([0.01634705]))","(array([0.04259197]), array([0.0143805]))","(array([0.04273658]), array([0.01081566]))","(array([0.04183667]), array([0.00886037]))"
(0.009138637719369132+0j),[0.16567756],[1.],[0.07037658],[1.],"(array([0.07862128]), array([0.03050743]))","(array([0.05634052]), array([-0.00361866]))","(array([0.05268834]), array([0.00368027]))","(array([0.04932984]), array([0.00765586]))","(array([0.04564345]), array([0.01372468]))","(array([0.04310668]), array([0.01695685]))","(array([0.04254921]), array([0.01634686]))","(array([0.04259167]), array([0.01438027]))","(array([0.04273628]), array([0.01081543]))","(array([0.04183639]), array([0.00886013]))","(array([0.04127607]), array([0.00253524]))"
(0.008488910646260771+0j),[0.16192225],[1.],[0.06163862],[1.],"(array([0.07225947]), array([0.03288614]))","(array([0.0526879]), array([0.00368031]))","(array([0.04932941]), array([0.00765586]))","(array([0.04564303]), array([0.01372462]))","(array([0.04310629]), array([0.01695674]))","(array([0.04254885]), array([0.01634669]))","(array([0.04259133]), array([0.01438006]))","(array([0.04273597]), array([0.0108152]))","(array([0.04183608]), array([0.0088599]))","(array([0.04127576]), array([0.00253504]))","(array([0.0395737]), array([0.00446574]))"
(0.007780144806690313+0j),[0.15575202],[1.],[0.05613594],[1.],"(array([0.06678049]), array([0.03917927]))","(array([0.04932895]), array([0.0076559]))","(array([0.04564259]), array([0.0137246]))","(array([0.04310587]), array([0.01695664]))","(array([0.04254845]), array([0.01634653]))","(array([0.04259097]), array([0.01437986]))","(array([0.04273561]), array([0.01081499]))","(array([0.04183574]), array([0.00885968]))","(array([0.04127542]), array([0.00253485]))","(array([0.0395734]), array([0.00446551]))","(array([0.03778946]), array([0.00554449]))"
(0.007086550558604759+0j),[0.14322276],[1.],[0.06587003],[1.],"(array([0.0622986]), array([0.0417006]))","(array([0.04564213]), array([0.01372461]))","(array([0.04310543]), array([0.01695658]))","(array([0.04254804]), array([0.0163464]))","(array([0.04259058]), array([0.01437968]))","(array([0.04273524]), array([0.0108148]))","(array([0.04183538]), array([0.00885948]))","(array([0.04127505]), array([0.00253469]))","(array([0.03957307]), array([0.00446531]))","(array([0.03778917]), array([0.00554425]))","(array([0.03596857]), array([0.00578987]))"
(0.006967365442245899+0j),[0.1422374],[1.],[0.06609336],[1.],"(array([0.06244065]), array([0.04486534]))","(array([0.04310498]), array([0.01695654]))","(array([0.04254761]), array([0.01634629]))","(array([0.04259017]), array([0.01437952]))","(array([0.04273484]), array([0.01081463]))","(array([0.041835]), array([0.0088593]))","(array([0.04127468]), array([0.00253454]))","(array([0.03957272]), array([0.00446511]))","(array([0.03778887]), array([0.00554402]))","(array([0.0359683]), array([0.00578962]))","(array([0.03536812]), array([0.001022]))"
(0.006842556075138148+0j),[0.12901076],[1.],[0.08752359],[1.],"(array([0.06001927]), array([0.04780283]))","(array([0.04254716]), array([0.01634622]))","(array([0.04258974]), array([0.01437939]))","(array([0.04273443]), array([0.01081448]))","(array([0.0418346]), array([0.00885915]))","(array([0.04127427]), array([0.00253441]))","(array([0.03957235]), array([0.00446494]))","(array([0.03778853]), array([0.00554381]))","(array([0.035968]), array([0.00578937]))","(array([0.03536783]), array([0.00102176]))","(array([0.03517106]), array([0.00077452]))"
(0.006978371593790444+0j),[0.12309057],[1.],[0.09953358],[1.],"(array([0.06418895]), array([0.04430149]))","(array([0.04258924]), array([0.01437928]))","(array([0.04273394]), array([0.01081435]))","(array([0.04183412]), array([0.008859]))","(array([0.0412738]), array([0.00253431]))","(array([0.03957192]), array([0.00446478]))","(array([0.03778813]), array([0.0055436]))","(array([0.03596764]), array([0.00578913]))","(array([0.03536749]), array([0.00102151]))","(array([0.03517078]), array([0.00077422]))","(array([0.03503118]), array([-0.00476513]))"
(0.005817532542790899+0j),[0.10742564],[1.],[0.09558106],[1.],"(array([0.06372391]), array([0.04108316]))","(array([0.04273335]), array([0.01081425]))","(array([0.04183355]), array([0.00885889]))","(array([0.04127324]), array([0.00253423]))","(array([0.03957139]), array([0.00446463]))","(array([0.03778764]), array([0.0055434]))","(array([0.03596719]), array([0.00578887]))","(array([0.03536706]), array([0.00102126]))","(array([0.03517042]), array([0.0007739]))","(array([0.03503084]), array([-0.00476546]))","(array([0.03369395]), array([-0.0049517]))"
(0.004841391147148834+0j),[0.09757525],[1.],[0.08654543],[1.],"(array([0.06299246]), array([0.03416254]))","(array([0.04183288]), array([0.00885879]))","(array([0.04127258]), array([0.00253419]))","(array([0.03957076]), array([0.0044645]))","(array([0.03778705]), array([0.0055432]))","(array([0.03596664]), array([0.00578862]))","(array([0.03536654]), array([0.00102099]))","(array([0.03516997]), array([0.00077355]))","(array([0.03503043]), array([-0.00476582]))","(array([0.03369359]), array([-0.00495209]))","(array([0.03035017]), array([-0.00587133]))"
(0.004028690100976347+0j),[0.09490047],[1.],[0.07043979],[1.],"(array([0.0601255]), array([0.0300901]))","(array([0.04127183]), array([0.00253418]))","(array([0.03957004]), array([0.0044644]))","(array([0.03778637]), array([0.005543]))","(array([0.03596601]), array([0.00578835]))","(array([0.03536593]), array([0.00102073]))","(array([0.03516945]), array([0.00077318]))","(array([0.03502994]), array([-0.0047662]))","(array([0.03369316]), array([-0.0049525]))","(array([0.03034976]), array([-0.00587173]))","(array([0.0275336]), array([-0.00522686]))"
(0.005364612822119569+0j),[0.09461632],[1.],[0.10205995],[1.],"(array([0.06122065]), array([0.0233336]))","(array([0.0395692]), array([0.00446429]))","(array([0.03778557]), array([0.0055428]))","(array([0.03596526]), array([0.00578807]))","(array([0.03536521]), array([0.00102043]))","(array([0.03516882]), array([0.00077277]))","(array([0.03502935]), array([-0.00476663]))","(array([0.03369265]), array([-0.00495298]))","(array([0.03034927]), array([-0.00587218]))","(array([0.02753315]), array([-0.00522732]))","(array([0.02798767]), array([-0.00687725]))"
(0.0071753242421279334+0j),[0.08262749],[1.],[0.14067829],[1.],"(array([0.06649986]), array([0.02515317]))","(array([0.03778459]), array([0.00554263]))","(array([0.03596433]), array([0.00578779]))","(array([0.03536432]), array([0.00102014]))","(array([0.03516803]), array([0.00077232]))","(array([0.03502861]), array([-0.00476709]))","(array([0.03369199]), array([-0.0049535]))","(array([0.03034864]), array([-0.00587269]))","(array([0.02753257]), array([-0.00522783]))","(array([0.02798717]), array([-0.00687782]))","(array([0.03138298]), array([-0.01297906]))"
(0.009573161636848158+0j),[0.07708207],[1.],[0.1738102],[1.],"(array([0.07323246]), array([0.02356865]))","(array([0.0359632]), array([0.00578755]))","(array([0.03536323]), array([0.00101988]))","(array([0.03516706]), array([0.00077187]))","(array([0.03502769]), array([-0.00476758]))","(array([0.03369116]), array([-0.00495406]))","(array([0.03034784]), array([-0.00587323]))","(array([0.02753183]), array([-0.00522838]))","(array([0.02798653]), array([-0.00687844]))","(array([0.03138244]), array([-0.01297975]))","(array([0.03333562]), array([-0.02168672]))"
(0.008548703378478018+0j),[0.08044908],[1.],[0.16048864],[1.],"(array([0.07410006]), array([0.02258848]))","(array([0.03536199]), array([0.00101969]))","(array([0.03516592]), array([0.00077144]))","(array([0.03502662]), array([-0.00476804]))","(array([0.03369019]), array([-0.00495462]))","(array([0.0303469]), array([-0.00587376]))","(array([0.02753095]), array([-0.00522894]))","(array([0.02798576]), array([-0.00687909]))","(array([0.03138177]), array([-0.01298048]))","(array([0.03333499]), array([-0.02168744]))","(array([0.03361925]), array([-0.02462805]))"
(0.0076805806365438135+0j),[0.06399645],[1.],[0.15745526],[1.],"(array([0.07058263]), array([0.01867802]))","(array([0.03516462]), array([0.00077104]))","(array([0.03502539]), array([-0.00476849]))","(array([0.03368906]), array([-0.00495518]))","(array([0.03034582]), array([-0.0058743]))","(array([0.02752993]), array([-0.0052295]))","(array([0.02798485]), array([-0.00687976]))","(array([0.03138097]), array([-0.01298124]))","(array([0.03333424]), array([-0.02168822]))","(array([0.03361859]), array([-0.02462885]))","(array([0.03290371]), array([-0.02167395]))"
(0.00689341695522132+0j),[0.0660336],[1.],[0.14676222],[1.],"(array([0.06972214]), array([0.01481843]))","(array([0.03502409]), array([-0.00476888]))","(array([0.03368786]), array([-0.00495569]))","(array([0.03034467]), array([-0.00587479]))","(array([0.02752885]), array([-0.00523003]))","(array([0.02798388]), array([-0.00688041]))","(array([0.03138011]), array([-0.01298199]))","(array([0.03333343]), array([-0.02168897]))","(array([0.03361785]), array([-0.02462964]))","(array([0.0329031]), array([-0.02167479]))","(array([0.02944513]), array([-0.02290501]))"
(0.008597228441896988+0j),[0.05245692],[1.],[0.17304473],[1.],"(array([0.07064674]), array([0.00986308]))","(array([0.03368668]), array([-0.00495616]))","(array([0.03034353]), array([-0.00587524]))","(array([0.02752778]), array([-0.0052305]))","(array([0.02798291]), array([-0.00688101]))","(array([0.03137925]), array([-0.01298269]))","(array([0.03333261]), array([-0.02168968]))","(array([0.03361712]), array([-0.02463038]))","(array([0.03290248]), array([-0.0216756]))","(array([0.02944453]), array([-0.02290578]))","(array([0.0304839]), array([-0.02353508]))"
(0.010530537142168651+0j),[0.056782],[1.],[0.19272426],[1.],"(array([0.07510884]), array([0.00669415]))","(array([0.03034238]), array([-0.00587564]))","(array([0.02752669]), array([-0.00523094]))","(array([0.02798193]), array([-0.00688157]))","(array([0.03137837]), array([-0.01298336]))","(array([0.03333178]), array([-0.02169036]))","(array([0.03361636]), array([-0.0246311]))","(array([0.03290183]), array([-0.02167638]))","(array([0.0294439]), array([-0.02290653]))","(array([0.03048338]), array([-0.02353587]))","(array([0.0308015]), array([-0.03004831]))"
(0.012651514852688181+0j),[0.05324813],[1.],[0.21416019],[1.],"(array([0.07615968]), array([0.006747]))","(array([0.02752547]), array([-0.00523136]))","(array([0.02798081]), array([-0.00688212]))","(array([0.03137736]), array([-0.01298404]))","(array([0.03333082]), array([-0.02169106]))","(array([0.03361549]), array([-0.02463184]))","(array([0.03290108]), array([-0.02167719]))","(array([0.02944316]), array([-0.02290732]))","(array([0.03048276]), array([-0.0235367]))","(array([0.03080092]), array([-0.03004912]))","(array([0.03384114]), array([-0.03336855]))"
(0.01571160230263776+0j),[0.062666],[1.],[0.23808191],[1.],"(array([0.07880886]), array([0.00659719]))","(array([0.02797945]), array([-0.00688267]))","(array([0.03137611]), array([-0.01298474]))","(array([0.03332963]), array([-0.02169179]))","(array([0.0336144]), array([-0.02463264]))","(array([0.03290013]), array([-0.02167809]))","(array([0.02944223]), array([-0.02290817]))","(array([0.03048196]), array([-0.02353762]))","(array([0.03080015]), array([-0.03005001]))","(array([0.0338405]), array([-0.03336948]))","(array([0.03588658]), array([-0.03849953]))"
(0.018909434294508656+0j),[0.05550856],[1.],[0.26430395],[1.],"(array([0.08448361]), array([0.00705555]))","(array([0.03137458]), array([-0.01298546]))","(array([0.03332818]), array([-0.02169254]))","(array([0.03361305]), array([-0.02463347]))","(array([0.03289893]), array([-0.02167905]))","(array([0.02944106]), array([-0.02290909]))","(array([0.03048094]), array([-0.02353862]))","(array([0.03079919]), array([-0.03005099]))","(array([0.03383968]), array([-0.03337052]))","(array([0.03588585]), array([-0.03850059]))","(array([0.04032421]), array([-0.04196611]))"
(0.022189591098185385+0j),[0.05152501],[1.],[0.28775467],[1.],"(array([0.09353182]), array([-0.00047518]))","(array([0.03332654]), array([-0.02169326]))","(array([0.03361152]), array([-0.02463428]))","(array([0.03289755]), array([-0.02168001]))","(array([0.02943973]), array([-0.02291001]))","(array([0.03047976]), array([-0.02353965]))","(array([0.03079806]), array([-0.03005199]))","(array([0.03383871]), array([-0.0333716]))","(array([0.03588498]), array([-0.03850169]))","(array([0.04032351]), array([-0.04196727]))","(array([0.04191426]), array([-0.04757577]))"
(0.023722226978467396+0j),[0.04933791],[1.],[0.2979371],[1.],"(array([0.09927364]), array([-0.00985075]))","(array([0.03360989]), array([-0.02463504]))","(array([0.03289607]), array([-0.02168093]))","(array([0.02943829]), array([-0.02291089]))","(array([0.03047848]), array([-0.02354065]))","(array([0.03079684]), array([-0.03005297]))","(array([0.03383764]), array([-0.03337267]))","(array([0.03588402]), array([-0.03850279]))","(array([0.04032272]), array([-0.04196844]))","(array([0.04191356]), array([-0.04757694]))","(array([0.04323089]), array([-0.05119179]))"
(0.025226631148824247+0j),[0.03942191],[1.],[0.30862033],[1.],"(array([0.10177922]), array([-0.01320446]))","(array([0.03289452]), array([-0.02168178]))","(array([0.02943678]), array([-0.0229117]))","(array([0.03047712]), array([-0.02354158]))","(array([0.03079555]), array([-0.03005389]))","(array([0.0338365]), array([-0.03337368]))","(array([0.03588299]), array([-0.03850385]))","(array([0.04032185]), array([-0.04196958]))","(array([0.04191279]), array([-0.04757808]))","(array([0.04323022]), array([-0.05119294]))","(array([0.04398526]), array([-0.05332222]))"
(0.026693916137080727+0j),[0.03838682],[1.],[0.31743452],[1.],"(array([0.10342268]), array([-0.01250499]))","(array([0.02943527]), array([-0.02291238]))","(array([0.03047575]), array([-0.0235424]))","(array([0.03079425]), array([-0.0300547]))","(array([0.03383534]), array([-0.0333746]))","(array([0.03588193]), array([-0.03850481]))","(array([0.04032095]), array([-0.04197063]))","(array([0.04191198]), array([-0.04757915]))","(array([0.0432295]), array([-0.05119401]))","(array([0.04398464]), array([-0.05332329]))","(array([0.04321281]), array([-0.05649177]))"
(0.0281408719050197+0j),[0.02679845],[1.],[0.32686477],[1.],"(array([0.1019023]), array([-0.01393587]))","(array([0.03047444]), array([-0.02354307]))","(array([0.03079299]), array([-0.03005537]))","(array([0.03383422]), array([-0.03337538]))","(array([0.03588091]), array([-0.03850564]))","(array([0.04032007]), array([-0.04197156]))","(array([0.04191118]), array([-0.04758009]))","(array([0.04322879]), array([-0.05119497]))","(array([0.04398401]), array([-0.05332425]))","(array([0.04321223]), array([-0.05649272]))","(array([0.04400859]), array([-0.05827101]))"
(0.029491763876638193+0j),[0.02220164],[1.],[0.33466618],[1.],"(array([0.10498217]), array([-0.01710069]))","(array([0.03079181]), array([-0.03005592]))","(array([0.03383315]), array([-0.03337603]))","(array([0.03587992]), array([-0.03850635]))","(array([0.04031921]), array([-0.04197236]))","(array([0.0419104]), array([-0.04758091]))","(array([0.04322808]), array([-0.05119581]))","(array([0.04398338]), array([-0.0533251]))","(array([0.04321166]), array([-0.05649355]))","(array([0.04400809]), array([-0.05827185]))","(array([0.04283423]), array([-0.06130521]))"
(0.030796992467244905+0j),[0.03781144],[1.],[0.34028424],[1.],"(array([0.10699766]), array([-0.02446943]))","(array([0.03383209]), array([-0.03337657]))","(array([0.03587894]), array([-0.03850694]))","(array([0.04031834]), array([-0.04197306]))","(array([0.0419096]), array([-0.04758163]))","(array([0.04322736]), array([-0.05119656]))","(array([0.04398273]), array([-0.05332587]))","(array([0.04321106]), array([-0.05649431]))","(array([0.04400756]), array([-0.05827261]))","(array([0.04283374]), array([-0.06130596]))","(array([0.04294192]), array([-0.06320376]))"
(0.034204660963853314+0j),[0.03785212],[1.],[0.3582092],[1.],"(array([0.11251859]), array([-0.02428019]))","(array([0.03587788]), array([-0.03850748]))","(array([0.04031739]), array([-0.0419737]))","(array([0.04190873]), array([-0.04758232]))","(array([0.04322657]), array([-0.05119727]))","(array([0.04398201]), array([-0.0533266]))","(array([0.0432104]), array([-0.05649504]))","(array([0.04400697]), array([-0.05827335]))","(array([0.0428332]), array([-0.06130669]))","(array([0.04294143]), array([-0.06320449]))","(array([0.04722192]), array([-0.06359707]))"
(0.03752757756586456+0j),[0.06181344],[1.],[0.37144156],[1.],"(array([0.11842599]), array([-0.02928436]))","(array([0.04031631]), array([-0.04197435]))","(array([0.04190773]), array([-0.04758301]))","(array([0.04322565]), array([-0.05119801]))","(array([0.04398117]), array([-0.05332737]))","(array([0.04320962]), array([-0.05649581]))","(array([0.04400627]), array([-0.05827414]))","(array([0.04283255]), array([-0.06130747]))","(array([0.04294086]), array([-0.06320527]))","(array([0.04722145]), array([-0.06359787]))","(array([0.04926256]), array([-0.06687799]))"
(0.04068213256481805+0j),[0.07958432],[1.],[0.38303761],[1.],"(array([0.12563933]), array([-0.0274043]))","(array([0.0419065]), array([-0.04758375]))","(array([0.04322452]), array([-0.0511988]))","(array([0.04398013]), array([-0.0533282]))","(array([0.04320865]), array([-0.05649665]))","(array([0.0440054]), array([-0.05827501]))","(array([0.04283174]), array([-0.06130833]))","(array([0.04294012]), array([-0.06320614]))","(array([0.04722083]), array([-0.06359878]))","(array([0.04926203]), array([-0.0668789]))","(array([0.05528079]), array([-0.06660768]))"
(0.03657024214414148+0j),[0.09881347],[1.],[0.35747313],[1.],"(array([0.12577503]), array([-0.02897279]))","(array([0.04322309]), array([-0.05119965]))","(array([0.04397882]), array([-0.05332911]))","(array([0.04320742]), array([-0.05649757]))","(array([0.04400428]), array([-0.05827598]))","(array([0.0428307]), array([-0.0613093]))","(array([0.04293917]), array([-0.06320712]))","(array([0.04722003]), array([-0.06359982]))","(array([0.04926132]), array([-0.06687995]))","(array([0.05528024]), array([-0.06660877]))","(array([0.05805327]), array([-0.06332775]))"
(0.032988244875011306+0j),[0.08757416],[1.],[0.34112764],[1.],"(array([0.1214357]), array([-0.02826463]))","(array([0.04397724]), array([-0.05333004]))","(array([0.04320594]), array([-0.05649852]))","(array([0.04400293]), array([-0.05827699]))","(array([0.04282944]), array([-0.06131032]))","(array([0.04293801]), array([-0.06320817]))","(array([0.04721903]), array([-0.06360095]))","(array([0.04926044]), array([-0.06688109]))","(array([0.05527954]), array([-0.06660997]))","(array([0.05805271]), array([-0.06332897]))","(array([0.05897018]), array([-0.05626765]))"
(0.029713124015605722+0j),[0.10042963],[1.],[0.31875638],[1.],"(array([0.11857497]), array([-0.03280715]))","(array([0.04320429]), array([-0.05649946]))","(array([0.04400141]), array([-0.05827801]))","(array([0.04282802]), array([-0.06131135]))","(array([0.04293671]), array([-0.06320924]))","(array([0.0472179]), array([-0.06360211]))","(array([0.04925942]), array([-0.06688228]))","(array([0.05527871]), array([-0.06661123]))","(array([0.05805205]), array([-0.06333026]))","(array([0.05896969]), array([-0.05626895]))","(array([0.05507387]), array([-0.05434315]))"
(0.03104906747474265+0j),[0.12797378],[1.],[0.31667257],[1.],"(array([0.11569217]), array([-0.03306895]))","(array([0.0439998]), array([-0.05827899]))","(array([0.04282651]), array([-0.06131236]))","(array([0.04293532]), array([-0.06321029]))","(array([0.04721668]), array([-0.06360327]))","(array([0.04925832]), array([-0.06688347]))","(array([0.05527781]), array([-0.0666125]))","(array([0.05805132]), array([-0.06333157]))","(array([0.05896912]), array([-0.05627029]))","(array([0.05507335]), array([-0.05434445]))","(array([0.056537]), array([-0.05106215]))"
(0.03240105778830703+0j),[0.14685486],[1.],[0.31630475],[1.],"(array([0.11600031]), array([-0.02875186]))","(array([0.0428249]), array([-0.06131334]))","(array([0.04293383]), array([-0.06321132]))","(array([0.04721537]), array([-0.06360442]))","(array([0.04925714]), array([-0.06688466]))","(array([0.05527683]), array([-0.06661379]))","(array([0.05805051]), array([-0.06333291]))","(array([0.05896849]), array([-0.05627166]))","(array([0.05507277]), array([-0.05434579]))","(array([0.05653655]), array([-0.05106349]))","(array([0.06157317]), array([-0.04759171]))"
(0.03383529902574478+0j),[0.16987563],[1.],[0.31296325],[1.],"(array([0.11476128]), array([-0.02756454]))","(array([0.0429322]), array([-0.06321235]))","(array([0.04721392]), array([-0.06360558]))","(array([0.04925583]), array([-0.06688588]))","(array([0.05527573]), array([-0.06661511]))","(array([0.0580496]), array([-0.06333429]))","(array([0.05896775]), array([-0.05627308]))","(array([0.05507209]), array([-0.05434718]))","(array([0.05653602]), array([-0.05106489]))","(array([0.06157285]), array([-0.04759313]))","(array([0.06519722]), array([-0.04542538]))"
(0.033215161580212885+0j),[0.19511511],[1.],[0.29364335],[1.],"(array([0.11273092]), array([-0.02435736]))","(array([0.04721221]), array([-0.06360682]))","(array([0.04925428]), array([-0.06688719]))","(array([0.0552744]), array([-0.06661656]))","(array([0.05804848]), array([-0.06333582]))","(array([0.05896684]), array([-0.05627467]))","(array([0.05507124]), array([-0.05434873]))","(array([0.05653534]), array([-0.05106646]))","(array([0.0615724]), array([-0.04759474]))","(array([0.06519696]), array([-0.04542698]))","(array([0.06855065]), array([-0.04102109]))"
(0.0326132393159028+0j),[0.17924833],[1.],[0.29956555],[1.],"(array([0.11265859]), array([-0.01918906]))","(array([0.04925241]), array([-0.06688864]))","(array([0.0552728]), array([-0.06661818]))","(array([0.05804713]), array([-0.06333755]))","(array([0.05896572]), array([-0.05627647]))","(array([0.05507018]), array([-0.0543505]))","(array([0.05653449]), array([-0.05106826]))","(array([0.06157181]), array([-0.04759658]))","(array([0.06519658]), array([-0.04542884]))","(array([0.0685505]), array([-0.04102294]))","(array([0.07119229]), array([-0.03447045]))"
(0.03198473366005997+0j),[0.19197441],[1.],[0.28725984],[1.],"(array([0.11594994]), array([-0.02587527]))","(array([0.05527105]), array([-0.06661981]))","(array([0.05804562]), array([-0.06333929]))","(array([0.05896445]), array([-0.05627831]))","(array([0.055069]), array([-0.0543523]))","(array([0.05653351]), array([-0.0510701]))","(array([0.06157111]), array([-0.0475985]))","(array([0.06519611]), array([-0.04543078]))","(array([0.06855027]), array([-0.04102489]))","(array([0.07119231]), array([-0.03447237]))","(array([0.06886962]), array([-0.03725611]))"
(0.033794427027557826+0j),[0.20382558],[1.],[0.29056439],[1.],"(array([0.12096833]), array([-0.02281278]))","(array([0.05804402]), array([-0.06334105]))","(array([0.05896309]), array([-0.05628017]))","(array([0.05506772]), array([-0.05435413]))","(array([0.05653244]), array([-0.05107198]))","(array([0.06157033]), array([-0.04760046]))","(array([0.06519556]), array([-0.04543277]))","(array([0.06854997]), array([-0.04102689]))","(array([0.07119227]), array([-0.03447436]))","(array([0.06886958]), array([-0.03725806]))","(array([0.07078898]), array([-0.03499281]))"
(0.035378457703682725+0j),[0.20457422],[1.],[0.29965789],[1.],"(array([0.12438706]), array([-0.01701592]))","(array([0.05896165]), array([-0.056282]))","(array([0.05506635]), array([-0.05435593]))","(array([0.05653129]), array([-0.05107384]))","(array([0.06156946]), array([-0.04760241]))","(array([0.06519493]), array([-0.04543477]))","(array([0.06854959]), array([-0.04102892]))","(array([0.07119217]), array([-0.03447638]))","(array([0.06886946]), array([-0.03726004]))","(array([0.07078904]), array([-0.03499475]))","(array([0.07329258]), array([-0.03429281]))"
(0.03670931916536281+0j),[0.18807001],[1.],[0.31773262],[1.],"(array([0.12727221]), array([-0.00997477]))","(array([0.05506494]), array([-0.05435768]))","(array([0.05653009]), array([-0.05107565]))","(array([0.06156854]), array([-0.04760433]))","(array([0.06519425]), array([-0.04543674]))","(array([0.06854916]), array([-0.04103092]))","(array([0.071192]), array([-0.03447839]))","(array([0.06886928]), array([-0.03726201]))","(array([0.07078904]), array([-0.03499668]))","(array([0.07329275]), array([-0.03429469]))","(array([0.0742608]), array([-0.03600549]))"
(0.03642599229761852+0j),[0.19213717],[1.],[0.31320738],[1.],"(array([0.12633742]), array([-0.01173323]))","(array([0.05652893]), array([-0.05107728]))","(array([0.06156764]), array([-0.04760607]))","(array([0.06519357]), array([-0.04543853]))","(array([0.0685487]), array([-0.04103275]))","(array([0.0711918]), array([-0.03448024]))","(array([0.06886907]), array([-0.03726382]))","(array([0.07078899]), array([-0.03499847]))","(array([0.07329286]), array([-0.03429643]))","(array([0.07426099]), array([-0.03600718]))","(array([0.07255212]), array([-0.04041195]))"
(0.03603713220572746+0j),[0.19104373],[1.],[0.31122281],[1.],"(array([0.12677433]), array([-0.00763858]))","(array([0.06156679]), array([-0.04760758]))","(array([0.06519291]), array([-0.0454401]))","(array([0.06854825]), array([-0.04103436]))","(array([0.07119157]), array([-0.03448187]))","(array([0.06886883]), array([-0.03726543]))","(array([0.0707889]), array([-0.03500005]))","(array([0.0732929]), array([-0.03429799]))","(array([0.07426112]), array([-0.03600869]))","(array([0.07255225]), array([-0.04041342]))","(array([0.07274346]), array([-0.03911518]))"
(0.03540843844498633+0j),[0.21735339],[1.],[0.2891905],[1.],"(array([0.13125928]), array([-0.00449234]))","(array([0.06519219]), array([-0.04544162]))","(array([0.06854773]), array([-0.04103593]))","(array([0.07119126]), array([-0.03448347]))","(array([0.06886852]), array([-0.037267]))","(array([0.07078874]), array([-0.03500162]))","(array([0.07329287]), array([-0.03429953]))","(array([0.07426119]), array([-0.03601019]))","(array([0.07255231]), array([-0.04041489]))","(array([0.07274362]), array([-0.0391166]))","(array([0.07218683]), array([-0.03879792]))"
(0.03465288417810466+0j),[0.23225752],[1.],[0.27202033],[1.],"(array([0.12993743]), array([0.00340724]))","(array([0.06854707]), array([-0.04103762]))","(array([0.07119082]), array([-0.03448521]))","(array([0.06886809]), array([-0.0372687]))","(array([0.07078846]), array([-0.03500332]))","(array([0.07329275]), array([-0.03430122]))","(array([0.07426116]), array([-0.03601184]))","(array([0.07255229]), array([-0.0404165]))","(array([0.07274371]), array([-0.03911816]))","(array([0.072187]), array([-0.03879943]))","(array([0.0746788]), array([-0.03164657]))"
(0.03373443228399093+0j),[0.22431539],[1.],[0.27223176],[1.],"(array([0.12944167]), array([0.01098149]))","(array([0.07119024]), array([-0.03448707]))","(array([0.06886751]), array([-0.03727054]))","(array([0.07078807]), array([-0.03500516]))","(array([0.07329252]), array([-0.03430306]))","(array([0.07426105]), array([-0.03601365]))","(array([0.07255218]), array([-0.04041826]))","(array([0.07274372]), array([-0.03911988]))","(array([0.07218711]), array([-0.03880109]))","(array([0.07467914]), array([-0.03164814]))","(array([0.07549914]), array([-0.02672656]))"
(0.03261782051386034+0j),[0.2074827],[1.],[0.27784206],[1.],"(array([0.13207546]), array([0.01562617]))","(array([0.06886678]), array([-0.03727241]))","(array([0.07078752]), array([-0.03500706]))","(array([0.07329216]), array([-0.03430496]))","(array([0.07426081]), array([-0.03601553]))","(array([0.07255195]), array([-0.0404201]))","(array([0.07274362]), array([-0.03912168]))","(array([0.07218711]), array([-0.03880284]))","(array([0.07467941]), array([-0.03164981]))","(array([0.07549959]), array([-0.02672813]))","(array([0.07384396]), array([-0.02767123]))"
(0.03431796002983213+0j),[0.19374271],[1.],[0.29837325],[1.],"(array([0.13298377]), array([0.00920367]))","(array([0.07078681]), array([-0.03500907]))","(array([0.07329165]), array([-0.034307]))","(array([0.07426043]), array([-0.03601756]))","(array([0.07255158]), array([-0.04042208]))","(array([0.0727434]), array([-0.03912363]))","(array([0.07218701]), array([-0.03880474]))","(array([0.07467959]), array([-0.03165165]))","(array([0.07549998]), array([-0.02672988]))","(array([0.07384442]), array([-0.0276729]))","(array([0.0723101]), array([-0.03228874]))"
(0.035956321944839144+0j),[0.19055457],[1.],[0.31032043],[1.],"(array([0.13936209]), array([0.00838526]))","(array([0.07329098]), array([-0.03430906]))","(array([0.07425991]), array([-0.03601962]))","(array([0.07255108]), array([-0.04042411]))","(array([0.07274305]), array([-0.03912563]))","(array([0.07218679]), array([-0.03880671]))","(array([0.07467967]), array([-0.03165356]))","(array([0.07550029]), array([-0.02673171]))","(array([0.0738448]), array([-0.02767466]))","(array([0.07231051]), array([-0.03229043]))","(array([0.0718704]), array([-0.03769055]))"
(0.037476438483979566+0j),[0.17763426],[1.],[0.32651685],[1.],"(array([0.14442359]), array([0.00836393]))","(array([0.0742593]), array([-0.03602167]))","(array([0.0725505]), array([-0.04042612]))","(array([0.07274262]), array([-0.03912763]))","(array([0.0721865]), array([-0.03880868]))","(array([0.07467967]), array([-0.0316555]))","(array([0.07550053]), array([-0.02673357]))","(array([0.07384513]), array([-0.02767645]))","(array([0.07231086]), array([-0.03229216]))","(array([0.07187079]), array([-0.03769221]))","(array([0.07252433]), array([-0.04026582]))"
(0.03348594255217226+0j),[0.20217359],[1.],[0.28715374],[1.],"(array([0.1453218]), array([0.00385369]))","(array([0.07254991]), array([-0.04042787]))","(array([0.07274217]), array([-0.03912939]))","(array([0.07218617]), array([-0.03881041]))","(array([0.07467961]), array([-0.03165721]))","(array([0.07550067]), array([-0.02673523]))","(array([0.07384535]), array([-0.02767806]))","(array([0.07231111]), array([-0.03229371]))","(array([0.07187109]), array([-0.03769371]))","(array([0.07252471]), array([-0.04026724]))","(array([0.07006615]), array([-0.04160391]))"
(0.030275733456872837+0j),[0.18611653],[1.],[0.27695418],[1.],"(array([0.13499506]), array([0.00495936]))","(array([0.07274169]), array([-0.03913102]))","(array([0.07218581]), array([-0.03881203]))","(array([0.07467951]), array([-0.03165882]))","(array([0.07550077]), array([-0.0267368]))","(array([0.07384552]), array([-0.02767958]))","(array([0.07231131]), array([-0.03229518]))","(array([0.07187133]), array([-0.03769514]))","(array([0.07252504]), array([-0.0402686]))","(array([0.07006652]), array([-0.0416052]))","(array([0.07053076]), array([-0.03138519]))"
(0.02730072986871661+0j),[0.18404394],[1.],[0.25769421],[1.],"(array([0.13293935]), array([0.00270234]))","(array([0.07218549]), array([-0.03881347]))","(array([0.07467942]), array([-0.03166026]))","(array([0.07550085]), array([-0.0267382]))","(array([0.07384567]), array([-0.02768093]))","(array([0.07231149]), array([-0.0322965]))","(array([0.07187155]), array([-0.03769641]))","(array([0.07252533]), array([-0.04026982]))","(array([0.07006685]), array([-0.04160636]))","(array([0.07053125]), array([-0.03138625]))","(array([0.06632903]), array([-0.03121568]))"
(0.028405608921160952+0j),[0.18478369],[1.],[0.26543932],[1.],"(array([0.13130332]), array([0.00256076]))","(array([0.07467935]), array([-0.03166142]))","(array([0.07550093]), array([-0.02673934]))","(array([0.0738458]), array([-0.02768203]))","(array([0.07231164]), array([-0.03229758]))","(array([0.07187173]), array([-0.03769746]))","(array([0.07252558]), array([-0.04027082]))","(array([0.07006712]), array([-0.04160732]))","(array([0.07053166]), array([-0.03138711]))","(array([0.06632944]), array([-0.03121651]))","(array([0.06539118]), array([-0.03051008]))"
(0.02925917905485212+0j),[0.18723447],[1.],[0.270016],[1.],"(array([0.13543811]), array([0.0096991]))","(array([0.075501]), array([-0.02674024]))","(array([0.07384592]), array([-0.02768292]))","(array([0.07231178]), array([-0.03229844]))","(array([0.0718719]), array([-0.0376983]))","(array([0.0725258]), array([-0.04027163]))","(array([0.07006736]), array([-0.04160809]))","(array([0.070532]), array([-0.03138781]))","(array([0.06632978]), array([-0.03121718]))","(array([0.06539156]), array([-0.03051071]))","(array([0.06619946]), array([-0.03193797]))"
(0.02995811057151833+0j),[0.17189208],[1.],[0.28491148],[1.],"(array([0.13724586]), array([0.01503802]))","(array([0.07384601]), array([-0.02768366]))","(array([0.07231188]), array([-0.03229917]))","(array([0.07187202]), array([-0.03769901]))","(array([0.07252597]), array([-0.04027232]))","(array([0.07006755]), array([-0.04160875]))","(array([0.07053228]), array([-0.03138842]))","(array([0.06633007]), array([-0.03121776]))","(array([0.06539187]), array([-0.03051126]))","(array([0.06619981]), array([-0.03193848]))","(array([0.06705411]), array([-0.03258308]))"
(0.02619903840346786+0j),[0.16652039],[1.],[0.2626225],[1.],"(array([0.13539603]), array([0.01074524]))","(array([0.07231195]), array([-0.03229982]))","(array([0.07187212]), array([-0.03769965]))","(array([0.07252611]), array([-0.04027295]))","(array([0.07006771]), array([-0.04160936]))","(array([0.07053253]), array([-0.03138897]))","(array([0.06633031]), array([-0.0312183]))","(array([0.06539214]), array([-0.03051176]))","(array([0.0662001]), array([-0.03193895]))","(array([0.06705444]), array([-0.03258351]))","(array([0.06405596]), array([-0.03408906]))"
(0.023032829974356808+0j),[0.16704965],[1.],[0.23868898],[1.],"(array([0.12899229]), array([0.0050699]))","(array([0.07187218]), array([-0.0377002]))","(array([0.07252622]), array([-0.04027348]))","(array([0.07006783]), array([-0.04160987]))","(array([0.07053272]), array([-0.03138945]))","(array([0.0663305]), array([-0.03121876]))","(array([0.06539235]), array([-0.0305122]))","(array([0.06620035]), array([-0.03193936]))","(array([0.06705471]), array([-0.03258389]))","(array([0.06405623]), array([-0.03408942]))","(array([0.06070374]), array([-0.03040145]))"
(0.020410882650155015+0j),[0.17003436],[1.],[0.21486136],[1.],"(array([0.12329562]), array([-7.15719818e-05]))","(array([0.07252631]), array([-0.04027389]))","(array([0.07006795]), array([-0.04161027]))","(array([0.07053288]), array([-0.03138981]))","(array([0.06633066]), array([-0.03121911]))","(array([0.06539254]), array([-0.03051253]))","(array([0.06620055]), array([-0.03193968]))","(array([0.06705493]), array([-0.03258419]))","(array([0.06405646]), array([-0.0340897]))","(array([0.06070398]), array([-0.03040171]))","(array([0.05829938]), array([-0.02571943]))"
(0.020515647647283114+0j),[0.16468798],[1.],[0.22037842],[1.],"(array([0.12111978]), array([-0.00191826]))","(array([0.07006804]), array([-0.04161053]))","(array([0.07053302]), array([-0.03139005]))","(array([0.06633079]), array([-0.03121934]))","(array([0.06539268]), array([-0.03051275]))","(array([0.06620071]), array([-0.03193989]))","(array([0.0670551]), array([-0.03258439]))","(array([0.06405663]), array([-0.03408989]))","(array([0.06070415]), array([-0.03040188]))","(array([0.05829956]), array([-0.02571958]))","(array([0.05751387]), array([-0.02290516]))"
(0.020710608608870525+0j),[0.16252535],[1.],[0.22402574],[1.],"(array([0.11993377]), array([-0.00439916]))","(array([0.07053313]), array([-0.0313902]))","(array([0.0663309]), array([-0.03121948]))","(array([0.0653928]), array([-0.03051289]))","(array([0.06620084]), array([-0.03194002]))","(array([0.06705524]), array([-0.03258451]))","(array([0.06405676]), array([-0.03409001]))","(array([0.06070429]), array([-0.03040199]))","(array([0.0582997]), array([-0.02571968]))","(array([0.05751401]), array([-0.02290524]))","(array([0.05715896]), array([-0.02457914]))"
(0.020689612682818687+0j),[0.16344984],[1.],[0.22360118],[1.],"(array([0.12119255]), array([0.00509188]))","(array([0.06633099]), array([-0.03121955]))","(array([0.06539288]), array([-0.03051295]))","(array([0.06620093]), array([-0.03194009]))","(array([0.06705533]), array([-0.03258458]))","(array([0.06405686]), array([-0.03409008]))","(array([0.06070438]), array([-0.03040205]))","(array([0.05829979]), array([-0.02571973]))","(array([0.0575141]), array([-0.02290528]))","(array([0.05715905]), array([-0.02457918]))","(array([0.05692413]), array([-0.02563121]))"
(0.01894824613496577+0j),[0.17930995],[1.],[0.19501191],[1.],"(array([0.11518086]), array([0.00546029]))","(array([0.06539294]), array([-0.03051296]))","(array([0.06620099]), array([-0.0319401]))","(array([0.0670554]), array([-0.03258458]))","(array([0.06405692]), array([-0.03409009]))","(array([0.06070444]), array([-0.03040206]))","(array([0.05829984]), array([-0.02571973]))","(array([0.05751416]), array([-0.02290529]))","(array([0.0571591]), array([-0.02457918]))","(array([0.05692418]), array([-0.02563122]))","(array([0.05619058]), array([-0.02396526]))"
(0.0174838965889949+0j),[0.16703083],[1.],[0.19175439],[1.],"(array([0.10798056]), array([0.00964152]))","(array([0.06620103]), array([-0.03194008]))","(array([0.06705544]), array([-0.03258457]))","(array([0.06405696]), array([-0.03409008]))","(array([0.06070447]), array([-0.03040204]))","(array([0.05829988]), array([-0.02571972]))","(array([0.05751419]), array([-0.02290527]))","(array([0.05715913]), array([-0.02457917]))","(array([0.05692421]), array([-0.02563121]))","(array([0.0561906]), array([-0.02396525]))","(array([0.05606857]), array([-0.01680469]))"
(0.01613232238542422+0j),[0.17122309],[1.],[0.17405875],[1.],"(array([0.1080532]), array([0.00555522]))","(array([0.06705546]), array([-0.03258455]))","(array([0.06405698]), array([-0.03409006]))","(array([0.06070449]), array([-0.03040203]))","(array([0.0582999]), array([-0.0257197]))","(array([0.0575142]), array([-0.02290526]))","(array([0.05715915]), array([-0.02457916]))","(array([0.05692423]), array([-0.0256312]))","(array([0.05619062]), array([-0.02396525]))","(array([0.05606858]), array([-0.01680468]))","(array([0.05339792]), array([-0.01749738]))"
(0.014713853371528706+0j),[0.18068498],[1.],[0.14708365],[1.],"(array([0.10467437]), array([0.00585398]))","(array([0.06405699]), array([-0.03409004]))","(array([0.0607045]), array([-0.03040201]))","(array([0.0582999]), array([-0.02571968]))","(array([0.05751421]), array([-0.02290524]))","(array([0.05715915]), array([-0.02457915]))","(array([0.05692423]), array([-0.02563118]))","(array([0.05619062]), array([-0.02396524]))","(array([0.05606858]), array([-0.01680467]))","(array([0.05339792]), array([-0.01749738]))","(array([0.05209817]), array([-0.01335967]))"
(0.01363058526619996+0j),[0.17058378],[1.],[0.14521945],[1.],"(array([0.09581779]), array([0.00646875]))","(array([0.0607045]), array([-0.03040198]))","(array([0.05829989]), array([-0.02571966]))","(array([0.0575142]), array([-0.02290522]))","(array([0.05715914]), array([-0.02457913]))","(array([0.05692422]), array([-0.02563117]))","(array([0.05619061]), array([-0.02396523]))","(array([0.05606857]), array([-0.01680467]))","(array([0.05339791]), array([-0.01749737]))","(array([0.05209816]), array([-0.01335966]))","(array([0.05100531]), array([-0.00722628]))"
(0.012593020725097435+0j),[0.17708274],[1.],[0.12220225],[1.],"(array([0.09213824]), array([0.00784486]))","(array([0.05829988]), array([-0.02571963]))","(array([0.05751418]), array([-0.02290519]))","(array([0.05715913]), array([-0.02457911]))","(array([0.05692421]), array([-0.02563115]))","(array([0.05619059]), array([-0.02396521]))","(array([0.05606855]), array([-0.01680466]))","(array([0.0533979]), array([-0.01749736]))","(array([0.05209814]), array([-0.01335966]))","(array([0.0510053]), array([-0.00722627]))","(array([0.04883958]), array([-0.00809902]))"
(0.0142996876584068+0j),[0.18313166],[1.],[0.1396601],[1.],"(array([0.08911855]), array([0.01383878]))","(array([0.05751416]), array([-0.02290517]))","(array([0.0571591]), array([-0.02457909]))","(array([0.05692418]), array([-0.02563114]))","(array([0.05619057]), array([-0.0239652]))","(array([0.05606853]), array([-0.01680465]))","(array([0.05339787]), array([-0.01749736]))","(array([0.05209812]), array([-0.01335966]))","(array([0.05100527]), array([-0.00722628]))","(array([0.04883956]), array([-0.00809903]))","(array([0.0496679]), array([-0.00691058]))"
(0.016115516347434786+0j),[0.17967306],[1.],[0.1669068],[1.],"(array([0.09217629]), array([0.01790844]))","(array([0.05715908]), array([-0.02457906]))","(array([0.05692416]), array([-0.02563112]))","(array([0.05619054]), array([-0.02396518]))","(array([0.0560685]), array([-0.01680464]))","(array([0.05339785]), array([-0.01749735]))","(array([0.05209809]), array([-0.01335965]))","(array([0.05100525]), array([-0.00722628]))","(array([0.04883953]), array([-0.00809903]))","(array([0.04966788]), array([-0.00691058]))","(array([0.05267668]), array([-0.00961152]))"
(0.018255726783100314+0j),[0.18441662],[1.],[0.18549588],[1.],"(array([0.09780403]), array([0.01551071]))","(array([0.05692412]), array([-0.02563109]))","(array([0.05619051]), array([-0.02396516]))","(array([0.05606846]), array([-0.01680463]))","(array([0.05339781]), array([-0.01749734]))","(array([0.05209806]), array([-0.01335964]))","(array([0.05100521]), array([-0.00722627]))","(array([0.0488395]), array([-0.00809903]))","(array([0.04966785]), array([-0.00691059]))","(array([0.05267665]), array([-0.00961153]))","(array([0.05504123]), array([-0.01515472]))"
(0.01828998885442483+0j),[0.19309631],[1.],[0.17675405],[1.],"(array([0.09919986]), array([0.01552451]))","(array([0.05619048]), array([-0.02396514]))","(array([0.05606843]), array([-0.01680461]))","(array([0.05339778]), array([-0.01749732]))","(array([0.05209802]), array([-0.01335963]))","(array([0.05100518]), array([-0.00722627]))","(array([0.04883946]), array([-0.00809902]))","(array([0.04966781]), array([-0.00691059]))","(array([0.05267662]), array([-0.00961154]))","(array([0.0550412]), array([-0.01515473]))","(array([0.05677965]), array([-0.01603411]))"
(0.01826878960826529+0j),[0.18774754],[1.],[0.18212411],[1.],"(array([0.09656246]), array([0.01905796]))","(array([0.05606839]), array([-0.01680458]))","(array([0.05339774]), array([-0.0174973]))","(array([0.05209798]), array([-0.01335961]))","(array([0.05100514]), array([-0.00722625]))","(array([0.04883943]), array([-0.00809901]))","(array([0.04966778]), array([-0.00691058]))","(array([0.05267659]), array([-0.00961154]))","(array([0.05504116]), array([-0.01515474]))","(array([0.05677962]), array([-0.01603412]))","(array([0.05744507]), array([-0.01345166]))"
(0.01811874490356541+0j),[0.18424841],[1.],[0.18414907],[1.],"(array([0.09762785]), array([0.02486673]))","(array([0.05339771]), array([-0.01749727]))","(array([0.05209795]), array([-0.01335959]))","(array([0.0510051]), array([-0.00722624]))","(array([0.04883939]), array([-0.00809899]))","(array([0.04966774]), array([-0.00691058]))","(array([0.05267655]), array([-0.00961154]))","(array([0.05504113]), array([-0.01515474]))","(array([0.05677959]), array([-0.01603413]))","(array([0.05744505]), array([-0.01345167]))","(array([0.05686814]), array([-0.01515594]))"
(0.019669289938684036+0j),[0.16934736],[1.],[0.21247514],[1.],"(array([0.09723817]), array([0.0234199]))","(array([0.05209792]), array([-0.01335958]))","(array([0.05100507]), array([-0.00722623]))","(array([0.04883936]), array([-0.00809899]))","(array([0.04966771]), array([-0.00691057]))","(array([0.05267652]), array([-0.00961154]))","(array([0.05504111]), array([-0.01515475]))","(array([0.05677957]), array([-0.01603414]))","(array([0.05744502]), array([-0.01345168]))","(array([0.05686812]), array([-0.01515596]))","(array([0.05735555]), array([-0.01750841]))"
(0.021407656026985016+0j),[0.15711053],[1.],[0.23626079],[1.],"(array([0.10219014]), array([0.02417725]))","(array([0.05100504]), array([-0.00722623]))","(array([0.04883934]), array([-0.00809898]))","(array([0.04966769]), array([-0.00691057]))","(array([0.0526765]), array([-0.00961155]))","(array([0.05504108]), array([-0.01515475]))","(array([0.05677955]), array([-0.01603415]))","(array([0.057445]), array([-0.0134517]))","(array([0.0568681]), array([-0.01515597]))","(array([0.05735553]), array([-0.01750843]))","(array([0.05755397]), array([-0.02461276]))"
(0.02323254428970013+0j),[0.1522259],[1.],[0.25364035],[1.],"(array([0.1063461]), array([0.02746963]))","(array([0.04883931]), array([-0.00809897]))","(array([0.04966766]), array([-0.00691057]))","(array([0.05267648]), array([-0.00961155]))","(array([0.05504106]), array([-0.01515476]))","(array([0.05677953]), array([-0.01603415]))","(array([0.05744498]), array([-0.0134517]))","(array([0.05686808]), array([-0.01515598]))","(array([0.05735552]), array([-0.01750844]))","(array([0.05755395]), array([-0.02461277]))","(array([0.05771803]), array([-0.03057887]))"
(0.024256389602003405+0j),[0.14597717],[1.],[0.2647556],[1.],"(array([0.10727326]), array([0.02554246]))","(array([0.04966764]), array([-0.00691056]))","(array([0.05267645]), array([-0.00961154]))","(array([0.05504104]), array([-0.01515475]))","(array([0.05677951]), array([-0.01603415]))","(array([0.05744496]), array([-0.01345171]))","(array([0.05686806]), array([-0.01515598]))","(array([0.0573555]), array([-0.01750844]))","(array([0.05755393]), array([-0.02461278]))","(array([0.05771801]), array([-0.03057887]))","(array([0.05835131]), array([-0.0337846]))"
(0.025256676404046052+0j),[0.16020819],[1.],[0.26372876],[1.],"(array([0.1105212]), array([0.02532944]))","(array([0.05267643]), array([-0.00961153]))","(array([0.05504102]), array([-0.01515475]))","(array([0.05677949]), array([-0.01603415]))","(array([0.05744494]), array([-0.01345171]))","(array([0.05686804]), array([-0.01515599]))","(array([0.05735548]), array([-0.01750845]))","(array([0.05755392]), array([-0.02461278]))","(array([0.05771799]), array([-0.03057888]))","(array([0.05835129]), array([-0.0337846]))","(array([0.05834744]), array([-0.03658076]))"
(0.026109763657502894+0j),[0.15237456],[1.],[0.2742786],[1.],"(array([0.11322416]), array([0.02582432]))","(array([0.055041]), array([-0.01515474]))","(array([0.05677947]), array([-0.01603415]))","(array([0.05744492]), array([-0.01345171]))","(array([0.05686802]), array([-0.01515599]))","(array([0.05735546]), array([-0.01750845]))","(array([0.0575539]), array([-0.02461279]))","(array([0.05771798]), array([-0.03057889]))","(array([0.05835128]), array([-0.03378461]))","(array([0.05834743]), array([-0.03658077]))","(array([0.06096222]), array([-0.03471798]))"
(0.027213385411721115+0j),[0.1334237],[1.],[0.291196],[1.],"(array([0.11799992]), array([0.0186923]))","(array([0.05677944]), array([-0.01603415]))","(array([0.0574449]), array([-0.01345172]))","(array([0.056868]), array([-0.015156]))","(array([0.05735544]), array([-0.01750846]))","(array([0.05755388]), array([-0.0246128]))","(array([0.05771796]), array([-0.0305789]))","(array([0.05835126]), array([-0.03378462]))","(array([0.05834741]), array([-0.03658078]))","(array([0.06096221]), array([-0.03471799]))","(array([0.06079187]), array([-0.03760054]))"
(0.028325695688126495+0j),[0.14280535],[1.],[0.29391011],[1.],"(array([0.12340883]), array([0.01366639]))","(array([0.05744487]), array([-0.01345172]))","(array([0.05686797]), array([-0.015156]))","(array([0.05735542]), array([-0.01750847]))","(array([0.05755385]), array([-0.02461281]))","(array([0.05771794]), array([-0.03057891]))","(array([0.05835124]), array([-0.03378464]))","(array([0.05834739]), array([-0.03658079]))","(array([0.06096219]), array([-0.03471801]))","(array([0.06079186]), array([-0.03760056]))","(array([0.05903614]), array([-0.0428525]))"
(0.02931265419683512+0j),[0.15173256],[1.],[0.29570269],[1.],"(array([0.12465007]), array([0.01824938]))","(array([0.05686794]), array([-0.01515601]))","(array([0.05735538]), array([-0.01750848]))","(array([0.05755382]), array([-0.02461282]))","(array([0.0577179]), array([-0.03057892]))","(array([0.05835121]), array([-0.03378465]))","(array([0.05834736]), array([-0.03658081]))","(array([0.06096216]), array([-0.03471803]))","(array([0.06079183]), array([-0.03760058]))","(array([0.05903612]), array([-0.04285252]))","(array([0.06105658]), array([-0.04235089]))"
(0.02954065378542709+0j),[0.15360323],[1.],[0.2960913],[1.],"(array([0.12395163]), array([0.01854828]))","(array([0.05735534]), array([-0.01750848]))","(array([0.05755378]), array([-0.02461282]))","(array([0.05771787]), array([-0.03057893]))","(array([0.05835117]), array([-0.03378466]))","(array([0.05834733]), array([-0.03658082]))","(array([0.06096213]), array([-0.03471804]))","(array([0.06079181]), array([-0.0376006]))","(array([0.05903609]), array([-0.04285254]))","(array([0.06105656]), array([-0.04235092]))","(array([0.06273065]), array([-0.04124408]))"
(0.029774989104204015+0j),[0.14883924],[1.],[0.29988624],[1.],"(array([0.12450995]), array([0.016664]))","(array([0.05755374]), array([-0.02461283]))","(array([0.05771783]), array([-0.03057893]))","(array([0.05835114]), array([-0.03378467]))","(array([0.05834729]), array([-0.03658083]))","(array([0.0609621]), array([-0.03471806]))","(array([0.06079178]), array([-0.03760061]))","(array([0.05903606]), array([-0.04285256]))","(array([0.06105653]), array([-0.04235094]))","(array([0.06273062]), array([-0.04124411]))","(array([0.06317157]), array([-0.04107141]))"
(0.030121745874441767+0j),[0.13698667],[1.],[0.30747729],[1.],"(array([0.12553209]), array([0.00868251]))","(array([0.05771777]), array([-0.03057894]))","(array([0.05835109]), array([-0.03378468]))","(array([0.05834725]), array([-0.03658084]))","(array([0.06096206]), array([-0.03471808]))","(array([0.06079174]), array([-0.03760063]))","(array([0.05903602]), array([-0.04285258]))","(array([0.0610565]), array([-0.04235096]))","(array([0.06273059]), array([-0.04124413]))","(array([0.06317154]), array([-0.04107144]))","(array([0.06282382]), array([-0.04222337]))"
(0.028560020212303975+0j),[0.12907814],[1.],[0.30116933],[1.],"(array([0.12596658]), array([0.0002544]))","(array([0.05835101]), array([-0.03378468]))","(array([0.05834717]), array([-0.03658086]))","(array([0.06096199]), array([-0.0347181]))","(array([0.06079167]), array([-0.03760066]))","(array([0.05903596]), array([-0.04285261]))","(array([0.06105644]), array([-0.042351]))","(array([0.06273055]), array([-0.04124417]))","(array([0.0631715]), array([-0.04107148]))","(array([0.06282378]), array([-0.04222341]))","(array([0.0608269]), array([-0.04368861]))"
(0.02712835478807146+0j),[0.15022201],[1.],[0.2817335],[1.],"(array([0.12519774]), array([-0.00460985]))","(array([0.05834706]), array([-0.03658086]))","(array([0.06096189]), array([-0.03471812]))","(array([0.06079158]), array([-0.03760069]))","(array([0.05903587]), array([-0.04285264]))","(array([0.06105636]), array([-0.04235104]))","(array([0.06273047]), array([-0.04124422]))","(array([0.06317143]), array([-0.04107153]))","(array([0.06282372]), array([-0.04222347]))","(array([0.06082684]), array([-0.04368867]))","(array([0.05868956]), array([-0.04330365]))"
(0.025908595706886785+0j),[0.16087194],[1.],[0.26726386],[1.],"(array([0.12092052]), array([-0.00268612]))","(array([0.06096174]), array([-0.03471814]))","(array([0.06079143]), array([-0.03760072]))","(array([0.05903573]), array([-0.04285267]))","(array([0.06105623]), array([-0.04235108]))","(array([0.06273036]), array([-0.04124428]))","(array([0.06317133]), array([-0.04107161]))","(array([0.06282362]), array([-0.04222355]))","(array([0.06082675]), array([-0.04368875]))","(array([0.05868948]), array([-0.04330373]))","(array([0.06064051]), array([-0.03724298]))"
(0.02390683345438705+0j),[0.16234394],[1.],[0.25175118],[1.],"(array([0.11963271]), array([0.00147683]))","(array([0.06079119]), array([-0.03760075]))","(array([0.0590355]), array([-0.04285271]))","(array([0.06105602]), array([-0.04235115]))","(array([0.06273016]), array([-0.04124437]))","(array([0.06317115]), array([-0.04107171]))","(array([0.06282346]), array([-0.04222366]))","(array([0.0608266]), array([-0.04368887]))","(array([0.05868933]), array([-0.04330385]))","(array([0.06064039]), array([-0.03724312]))","(array([0.06068138]), array([-0.03271328]))"
(0.022170242009258788+0j),[0.16758712],[1.],[0.23469646],[1.],"(array([0.11605446]), array([-0.00100761]))","(array([0.05903512]), array([-0.04285274]))","(array([0.06105567]), array([-0.04235123]))","(array([0.06272983]), array([-0.04124449]))","(array([0.06317084]), array([-0.04107186]))","(array([0.06282317]), array([-0.04222383]))","(array([0.06082633]), array([-0.04368905]))","(array([0.05868908]), array([-0.04330404]))","(array([0.06064017]), array([-0.03724333]))","(array([0.0606812]), array([-0.03271352]))","(array([0.05932244]), array([-0.02956316]))"
(0.020779468435138285+0j),[0.1658695],[1.],[0.22447378],[1.],"(array([0.11058942]), array([-0.00497434]))","(array([0.06105514]), array([-0.04235131]))","(array([0.06272934]), array([-0.04124464]))","(array([0.06317039]), array([-0.04107205]))","(array([0.06282275]), array([-0.04222405]))","(array([0.06082592]), array([-0.04368928]))","(array([0.0586887]), array([-0.04330429]))","(array([0.06063984]), array([-0.03724363]))","(array([0.0606809]), array([-0.03271383]))","(array([0.05932218]), array([-0.02956349]))","(array([0.0585811]), array([-0.02570861]))"
(0.0202926168018401+0j),[0.15842934],[1.],[0.22585977],[1.],"(array([0.11114689]), array([-0.0048595]))","(array([0.06272873]), array([-0.04124478]))","(array([0.06316982]), array([-0.04107225]))","(array([0.06282221]), array([-0.04222429]))","(array([0.06082542]), array([-0.04368954]))","(array([0.05868822]), array([-0.04330457]))","(array([0.06063942]), array([-0.03724396]))","(array([0.06068053]), array([-0.03271421]))","(array([0.05932184]), array([-0.02956388]))","(array([0.0585808]), array([-0.02570902]))","(array([0.05751511]), array([-0.02463536]))"
(0.01975838962146359+0j),[0.15560549],[1.],[0.22348462],[1.],"(array([0.11308535]), array([-0.00541472]))","(array([0.06316915]), array([-0.04107244]))","(array([0.06282158]), array([-0.04222453]))","(array([0.06082482]), array([-0.0436898]))","(array([0.05868765]), array([-0.04330485]))","(array([0.06063891]), array([-0.03724432]))","(array([0.06068008]), array([-0.03271461]))","(array([0.05932143]), array([-0.02956431]))","(array([0.05858044]), array([-0.02570947]))","(array([0.05751478]), array([-0.02463582]))","(array([0.05620852]), array([-0.02569564]))"
(0.019241947861550267+0j),[0.15699172],[1.],[0.21823733],[1.],"(array([0.11299402]), array([-0.00586644]))","(array([0.06282085]), array([-0.04222476]))","(array([0.06082411]), array([-0.04369006]))","(array([0.05868699]), array([-0.04330514]))","(array([0.06063831]), array([-0.03724469]))","(array([0.06067954]), array([-0.03271503]))","(array([0.05932094]), array([-0.02956477]))","(array([0.05858001]), array([-0.02570995]))","(array([0.05751438]), array([-0.02463632]))","(array([0.05620814]), array([-0.02569614]))","(array([0.05540226]), array([-0.0255472]))"
(0.019638094998558696+0j),[0.14259973],[1.],[0.23139207],[1.],"(array([0.1123387]), array([-0.00668542]))","(array([0.06082328]), array([-0.04369032]))","(array([0.05868619]), array([-0.04330544]))","(array([0.06063758]), array([-0.03724509]))","(array([0.06067888]), array([-0.0327155]))","(array([0.05932034]), array([-0.02956527]))","(array([0.05857946]), array([-0.0257105]))","(array([0.05751388]), array([-0.02463688]))","(array([0.05620768]), array([-0.02569671]))","(array([0.05540184]), array([-0.02554776]))","(array([0.05553753]), array([-0.0251147]))"
(0.020094590880050927+0j),[0.13045649],[1.],[0.24223509],[1.],"(array([0.11327985]), array([-0.01128216]))","(array([0.05868522]), array([-0.04330573]))","(array([0.06063669]), array([-0.03724552]))","(array([0.06067806]), array([-0.03271601]))","(array([0.05931959]), array([-0.02956583]))","(array([0.05857878]), array([-0.02571112]))","(array([0.05751325]), array([-0.02463752]))","(array([0.05620709]), array([-0.02569735]))","(array([0.0554013]), array([-0.02554842]))","(array([0.05553706]), array([-0.02511536]))","(array([0.0542953]), array([-0.0292254]))"
(0.02057647395658238+0j),[0.11489477],[1.],[0.25377373],[1.],"(array([0.11357563]), array([-0.0135805]))","(array([0.06063555]), array([-0.03724598]))","(array([0.06067701]), array([-0.03271659]))","(array([0.05931861]), array([-0.02956647]))","(array([0.05857789]), array([-0.02571183]))","(array([0.05751242]), array([-0.02463827]))","(array([0.05620631]), array([-0.0256981]))","(array([0.05540059]), array([-0.02554918]))","(array([0.05553643]), array([-0.02511616]))","(array([0.0542947]), array([-0.02922617]))","(array([0.05318888]), array([-0.03267479]))"
(0.0226950722723355+0j),[0.11248378],[1.],[0.27041436],[1.],"(array([0.1195113]), array([-0.01109524]))","(array([0.06067561]), array([-0.03271723]))","(array([0.0593173]), array([-0.02956721]))","(array([0.05857669]), array([-0.02571267]))","(array([0.0575113]), array([-0.02463916]))","(array([0.05620525]), array([-0.025699]))","(array([0.05539961]), array([-0.02555011]))","(array([0.05553556]), array([-0.02511712]))","(array([0.05429386]), array([-0.02922711]))","(array([0.0531881]), array([-0.03267571]))","(array([0.05208626]), array([-0.03791358]))"
(0.024761624853385088+0j),[0.12216394],[1.],[0.2806395],[1.],"(array([0.12319552]), array([-0.00721372]))","(array([0.05931561]), array([-0.02956803]))","(array([0.05857512]), array([-0.02571361]))","(array([0.05750982]), array([-0.02464018]))","(array([0.05620385]), array([-0.02570005]))","(array([0.05539832]), array([-0.0255512]))","(array([0.0555344]), array([-0.02511826]))","(array([0.05429275]), array([-0.02922822]))","(array([0.05318705]), array([-0.0326768]))","(array([0.05208526]), array([-0.03791463]))","(array([0.05334814]), array([-0.04139328]))"
(0.02680355505445388+0j),[0.10528923],[1.],[0.30053475],[1.],"(array([0.12410421]), array([-0.00201804]))","(array([0.05857341]), array([-0.02571452]))","(array([0.05750821]), array([-0.02464116]))","(array([0.05620232]), array([-0.02570106]))","(array([0.0553969]), array([-0.02555226]))","(array([0.05553311]), array([-0.0251194]))","(array([0.05429152]), array([-0.02922932]))","(array([0.05318588]), array([-0.03267788]))","(array([0.05208416]), array([-0.03791567]))","(array([0.05334717]), array([-0.04139435]))","(array([0.05625486]), array([-0.04233478]))"
(0.028990155315901878+0j),[0.0899573],[1.],[0.31864085],[1.],"(array([0.12784257]), array([-0.00197243]))","(array([0.05750672]), array([-0.02464199]))","(array([0.0562009]), array([-0.02570192]))","(array([0.05539558]), array([-0.02555317]))","(array([0.0555319]), array([-0.02512037]))","(array([0.05429037]), array([-0.02923027]))","(array([0.05318479]), array([-0.03267882]))","(array([0.05208312]), array([-0.03791658]))","(array([0.05334624]), array([-0.04139528]))","(array([0.05625409]), array([-0.04233576]))","(array([0.05519727]), array([-0.04811881]))"
(0.031207961135129796+0j),[0.06726454],[1.],[0.33669529],[1.],"(array([0.13076907]), array([-0.00430011]))","(array([0.05619955]), array([-0.02570266]))","(array([0.05539431]), array([-0.02555396]))","(array([0.05553075]), array([-0.02512123]))","(array([0.05428926]), array([-0.02923111]))","(array([0.05318375]), array([-0.03267965]))","(array([0.05208213]), array([-0.03791738]))","(array([0.05334536]), array([-0.0413961]))","(array([0.05625335]), array([-0.04233664]))","(array([0.05519659]), array([-0.04811967]))","(array([0.05424908]), array([-0.053277]))"
(0.033468312856278666+0j),[0.06239187],[1.],[0.34977855],[1.],"(array([0.1334478]), array([-0.01032768]))","(array([0.05539302]), array([-0.02555467]))","(array([0.05552956]), array([-0.02512201]))","(array([0.05428813]), array([-0.02923188]))","(array([0.05318267]), array([-0.0326804]))","(array([0.05208111]), array([-0.03791812]))","(array([0.05334445]), array([-0.04139687]))","(array([0.05625257]), array([-0.04233747]))","(array([0.05519587]), array([-0.04812048]))","(array([0.05424844]), array([-0.0532778]))","(array([0.0519405]), array([-0.05921234]))"
(0.031597591144195775+0j),[0.04685678],[1.],[0.34199027],[1.],"(array([0.13305436]), array([-0.01125489]))","(array([0.05552822]), array([-0.02512275]))","(array([0.05428684]), array([-0.02923261]))","(array([0.05318146]), array([-0.03268113]))","(array([0.05207996]), array([-0.03791883]))","(array([0.05334341]), array([-0.04139762]))","(array([0.05625168]), array([-0.0423383]))","(array([0.05519505]), array([-0.04812129]))","(array([0.05424769]), array([-0.0532786]))","(array([0.05193982]), array([-0.05921311]))","(array([0.05121593]), array([-0.06010773]))"
(0.029829742727660005+0j),[0.03506282],[1.],[0.33358701],[1.],"(array([0.13147908]), array([-0.01424469]))","(array([0.05428542]), array([-0.02923329]))","(array([0.05318011]), array([-0.03268182]))","(array([0.05207869]), array([-0.0379195]))","(array([0.05334225]), array([-0.04139835]))","(array([0.05625068]), array([-0.04233912]))","(array([0.05519413]), array([-0.0481221]))","(array([0.05424685]), array([-0.0532794]))","(array([0.05193904]), array([-0.05921389]))","(array([0.05121525]), array([-0.06010852]))","(array([0.04739743]), array([-0.06033729]))"
(0.028236785538957386+0j),[0.02367113],[1.],[0.32555539],[1.],"(array([0.12842139]), array([-0.02084572]))","(array([0.05317869]), array([-0.03268243]))","(array([0.05207735]), array([-0.03792011]))","(array([0.05334103]), array([-0.04139902]))","(array([0.05624961]), array([-0.04233989]))","(array([0.05519314]), array([-0.04812287]))","(array([0.05424595]), array([-0.05328018]))","(array([0.0519382]), array([-0.05921464]))","(array([0.05121451]), array([-0.06010928]))","(array([0.04739677]), array([-0.06033803]))","(array([0.0443331]), array([-0.06001084]))"
(0.023839044754348757+0j),[0.0590864],[1.],[0.2940936],[1.],"(array([0.1235376]), array([-0.02671113]))","(array([0.05207597]), array([-0.03792065]))","(array([0.05333977]), array([-0.04139963]))","(array([0.05624849]), array([-0.04234062]))","(array([0.05519211]), array([-0.0481236]))","(array([0.054245]), array([-0.05328091]))","(array([0.05193733]), array([-0.05921536]))","(array([0.05121374]), array([-0.06011001]))","(array([0.04739607]), array([-0.06033875]))","(array([0.04433247]), array([-0.06001154]))","(array([0.04035195]), array([-0.05794795]))"
(0.020239586498604505+0j),[0.06317664],[1.],[0.26902166],[1.],"(array([0.11553344]), array([-0.02402602]))","(array([0.05333838]), array([-0.04140022]))","(array([0.05624726]), array([-0.04234134]))","(array([0.05519096]), array([-0.04812433]))","(array([0.05424396]), array([-0.05328165]))","(array([0.05193636]), array([-0.05921609]))","(array([0.05121288]), array([-0.06011076]))","(array([0.04739528]), array([-0.06033949]))","(array([0.04433177]), array([-0.06001227]))","(array([0.04035132]), array([-0.05794867]))","(array([0.04376302]), array([-0.04800953]))"
(0.017130849523473265+0j),[0.06182403],[1.],[0.24649862],[1.],"(array([0.11124399]), array([-0.02651231]))","(array([0.05624585]), array([-0.04234205]))","(array([0.05518966]), array([-0.04812506]))","(array([0.05424276]), array([-0.0532824]))","(array([0.05193526]), array([-0.05921682]))","(array([0.05121189]), array([-0.06011154]))","(array([0.04739438]), array([-0.06034025]))","(array([0.04433095]), array([-0.06001303]))","(array([0.04035057]), array([-0.05794942]))","(array([0.04376246]), array([-0.04801037]))","(array([0.04184737]), array([-0.04270486]))"
(0.016655241834553438+0j),[0.06305824],[1.],[0.24286395],[1.],"(array([0.11126598]), array([-0.02772181]))","(array([0.05518816]), array([-0.04812574]))","(array([0.05424139]), array([-0.05328312]))","(array([0.05193398]), array([-0.05921754]))","(array([0.05121074]), array([-0.06011231]))","(array([0.04739333]), array([-0.06034102]))","(array([0.04432999]), array([-0.0600138]))","(array([0.0403497]), array([-0.05795019]))","(array([0.04376179]), array([-0.04801125]))","(array([0.04184679]), array([-0.04270576]))","(array([0.04017292]), array([-0.04033978]))"
(0.016295197955334968+0j),[0.07950297],[1.],[0.23543696],[1.],"(array([0.10943481]), array([-0.03308947]))","(array([0.05423985]), array([-0.05328379]))","(array([0.05193256]), array([-0.05921823]))","(array([0.05120946]), array([-0.06011306]))","(array([0.04739215]), array([-0.06034177]))","(array([0.04432892]), array([-0.06001457]))","(array([0.04034872]), array([-0.05795096]))","(array([0.043761]), array([-0.04801215]))","(array([0.0418461]), array([-0.04270669]))","(array([0.04017232]), array([-0.04034071]))","(array([0.04014649]), array([-0.03946197]))"
(0.016109254873253882+0j),[0.09705057],[1.],[0.22749185],[1.],"(array([0.1068765]), array([-0.03450214]))","(array([0.05193107]), array([-0.05921883]))","(array([0.0512081]), array([-0.06011373]))","(array([0.0473909]), array([-0.06034246]))","(array([0.04432777]), array([-0.06001528]))","(array([0.04034766]), array([-0.05795168]))","(array([0.04376014]), array([-0.04801301]))","(array([0.04184535]), array([-0.04270759]))","(array([0.04017164]), array([-0.04034162]))","(array([0.0401459]), array([-0.03946289]))","(array([0.04258501]), array([-0.03619496]))"
(0.016863341758014305+0j),[0.1078521],[1.],[0.22920671],[1.],"(array([0.10356051]), array([-0.03643103]))","(array([0.05120671]), array([-0.06011432]))","(array([0.04738961]), array([-0.06034308]))","(array([0.04432659]), array([-0.06001593]))","(array([0.04034657]), array([-0.05795234]))","(array([0.04375924]), array([-0.04801383]))","(array([0.04184454]), array([-0.04270845]))","(array([0.04017092]), array([-0.0403425]))","(array([0.04014526]), array([-0.03946377]))","(array([0.0425845]), array([-0.03619589]))","(array([0.04555073]), array([-0.03331957]))"
(0.0176599591853526+0j),[0.09489424],[1.],[0.24140011],[1.],"(array([0.10322597]), array([-0.03493117]))","(array([0.04738826]), array([-0.06034362]))","(array([0.04432535]), array([-0.06001651]))","(array([0.04034542]), array([-0.05795295]))","(array([0.04375826]), array([-0.04801461]))","(array([0.04184367]), array([-0.04270928]))","(array([0.04017012]), array([-0.04034335]))","(array([0.04014455]), array([-0.03946465]))","(array([0.04258393]), array([-0.03619681]))","(array([0.04555028]), array([-0.03332054]))","(array([0.04782005]), array([-0.03245943]))"
(0.01848960671937654+0j),[0.11385597],[1.],[0.23984277],[1.],"(array([0.10217699]), array([-0.03800767]))","(array([0.04432411]), array([-0.06001699]))","(array([0.04034427]), array([-0.05795346]))","(array([0.04375727]), array([-0.0480153]))","(array([0.04184277]), array([-0.04271002]))","(array([0.0401693]), array([-0.04034412]))","(array([0.04014381]), array([-0.03946544]))","(array([0.04258331]), array([-0.03619767]))","(array([0.04554979]), array([-0.03332144]))","(array([0.04781964]), array([-0.03246036]))","(array([0.04673891]), array([-0.03628141]))"
(0.019217526403951538+0j),[0.1325317],[1.],[0.23598166],[1.],"(array([0.09864608]), array([-0.03352275]))","(array([0.04034311]), array([-0.05795387]))","(array([0.04375626]), array([-0.0480159]))","(array([0.04184184]), array([-0.04271069]))","(array([0.04016844]), array([-0.04034481]))","(array([0.04014303]), array([-0.03946617]))","(array([0.04258265]), array([-0.03619846]))","(array([0.04554924]), array([-0.03332229]))","(array([0.04781919]), array([-0.03246123]))","(array([0.04673845]), array([-0.03628226]))","(array([0.05010661]), array([-0.03379798]))"
(0.02004680208138701+0j),[0.1466274],[1.],[0.23422425],[1.],"(array([0.0939083]), array([-0.02740779]))","(array([0.04375522]), array([-0.04801642]))","(array([0.04184088]), array([-0.04271128]))","(array([0.04016755]), array([-0.04034544]))","(array([0.04014222]), array([-0.03946684]))","(array([0.04258195]), array([-0.0361992]))","(array([0.04554865]), array([-0.03332309]))","(array([0.04781869]), array([-0.03246207]))","(array([0.04673795]), array([-0.03628307]))","(array([0.05010621]), array([-0.03379882]))","(array([0.05323714]), array([-0.03111662]))"
(0.020604992439205935+0j),[0.15462108],[1.],[0.23349276],[1.],"(array([0.09684757]), array([-0.0146195]))","(array([0.04183988]), array([-0.04271178]))","(array([0.04016661]), array([-0.04034599]))","(array([0.04014135]), array([-0.03946743]))","(array([0.04258118]), array([-0.03619988]))","(array([0.045548]), array([-0.03332384]))","(array([0.04781811]), array([-0.03246286]))","(array([0.04673738]), array([-0.03628384]))","(array([0.05010575]), array([-0.03379963]))","(array([0.05323678]), array([-0.03111745]))","(array([0.05546966]), array([-0.02928158]))"
(0.018817522169269674+0j),[0.15685946],[1.],[0.21655117],[1.],"(array([0.09264011]), array([-0.00768895]))","(array([0.04016555]), array([-0.04034646]))","(array([0.04014036]), array([-0.03946796]))","(array([0.04258029]), array([-0.03620052]))","(array([0.04554722]), array([-0.03332457]))","(array([0.04781741]), array([-0.03246364]))","(array([0.04673669]), array([-0.03628459]))","(array([0.05010517]), array([-0.03380044]))","(array([0.05323631]), array([-0.03111831]))","(array([0.05546929]), array([-0.02928246]))","(array([0.05573169]), array([-0.02648364]))"
(0.017248279095721582+0j),[0.16825812],[1.],[0.19265712],[1.],"(array([0.08728096]), array([-0.00488594]))","(array([0.04013926]), array([-0.03946841]))","(array([0.04257929]), array([-0.03620108]))","(array([0.04554631]), array([-0.03332525]))","(array([0.04781659]), array([-0.03246438]))","(array([0.04673588]), array([-0.03628531]))","(array([0.05010447]), array([-0.03380123]))","(array([0.05323571]), array([-0.03111916]))","(array([0.0554688]), array([-0.02928334]))","(array([0.05573129]), array([-0.02648454]))","(array([0.05426832]), array([-0.02307371]))"
(0.0159168068433327+0j),[0.16602899],[1.],[0.18087398],[1.],"(array([0.08200187]), array([-0.00151876]))","(array([0.04257829]), array([-0.03620152]))","(array([0.0455454]), array([-0.0333258]))","(array([0.04781575]), array([-0.032465]))","(array([0.04673506]), array([-0.03628591]))","(array([0.05010374]), array([-0.03380191]))","(array([0.05323508]), array([-0.0311199]))","(array([0.05546826]), array([-0.02928413]))","(array([0.05573084]), array([-0.02648535]))","(array([0.05426793]), array([-0.02307453]))","(array([0.05379748]), array([-0.01728004]))"
(0.018150918869681832+0j),[0.17487268],[1.],[0.19581634],[1.],"(array([0.08594243]), array([0.00117883]))","(array([0.04554459]), array([-0.03332617]))","(array([0.047815]), array([-0.03246544]))","(array([0.04673432]), array([-0.03628633]))","(array([0.05010307]), array([-0.0338024]))","(array([0.05323449]), array([-0.03112046]))","(array([0.05546775]), array([-0.02928473]))","(array([0.05573039]), array([-0.02648598]))","(array([0.05426754]), array([-0.02307517]))","(array([0.05379717]), array([-0.0172807]))","(array([0.05405507]), array([-0.01886489]))"
(0.020305771942884944+0j),[0.1687184],[1.],[0.22073397],[1.],"(array([0.09210489]), array([0.00592352]))","(array([0.0478143]), array([-0.03246576]))","(array([0.04673363]), array([-0.03628664]))","(array([0.05010244]), array([-0.03380278]))","(array([0.05323393]), array([-0.0311209]))","(array([0.05546724]), array([-0.02928522]))","(array([0.05572995]), array([-0.0264865]))","(array([0.05426714]), array([-0.0230757]))","(array([0.05379684]), array([-0.01728126]))","(array([0.05405478]), array([-0.01886546]))","(array([0.05727197]), array([-0.02069807]))"
(0.022531597708553664+0j),[0.16320445],[1.],[0.24294795],[1.],"(array([0.0997815]), array([0.005405]))","(array([0.04673294]), array([-0.03628685]))","(array([0.0501018]), array([-0.03380307]))","(array([0.05323334]), array([-0.03112126]))","(array([0.05546671]), array([-0.02928563]))","(array([0.05572947]), array([-0.02648694]))","(array([0.0542667]), array([-0.02307616]))","(array([0.05379647]), array([-0.01728175]))","(array([0.05405445]), array([-0.01886596]))","(array([0.05727171]), array([-0.0206986]))","(array([0.05878119]), array([-0.02607004]))"
(0.02368057921066245+0j),[0.15789101],[1.],[0.25499894],[1.],"(array([0.10252279]), array([0.00046032]))","(array([0.0501011]), array([-0.03380327]))","(array([0.05323268]), array([-0.03112154]))","(array([0.0554661]), array([-0.02928598]))","(array([0.05572891]), array([-0.02648733]))","(array([0.05426619]), array([-0.02307658]))","(array([0.05379602]), array([-0.01728221]))","(array([0.05405403]), array([-0.01886644]))","(array([0.05727136]), array([-0.02069912]))","(array([0.05878088]), array([-0.02607056]))","(array([0.05971938]), array([-0.02994243]))"
(0.02467620550320178+0j),[0.15073803],[1.],[0.26633693],[1.],"(array([0.10845379]), array([0.00171232]))","(array([0.05323196]), array([-0.03112174]))","(array([0.05546543]), array([-0.02928624]))","(array([0.05572828]), array([-0.02648765]))","(array([0.0542656]), array([-0.02307692]))","(array([0.05379549]), array([-0.01728262]))","(array([0.05405354]), array([-0.01886686]))","(array([0.05727094]), array([-0.02069959]))","(array([0.0587805]), array([-0.02607105]))","(array([0.05971905]), array([-0.02994293]))","(array([0.05993422]), array([-0.03277772]))"
(0.025518715965674302+0j),[0.14391769],[1.],[0.2758008],[1.],"(array([0.11399836]), array([0.00275365]))","(array([0.05546478]), array([-0.0292864]))","(array([0.05572767]), array([-0.02648785]))","(array([0.05426502]), array([-0.02307717]))","(array([0.05379495]), array([-0.01728292]))","(array([0.05405304]), array([-0.01886718]))","(array([0.0572705]), array([-0.02069997]))","(array([0.0587801]), array([-0.02607145]))","(array([0.05971868]), array([-0.02994334]))","(array([0.05993389]), array([-0.03277815]))","(array([0.05972056]), array([-0.03568811]))"
(0.027962664279294076+0j),[0.15270172],[1.],[0.2874345],[1.],"(array([0.11953063]), array([0.00304211]))","(array([0.05572712]), array([-0.02648794]))","(array([0.0542645]), array([-0.02307728]))","(array([0.05379446]), array([-0.01728309]))","(array([0.05405258]), array([-0.01886739]))","(array([0.05727008]), array([-0.02070023]))","(array([0.05877971]), array([-0.02607173]))","(array([0.05971832]), array([-0.02994364]))","(array([0.05993356]), array([-0.03277846]))","(array([0.05972026]), array([-0.03568843]))","(array([0.06003054]), array([-0.03931887]))"
(0.030316592151527145+0j),[0.17127836],[1.],[0.29210217],[1.],"(array([0.12232815]), array([0.0076989]))","(array([0.05426403]), array([-0.02307731]))","(array([0.05379402]), array([-0.01728317]))","(array([0.05405215]), array([-0.01886749]))","(array([0.05726969]), array([-0.02070039]))","(array([0.05877934]), array([-0.02607191]))","(array([0.05971798]), array([-0.02994385]))","(array([0.05993324]), array([-0.03277868]))","(array([0.05971996]), array([-0.03568866]))","(array([0.06003028]), array([-0.03931912]))","(array([0.06290742]), array([-0.04058518]))"
(0.03255288488896523+0j),[0.15784113],[1.],[0.31294129],[1.],"(array([0.12191145]), array([0.01510645]))","(array([0.05379357]), array([-0.01728318]))","(array([0.05405172]), array([-0.01886753]))","(array([0.05726929]), array([-0.02070048]))","(array([0.05877897]), array([-0.02607203]))","(array([0.05971763]), array([-0.02994399]))","(array([0.05993292]), array([-0.03277884]))","(array([0.05971965]), array([-0.03568884]))","(array([0.06002999]), array([-0.03931931]))","(array([0.06290718]), array([-0.04058541]))","(array([0.06689202]), array([-0.03949293]))"
(0.031997369907953904+0j),[0.13898357],[1.],[0.31825236],[1.],"(array([0.12419805]), array([0.01780423]))","(array([0.05405126]), array([-0.0188675]))","(array([0.05726886]), array([-0.02070051]))","(array([0.05877856]), array([-0.02607209]))","(array([0.05971724]), array([-0.02994408]))","(array([0.05993255]), array([-0.03277896]))","(array([0.05971931]), array([-0.03568897]))","(array([0.06002967]), array([-0.03931946]))","(array([0.06290689]), array([-0.04058559]))","(array([0.06689177]), array([-0.03949315]))","(array([0.06558901]), array([-0.0434288]))"
(0.03151205463447877+0j),[0.15327962],[1.],[0.30849902],[1.],"(array([0.12561951]), array([0.0121127]))","(array([0.05726839]), array([-0.02070049]))","(array([0.05877811]), array([-0.0260721]))","(array([0.05971682]), array([-0.02994412]))","(array([0.05993215]), array([-0.03277902]))","(array([0.05971893]), array([-0.03568906]))","(array([0.06002931]), array([-0.03931958]))","(array([0.06290656]), array([-0.04058575]))","(array([0.06689148]), array([-0.03949335]))","(array([0.06558875]), array([-0.04342901]))","(array([0.06261392]), array([-0.04649029]))"
(0.030950413029656444+0j),[0.14538166],[1.],[0.30876332],[1.],"(array([0.12661649]), array([0.01347067]))","(array([0.05877768]), array([-0.02607205]))","(array([0.05971641]), array([-0.0299441]))","(array([0.05993175]), array([-0.03277903]))","(array([0.05971855]), array([-0.03568909]))","(array([0.06002896]), array([-0.03931964]))","(array([0.06290624]), array([-0.04058585]))","(array([0.06689119]), array([-0.0394935]))","(array([0.06558847]), array([-0.04342918]))","(array([0.06261366]), array([-0.04649046]))","(array([0.06426729]), array([-0.04297208]))"
(0.03209710703032677+0j),[0.14746071],[1.],[0.31453599],[1.],"(array([0.12925535]), array([0.00649317]))","(array([0.05971603]), array([-0.02994403]))","(array([0.05993139]), array([-0.03277899]))","(array([0.0597182]), array([-0.03568908]))","(array([0.06002863]), array([-0.03931964]))","(array([0.06290593]), array([-0.0405859]))","(array([0.06689091]), array([-0.0394936]))","(array([0.0655882]), array([-0.04342929]))","(array([0.06261341]), array([-0.04649059]))","(array([0.06426707]), array([-0.04297223]))","(array([0.06344125]), array([-0.04475324]))"
(0.03323457387674612+0j),[0.14853626],[1.],[0.32053583],[1.],"(array([0.13143152]), array([0.00317018]))","(array([0.05993104]), array([-0.03277891]))","(array([0.05971786]), array([-0.03568902]))","(array([0.06002831]), array([-0.03931962]))","(array([0.06290562]), array([-0.04058591]))","(array([0.06689062]), array([-0.03949367]))","(array([0.06558794]), array([-0.04342937]))","(array([0.06261316]), array([-0.04649068]))","(array([0.06426684]), array([-0.04297235]))","(array([0.06344104]), array([-0.04475337]))","(array([0.06453558]), array([-0.0455507]))"
(0.0343730231193063+0j),[0.16104191],[1.],[0.32087794],[1.],"(array([0.13295207]), array([0.00063777]))","(array([0.05971755]), array([-0.03568893]))","(array([0.06002801]), array([-0.03931955]))","(array([0.06290534]), array([-0.04058589]))","(array([0.06689035]), array([-0.03949369]))","(array([0.06558768]), array([-0.04342941]))","(array([0.06261292]), array([-0.04649073]))","(array([0.06426662]), array([-0.04297244]))","(array([0.06344083]), array([-0.04475347]))","(array([0.06453538]), array([-0.04555082]))","(array([0.06545026]), array([-0.04653007]))"
(0.030624494846085676+0j),[0.14867719],[1.],[0.30438984],[1.],"(array([0.12953463]), array([0.00054872]))","(array([0.06002775]), array([-0.03931946]))","(array([0.06290509]), array([-0.04058584]))","(array([0.06689011]), array([-0.03949368]))","(array([0.06558745]), array([-0.04342942]))","(array([0.0626127]), array([-0.04649075]))","(array([0.06426641]), array([-0.04297249]))","(array([0.06344063]), array([-0.04475354]))","(array([0.06453521]), array([-0.0455509]))","(array([0.0654501]), array([-0.04653017]))","(array([0.06629129]), array([-0.04234483]))"
(0.02729601107801467+0j),[0.16372938],[1.],[0.27459243],[1.],"(array([0.12620593]), array([-0.00570431]))","(array([0.06290485]), array([-0.04058577]))","(array([0.06688988]), array([-0.03949365]))","(array([0.06558723]), array([-0.04342941]))","(array([0.06261248]), array([-0.04649075]))","(array([0.06426621]), array([-0.04297252]))","(array([0.06344045]), array([-0.04475358]))","(array([0.06453503]), array([-0.04555097]))","(array([0.06544993]), array([-0.04653025]))","(array([0.06629114]), array([-0.04234492]))","(array([0.06220069]), array([-0.04050468]))"
(0.024395613984231707+0j),[0.17310179],[1.],[0.2475989],[1.],"(array([0.12245691]), array([-0.00362056]))","(array([0.06688964]), array([-0.03949361]))","(array([0.065587]), array([-0.04342939]))","(array([0.06261226]), array([-0.04649074]))","(array([0.064266]), array([-0.04297254]))","(array([0.06344024]), array([-0.04475362]))","(array([0.06453484]), array([-0.04555102]))","(array([0.06544976]), array([-0.04653032]))","(array([0.06629098]), array([-0.04234502]))","(array([0.06220054]), array([-0.04050477]))","(array([0.06178888]), array([-0.03309126]))"
(0.023068131789175605+0j),[0.14900308],[1.],[0.25321248],[1.],"(array([0.12158492]), array([-0.00048643]))","(array([0.06558672]), array([-0.04342935]))","(array([0.062612]), array([-0.04649071]))","(array([0.06426574]), array([-0.04297256]))","(array([0.06344]), array([-0.04475365]))","(array([0.06453461]), array([-0.04555108]))","(array([0.06544954]), array([-0.04653041]))","(array([0.06629079]), array([-0.04234512]))","(array([0.06220035]), array([-0.04050488]))","(array([0.06178871]), array([-0.03309138]))","(array([0.06112895]), array([-0.0278642]))"
(0.02187438117230823+0j),[0.14918362],[1.],[0.24420354],[1.],"(array([0.12154859]), array([-0.00962222]))","(array([0.06261167]), array([-0.04649067]))","(array([0.06426543]), array([-0.04297256]))","(array([0.0634397]), array([-0.04475368]))","(array([0.06453433]), array([-0.04555114]))","(array([0.06544928]), array([-0.04653049]))","(array([0.06629054]), array([-0.04234523]))","(array([0.06220011]), array([-0.040505]))","(array([0.06178849]), array([-0.03309153]))","(array([0.06112875]), array([-0.02786436]))","(array([0.05725888]), array([-0.03156116]))"
(0.020922670066406548+0j),[0.14776724],[1.],[0.23775689],[1.],"(array([0.11666602]), array([-0.01256738]))","(array([0.06426508]), array([-0.04297253]))","(array([0.06343937]), array([-0.04475368]))","(array([0.06453401]), array([-0.04555118]))","(array([0.06544897]), array([-0.04653056]))","(array([0.06629025]), array([-0.04234534]))","(array([0.06219983]), array([-0.04050511]))","(array([0.06178824]), array([-0.03309167]))","(array([0.06112852]), array([-0.02786452]))","(array([0.05725865]), array([-0.03156132]))","(array([0.05640572]), array([-0.02985115]))"
(0.018311899494850913+0j),[0.1532777],[1.],[0.21211284],[1.],"(array([0.11527574]), array([-0.00944353]))","(array([0.06343901]), array([-0.04475366]))","(array([0.06453367]), array([-0.04555119]))","(array([0.06544865]), array([-0.0465306]))","(array([0.06628995]), array([-0.04234542]))","(array([0.06219954]), array([-0.0405052]))","(array([0.06178796]), array([-0.03309179]))","(array([0.06112826]), array([-0.02786467]))","(array([0.0572584]), array([-0.03156146]))","(array([0.05640548]), array([-0.0298513]))","(array([0.05454243]), array([-0.02741238]))"
(0.016176817608033883+0j),[0.15481942],[1.],[0.19088358],[1.],"(array([0.1088277]), array([-0.00996243]))","(array([0.06453332]), array([-0.04555119]))","(array([0.06544832]), array([-0.04653063]))","(array([0.06628963]), array([-0.04234549]))","(array([0.06219923]), array([-0.04050528]))","(array([0.06178767]), array([-0.03309191]))","(array([0.06112799]), array([-0.02786481]))","(array([0.05725813]), array([-0.03156159]))","(array([0.05640524]), array([-0.02985145]))","(array([0.0545422]), array([-0.02741253]))","(array([0.05282457]), array([-0.02191248]))"
(0.014367927595411084+0j),[0.15128204],[1.],[0.17516738],[1.],"(array([0.10522484]), array([-0.01039445]))","(array([0.06544796]), array([-0.04653064]))","(array([0.06628928]), array([-0.04234554]))","(array([0.06219889]), array([-0.04050535]))","(array([0.06178736]), array([-0.03309201]))","(array([0.0611277]), array([-0.02786495]))","(array([0.05725784]), array([-0.03156171]))","(array([0.05640496]), array([-0.02985158]))","(array([0.05454194]), array([-0.02741267]))","(array([0.05282433]), array([-0.02191265]))","(array([0.05079255]), array([-0.01766186]))"
(0.014936460700449078+0j),[0.1511325],[1.],[0.18195388],[1.],"(array([0.10544691]), array([-0.01212366]))","(array([0.06628889]), array([-0.04234559]))","(array([0.06219851]), array([-0.0405054]))","(array([0.06178699]), array([-0.0330921]))","(array([0.06112736]), array([-0.02786508]))","(array([0.05725751]), array([-0.03156183]))","(array([0.05640465]), array([-0.02985172]))","(array([0.05454165]), array([-0.02741283]))","(array([0.05282406]), array([-0.02191282]))","(array([0.0507923]), array([-0.01766204]))","(array([0.04979699]), array([-0.01743697]))"
(0.015401509954495551+0j),[0.15568147],[1.],[0.18347162],[1.],"(array([0.10775695]), array([-0.00807792]))","(array([0.0621981]), array([-0.04050543]))","(array([0.0617866]), array([-0.03309219]))","(array([0.06112698]), array([-0.0278652]))","(array([0.05725714]), array([-0.03156194]))","(array([0.0564043]), array([-0.02985186]))","(array([0.05454132]), array([-0.02741297]))","(array([0.05282376]), array([-0.02191298]))","(array([0.05079202]), array([-0.01766222]))","(array([0.04979672]), array([-0.01743716]))","(array([0.05041093]), array([-0.01877891]))"
(0.015910783734242255+0j),[0.15703597],[1.],[0.18788979],[1.],"(array([0.10409794]), array([-0.0052882]))","(array([0.06178615]), array([-0.03309224]))","(array([0.06112656]), array([-0.0278653]))","(array([0.05725672]), array([-0.03156203]))","(array([0.05640391]), array([-0.02985197]))","(array([0.05454094]), array([-0.0274131]))","(array([0.05282341]), array([-0.02191314]))","(array([0.05079169]), array([-0.01766239]))","(array([0.04979641]), array([-0.01743733]))","(array([0.05041065]), array([-0.0187791]))","(array([0.05144917]), array([-0.01867811]))"
(0.016517223620345235+0j),[0.15497328],[1.],[0.19588927],[1.],"(array([0.10493236]), array([0.00223576]))","(array([0.06112608]), array([-0.02786538]))","(array([0.05725626]), array([-0.03156209]))","(array([0.05640347]), array([-0.02985206]))","(array([0.05454052]), array([-0.02741321]))","(array([0.05282301]), array([-0.02191328]))","(array([0.05079132]), array([-0.01766255]))","(array([0.04979606]), array([-0.0174375]))","(array([0.05041032]), array([-0.01877928]))","(array([0.05144888]), array([-0.01867832]))","(array([0.05216831]), array([-0.01970213]))"
(0.01704409253111713+0j),[0.17234193],[1.],[0.18653548],[1.],"(array([0.10604639]), array([0.00687724]))","(array([0.05725572]), array([-0.03156211]))","(array([0.05640294]), array([-0.02985212]))","(array([0.05454002]), array([-0.0274133]))","(array([0.05282254]), array([-0.0219134]))","(array([0.05079087]), array([-0.0176627]))","(array([0.04979564]), array([-0.01743766]))","(array([0.05040992]), array([-0.01877946]))","(array([0.05144851]), array([-0.01867852]))","(array([0.05216798]), array([-0.01970236]))","(array([0.05254845]), array([-0.0215313]))"
(0.017663741862405595+0j),[0.17500616],[1.],[0.19041872],[1.],"(array([0.10021069]), array([0.00708805]))","(array([0.05640232]), array([-0.02985213]))","(array([0.05453942]), array([-0.02741334]))","(array([0.05282196]), array([-0.0219135]))","(array([0.05079032]), array([-0.01766283]))","(array([0.04979512]), array([-0.0174378]))","(array([0.05040944]), array([-0.01877963]))","(array([0.05144807]), array([-0.01867873]))","(array([0.05216757]), array([-0.01970259]))","(array([0.05254808]), array([-0.02153155]))","(array([0.0549498]), array([-0.01787558]))"
(0.01685057569577078+0j),[0.16331252],[1.],[0.19253102],[1.],"(array([0.09863732]), array([0.00934081]))","(array([0.05453873]), array([-0.02741334]))","(array([0.0528213]), array([-0.02191355]))","(array([0.05078968]), array([-0.01766292]))","(array([0.04979451]), array([-0.01743792]))","(array([0.05040886]), array([-0.01877978]))","(array([0.05144754]), array([-0.01867892]))","(array([0.05216708]), array([-0.01970282]))","(array([0.05254763]), array([-0.0215318]))","(array([0.05494942]), array([-0.0178759]))","(array([0.05505989]), array([-0.01698075]))"
(0.01607424055980884+0j),[0.16198345],[1.],[0.18579448],[1.],"(array([0.09728595]), array([0.00914898]))","(array([0.05282056]), array([-0.02191355]))","(array([0.05078897]), array([-0.01766297]))","(array([0.04979383]), array([-0.017438]))","(array([0.05040822]), array([-0.01877989]))","(array([0.05144693]), array([-0.01867909]))","(array([0.05216652]), array([-0.01970303]))","(array([0.05254711]), array([-0.02153205]))","(array([0.05494898]), array([-0.01787623]))","(array([0.05505949]), array([-0.01698111]))","(array([0.05303783]), array([-0.01873971]))"
(0.015291326949020585+0j),[0.16113673],[1.],[0.17833869],[1.],"(array([0.09413198]), array([0.01422169]))","(array([0.05078819]), array([-0.01766296]))","(array([0.04979308]), array([-0.01743802]))","(array([0.0504075]), array([-0.01877996]))","(array([0.05144626]), array([-0.01867923]))","(array([0.05216589]), array([-0.01970321]))","(array([0.05254653]), array([-0.02153227]))","(array([0.05494847]), array([-0.01787654]))","(array([0.05505903]), array([-0.01698146]))","(array([0.05303739]), array([-0.01874007]))","(array([0.0519501]), array([-0.01770985]))"
(0.014678667951199924+0j),[0.14895027],[1.],[0.18238525],[1.],"(array([0.09069739]), array([0.01818213]))","(array([0.04979226]), array([-0.01743799]))","(array([0.05040673]), array([-0.01877998]))","(array([0.05144553]), array([-0.01867932]))","(array([0.0521652]), array([-0.01970336]))","(array([0.05254589]), array([-0.02153246]))","(array([0.05494789]), array([-0.01787683]))","(array([0.05505851]), array([-0.0169818]))","(array([0.0530369]), array([-0.01874041]))","(array([0.05194964]), array([-0.01771023]))","(array([0.05099773]), array([-0.0166406]))"
(0.014129540837061258+0j),[0.14611009],[1.],[0.17900863],[1.],"(array([0.0906178]), array([0.01572308]))","(array([0.05040587]), array([-0.01877994]))","(array([0.05144471]), array([-0.01867936]))","(array([0.05216443]), array([-0.01970346]))","(array([0.05254516]), array([-0.02153262]))","(array([0.05494724]), array([-0.01787711]))","(array([0.05505791]), array([-0.01698214]))","(array([0.05303632]), array([-0.01874076]))","(array([0.05194911]), array([-0.01771061]))","(array([0.05099725]), array([-0.01664102]))","(array([0.04913145]), array([-0.01877625]))"
(0.013627293213359227+0j),[0.13612714],[1.],[0.18162657],[1.],"(array([0.09047557]), array([0.01379154]))","(array([0.05144384]), array([-0.01867934]))","(array([0.0521636]), array([-0.01970352]))","(array([0.05254438]), array([-0.02153273]))","(array([0.05494652]), array([-0.01787735]))","(array([0.05505724]), array([-0.01698245]))","(array([0.05303569]), array([-0.01874107]))","(array([0.05194853]), array([-0.01771096]))","(array([0.05099672]), array([-0.01664142]))","(array([0.04913095]), array([-0.01877666]))","(array([0.04824293]), array([-0.01841649]))"
(0.013390399952524586+0j),[0.11481772],[1.],[0.19367647],[1.],"(array([0.09237473]), array([0.01169628]))","(array([0.05216276]), array([-0.01970351]))","(array([0.05254358]), array([-0.02153279]))","(array([0.05494578]), array([-0.01787755]))","(array([0.05505655]), array([-0.01698272]))","(array([0.05303503]), array([-0.01874135]))","(array([0.05194791]), array([-0.01771129]))","(array([0.05099615]), array([-0.01664178]))","(array([0.04913041]), array([-0.01877703]))","(array([0.04824244]), array([-0.0184169]))","(array([0.04677187]), array([-0.02026019]))"
(0.013178482865415475+0j),[0.1162186],[1.],[0.19099863],[1.],"(array([0.09572663]), array([0.00601301]))","(array([0.05254279]), array([-0.02153279]))","(array([0.05494504]), array([-0.01787769]))","(array([0.05505585]), array([-0.01698293]))","(array([0.05303435]), array([-0.01874158]))","(array([0.05194728]), array([-0.01771156]))","(array([0.05099557]), array([-0.01664211]))","(array([0.04912986]), array([-0.01877737]))","(array([0.04824193]), array([-0.01841726]))","(array([0.04677139]), array([-0.02026056]))","(array([0.04405345]), array([-0.02486992]))"
(0.012995100785699536+0j),[0.12029149],[1.],[0.18684356],[1.],"(array([0.0955092]), array([0.00453817]))","(array([0.0549443]), array([-0.01787778]))","(array([0.05505515]), array([-0.01698309]))","(array([0.05303368]), array([-0.01874176]))","(array([0.05194665]), array([-0.01771179]))","(array([0.05099498]), array([-0.01664238]))","(array([0.0491293]), array([-0.01877765]))","(array([0.04824141]), array([-0.01841759]))","(array([0.04677089]), array([-0.0202609]))","(array([0.04405297]), array([-0.02487023]))","(array([0.04406166]), array([-0.02417523]))"
(0.011818041646558822+0j),[0.12291043],[1.],[0.17263909],[1.],"(array([0.09584403]), array([0.00900119]))","(array([0.05505448]), array([-0.0169832]))","(array([0.05303304]), array([-0.01874188]))","(array([0.05194604]), array([-0.01771196]))","(array([0.05099441]), array([-0.01664261]))","(array([0.04912875]), array([-0.01877789]))","(array([0.0482409]), array([-0.01841786]))","(array([0.04677041]), array([-0.02026119]))","(array([0.0440525]), array([-0.0248705]))","(array([0.04406123]), array([-0.02417552]))","(array([0.04372812]), array([-0.02198131]))"
(0.01075827041252337+0j),[0.11939233],[1.],[0.16320169],[1.],"(array([0.0928293]), array([0.0104518]))","(array([0.05303242]), array([-0.01874195]))","(array([0.05194545]), array([-0.01771208]))","(array([0.05099385]), array([-0.01664278]))","(array([0.04912822]), array([-0.01877808]))","(array([0.0482404]), array([-0.01841809]))","(array([0.04676994]), array([-0.02026142]))","(array([0.04405204]), array([-0.02487072]))","(array([0.04406081]), array([-0.02417577]))","(array([0.04372774]), array([-0.02198159]))","(array([0.04264718]), array([-0.01899698]))"
(0.009862750493908364+0j),[0.1134235],[1.],[0.15692617],[1.],"(array([0.08878238]), array([0.00796371]))","(array([0.05194485]), array([-0.01771216]))","(array([0.05099328]), array([-0.01664291]))","(array([0.04912767]), array([-0.01877823]))","(array([0.04823989]), array([-0.01841828]))","(array([0.04676945]), array([-0.02026163]))","(array([0.04405156]), array([-0.02487091]))","(array([0.04406037]), array([-0.024176]))","(array([0.04372735]), array([-0.02198185]))","(array([0.04264682]), array([-0.01899727]))","(array([0.0410031]), array([-0.01760807]))"
(0.011275781009631725+0j),[0.11342468],[1.],[0.17394687],[1.],"(array([0.0893815]), array([0.00765551]))","(array([0.05099268]), array([-0.01664301]))","(array([0.04912709]), array([-0.01877835]))","(array([0.04823934]), array([-0.01841844]))","(array([0.04676892]), array([-0.02026181]))","(array([0.04405106]), array([-0.02487107]))","(array([0.0440599]), array([-0.0241762]))","(array([0.04372692]), array([-0.02198208]))","(array([0.04264644]), array([-0.01899754]))","(array([0.04100276]), array([-0.01760835]))","(array([0.04068772]), array([-0.01973778]))"
(0.012774200073032893+0j),[0.11495961],[1.],[0.18928061],[1.],"(array([0.09218637]), array([0.00869638]))","(array([0.0491265]), array([-0.01877842]))","(array([0.04823878]), array([-0.01841856]))","(array([0.04676839]), array([-0.02026195]))","(array([0.04405054]), array([-0.02487119]))","(array([0.04405942]), array([-0.02417637]))","(array([0.04372647]), array([-0.02198229]))","(array([0.04264604]), array([-0.01899778]))","(array([0.04100239]), array([-0.01760861]))","(array([0.04068738]), array([-0.01973804]))","(array([0.04254175]), array([-0.02300559]))"
(0.014397605332739781+0j),[0.1215522],[1.],[0.20153355],[1.],"(array([0.09372724]), array([0.00694853]))","(array([0.0482382]), array([-0.01841863]))","(array([0.04676783]), array([-0.02026204]))","(array([0.04405]), array([-0.02487128]))","(array([0.04405891]), array([-0.02417649]))","(array([0.043726]), array([-0.02198246]))","(array([0.04264561]), array([-0.01899799]))","(array([0.04100199]), array([-0.01760883]))","(array([0.04068701]), array([-0.01973828]))","(array([0.04254142]), array([-0.02300585]))","(array([0.04458089]), array([-0.02576241]))"
(0.014608656841700424+0j),[0.13137755],[1.],[0.19737943],[1.],"(array([0.09405203]), array([0.00874748]))","(array([0.04676723]), array([-0.02026208]))","(array([0.04404942]), array([-0.02487131]))","(array([0.04405836]), array([-0.02417658]))","(array([0.04372549]), array([-0.0219826]))","(array([0.04264513]), array([-0.01899817]))","(array([0.04100155]), array([-0.01760904]))","(array([0.0406866]), array([-0.0197385]))","(array([0.04254105]), array([-0.0230061]))","(array([0.04458055]), array([-0.02576269]))","(array([0.04643378]), array([-0.02609342]))"
(0.014854096997752744+0j),[0.13630794],[1.],[0.19641764],[1.],"(array([0.09170222]), array([0.00910929]))","(array([0.04404881]), array([-0.02487129]))","(array([0.04405778]), array([-0.02417661]))","(array([0.04372494]), array([-0.02198269]))","(array([0.04264461]), array([-0.01899831]))","(array([0.04100106]), array([-0.01760921]))","(array([0.04068614]), array([-0.01973869]))","(array([0.04254063]), array([-0.02300633]))","(array([0.04458018]), array([-0.02576294]))","(array([0.04643346]), array([-0.02609371]))","(array([0.04790416]), array([-0.02422973]))"
(0.015213317439511582+0j),[0.12969535],[1.],[0.20420032],[1.],"(array([0.08883594]), array([0.0056963]))","(array([0.04405711]), array([-0.02417659]))","(array([0.04372429]), array([-0.02198274]))","(array([0.04264401]), array([-0.01899842]))","(array([0.04100049]), array([-0.01760936]))","(array([0.0406856]), array([-0.01973886]))","(array([0.04254014]), array([-0.02300654]))","(array([0.04457973]), array([-0.0257632]))","(array([0.04643306]), array([-0.02609401]))","(array([0.04790382]), array([-0.02423007]))","(array([0.04886615]), array([-0.02350366]))"
(0.014549226796716275+0j),[0.12797699],[1.],[0.19885141],[1.],"(array([0.08946571]), array([0.00491994]))","(array([0.04372356]), array([-0.02198272]))","(array([0.0426433]), array([-0.01899847]))","(array([0.04099982]), array([-0.01760945]))","(array([0.04068497]), array([-0.01973899]))","(array([0.04253955]), array([-0.02300672]))","(array([0.04457919]), array([-0.02576343]))","(array([0.04643257]), array([-0.0260943]))","(array([0.04790339]), array([-0.02423041]))","(array([0.04886577]), array([-0.02350404]))","(array([0.04790292]), array([-0.02477745]))"
(0.013907776631178469+0j),[0.1140916],[1.],[0.20101701],[1.],"(array([0.08796546]), array([0.00668312]))","(array([0.04264251]), array([-0.01899844]))","(array([0.04099906]), array([-0.01760948]))","(array([0.04068425]), array([-0.01973906]))","(array([0.04253887]), array([-0.02300685]))","(array([0.04457855]), array([-0.02576363]))","(array([0.04643198]), array([-0.02609456]))","(array([0.04790286]), array([-0.02423075]))","(array([0.0488653]), array([-0.02350442]))","(array([0.04790248]), array([-0.02477785]))","(array([0.04694661]), array([-0.02398247]))"
(0.013283836503323277+0j),[0.11869494],[1.],[0.19217695],[1.],"(array([0.08738874]), array([0.00654163]))","(array([0.04099819]), array([-0.01760943]))","(array([0.04068342]), array([-0.01973905]))","(array([0.04253809]), array([-0.02300693]))","(array([0.04457782]), array([-0.02576379]))","(array([0.0464313]), array([-0.0260948]))","(array([0.04790224]), array([-0.02423107]))","(array([0.04886473]), array([-0.02350481]))","(array([0.04790194]), array([-0.02477826]))","(array([0.04694611]), array([-0.0239829]))","(array([0.04449181]), array([-0.02598218]))"
(0.01519655226176204+0j),[0.12201955],[1.],[0.2087531],[1.],"(array([0.0865508]), array([0.0089083]))","(array([0.04068248]), array([-0.01973897]))","(array([0.04253719]), array([-0.02300694]))","(array([0.04457697]), array([-0.02576389]))","(array([0.04643051]), array([-0.026095]))","(array([0.04790151]), array([-0.02423137]))","(array([0.04886405]), array([-0.02350518]))","(array([0.0479013]), array([-0.02477866]))","(array([0.04694551]), array([-0.02398333]))","(array([0.04449123]), array([-0.02598261]))","(array([0.04574169]), array([-0.02619177]))"
(0.017202932453717103+0j),[0.1320537],[1.],[0.22085461],[1.],"(array([0.08987281]), array([0.00755956]))","(array([0.04253617]), array([-0.02300685]))","(array([0.044576]), array([-0.02576391]))","(array([0.04642959]), array([-0.02609514]))","(array([0.04790065]), array([-0.02423163]))","(array([0.04886325]), array([-0.02350554]))","(array([0.04790053]), array([-0.02477904]))","(array([0.04694478]), array([-0.02398376]))","(array([0.04449053]), array([-0.02598303]))","(array([0.04574106]), array([-0.02619226]))","(array([0.04823673]), array([-0.02895183]))"
(0.01920596492842859+0j),[0.13560347],[1.],[0.23557865],[1.],"(array([0.09432653]), array([0.00657595]))","(array([0.04457499]), array([-0.02576384]))","(array([0.04642862]), array([-0.02609521]))","(array([0.04789973]), array([-0.02423183]))","(array([0.04886238]), array([-0.02350584]))","(array([0.04789969]), array([-0.02477938]))","(array([0.046944]), array([-0.02398415]))","(array([0.04448977]), array([-0.02598341]))","(array([0.04574036]), array([-0.02619271]))","(array([0.0482361]), array([-0.02895234]))","(array([0.051515]), array([-0.03006137]))"
(0.02189387545484703+0j),[0.15197835],[1.],[0.24700609],[1.],"(array([0.10011496]), array([0.00466422]))","(array([0.0464277]), array([-0.02609521]))","(array([0.04789885]), array([-0.02423196]))","(array([0.04886154]), array([-0.02350606]))","(array([0.04789889]), array([-0.02477964]))","(array([0.04694323]), array([-0.02398446]))","(array([0.04448902]), array([-0.02598373]))","(array([0.04573968]), array([-0.02619309]))","(array([0.04823548]), array([-0.02895278]))","(array([0.05151445]), array([-0.03006188]))","(array([0.05412184]), array([-0.03288589]))"
(0.02450170993054609+0j),[0.14177602],[1.],[0.27170398],[1.],"(array([0.10441286]), array([0.00793765]))","(array([0.04789798]), array([-0.02423203]))","(array([0.04886071]), array([-0.02350623]))","(array([0.04789808]), array([-0.02477984]))","(array([0.04694246]), array([-0.02398471]))","(array([0.04448828]), array([-0.02598398]))","(array([0.04573899]), array([-0.02619342]))","(array([0.04823485]), array([-0.02895317]))","(array([0.05151389]), array([-0.03006234]))","(array([0.05412133]), array([-0.03288639]))","(array([0.0584663]), array([-0.03320101]))"
(0.027148002687436744+0j),[0.14420332],[1.],[0.2881019],[1.],"(array([0.11125754]), array([0.00750823]))","(array([0.04885994]), array([-0.02350632]))","(array([0.04789734]), array([-0.02477998]))","(array([0.04694174]), array([-0.0239849]))","(array([0.04448759]), array([-0.02598417]))","(array([0.04573834]), array([-0.02619367]))","(array([0.04823425]), array([-0.02895349]))","(array([0.05151335]), array([-0.03006272]))","(array([0.05412085]), array([-0.03288681]))","(array([0.05846589]), array([-0.03320149]))","(array([0.05916805]), array([-0.03900155]))"
(0.02818442694311893+0j),[0.13883669],[1.],[0.29707136],[1.],"(array([0.11466892]), array([0.00874707]))","(array([0.04789668]), array([-0.02478005]))","(array([0.04694111]), array([-0.02398501]))","(array([0.04448697]), array([-0.02598429]))","(array([0.04573776]), array([-0.02619386]))","(array([0.04823371]), array([-0.02895373]))","(array([0.05151286]), array([-0.03006302]))","(array([0.0541204]), array([-0.03288715]))","(array([0.05846551]), array([-0.03320189]))","(array([0.05916769]), array([-0.03900195]))","(array([0.06083711]), array([-0.04086612]))"
(0.029256613002995858+0j),[0.13426975],[1.],[0.30553008],[1.],"(array([0.1156949]), array([0.00632165]))","(array([0.04694053]), array([-0.02398508]))","(array([0.04448641]), array([-0.02598437]))","(array([0.04573723]), array([-0.026194]))","(array([0.04823322]), array([-0.02895392]))","(array([0.05151241]), array([-0.03006327]))","(array([0.05411999]), array([-0.03288744]))","(array([0.05846515]), array([-0.03320223]))","(array([0.05916736]), array([-0.0390023]))","(array([0.06083682]), array([-0.04086649]))","(array([0.0608343]), array([-0.04316463]))"
(0.030326794513150047+0j),[0.10785245],[1.],[0.32183389],[1.],"(array([0.11661612]), array([0.00609085]))","(array([0.04448585]), array([-0.02598441]))","(array([0.04573669]), array([-0.0261941]))","(array([0.04823271]), array([-0.02895408]))","(array([0.05151194]), array([-0.03006349]))","(array([0.05411956]), array([-0.0328877]))","(array([0.05846477]), array([-0.03320254]))","(array([0.059167]), array([-0.03900262]))","(array([0.0608365]), array([-0.04086684]))","(array([0.06083401]), array([-0.04316499]))","(array([0.06088464]), array([-0.04530336]))"
(0.0288050728457748+0j),[0.09759302],[1.],[0.31591025],[1.],"(array([0.11600745]), array([-0.00167072]))","(array([0.04573612]), array([-0.02619415]))","(array([0.04823217]), array([-0.02895419]))","(array([0.05151144]), array([-0.03006368]))","(array([0.05411908]), array([-0.03288794]))","(array([0.05846435]), array([-0.03320283]))","(array([0.05916661]), array([-0.03900293]))","(array([0.06083615]), array([-0.04086717]))","(array([0.06083369]), array([-0.04316534]))","(array([0.06088435]), array([-0.04530372]))","(array([0.05681736]), array([-0.0497832]))"
(0.02733805336542497+0j),[0.07089545],[1.],[0.31411449],[1.],"(array([0.11592803]), array([-0.00412851]))","(array([0.0482316]), array([-0.02895426]))","(array([0.0515109]), array([-0.03006382]))","(array([0.05411858]), array([-0.03288813]))","(array([0.05846389]), array([-0.0332031]))","(array([0.05916618]), array([-0.03900321]))","(array([0.06083576]), array([-0.04086748]))","(array([0.06083333]), array([-0.04316566]))","(array([0.06088403]), array([-0.04530405]))","(array([0.05681704]), array([-0.04978353]))","(array([0.05420566]), array([-0.04975567]))"
(0.025864482208601287+0j),[0.06896707],[1.],[0.3055018],[1.],"(array([0.11797]), array([-0.01268913]))","(array([0.05151033]), array([-0.03006391]))","(array([0.05411804]), array([-0.03288828]))","(array([0.0584634]), array([-0.03320332]))","(array([0.05916571]), array([-0.03900345]))","(array([0.06083533]), array([-0.04086776]))","(array([0.06083294]), array([-0.04316596]))","(array([0.06088366]), array([-0.04530437]))","(array([0.05681669]), array([-0.04978384]))","(array([0.05420533]), array([-0.04975598]))","(array([0.04895552]), array([-0.05226317]))"
(0.02633736131203234+0j),[0.06229639],[1.],[0.30984362],[1.],"(array([0.12065072]), array([-0.01419312]))","(array([0.05411745]), array([-0.03288838]))","(array([0.05846285]), array([-0.03320351]))","(array([0.05916519]), array([-0.03900367]))","(array([0.06083485]), array([-0.04086801]))","(array([0.06083249]), array([-0.04316624]))","(array([0.06088325]), array([-0.04530467]))","(array([0.05681629]), array([-0.04978413]))","(array([0.05420495]), array([-0.04975628]))","(array([0.04895516]), array([-0.05226346]))","(array([0.04831505]), array([-0.05194246]))"
(0.02670620645560377+0j),[0.06786927],[1.],[0.31093563],[1.],"(array([0.12414644]), array([-0.01841501]))","(array([0.05846224]), array([-0.03320366]))","(array([0.05916462]), array([-0.03900385]))","(array([0.06083432]), array([-0.04086824]))","(array([0.06083199]), array([-0.0431665]))","(array([0.06088278]), array([-0.04530496]))","(array([0.05681583]), array([-0.04978441]))","(array([0.05420453]), array([-0.04975656]))","(array([0.04895474]), array([-0.05226373]))","(array([0.04831467]), array([-0.05194274]))","(array([0.04754917]), array([-0.05341073]))"
(0.026913901319986836+0j),[0.04607221],[1.],[0.31617144],[1.],"(array([0.12862503]), array([-0.01749507]))","(array([0.05916403]), array([-0.03900397]))","(array([0.06083376]), array([-0.04086842]))","(array([0.06083147]), array([-0.04316671]))","(array([0.0608823]), array([-0.0453052]))","(array([0.05681536]), array([-0.04978465]))","(array([0.05420408]), array([-0.04975681]))","(array([0.04895431]), array([-0.05226396]))","(array([0.04831427]), array([-0.05194299]))","(array([0.04754881]), array([-0.05341099]))","(array([0.04868582]), array([-0.05290895]))"
(0.02509918282433353+0j),[0.04485751],[1.],[0.30534898],[1.],"(array([0.12910474]), array([-0.02794489]))","(array([0.0608332]), array([-0.04086856]))","(array([0.06083094]), array([-0.04316689]))","(array([0.0608818]), array([-0.04530541]))","(array([0.05681488]), array([-0.04978485]))","(array([0.05420362]), array([-0.04975703]))","(array([0.04895387]), array([-0.05226416]))","(array([0.04831387]), array([-0.05194321]))","(array([0.04754843]), array([-0.05341122]))","(array([0.04868549]), array([-0.0529092]))","(array([0.04454818]), array([-0.05504136]))"
(0.02338877001943309+0j),[0.04781606],[1.],[0.29418316],[1.],"(array([0.12835678]), array([-0.03002637]))","(array([0.06083036]), array([-0.04316705]))","(array([0.06088125]), array([-0.04530561]))","(array([0.05681435]), array([-0.04978504]))","(array([0.05420312]), array([-0.04975724]))","(array([0.04895338]), array([-0.05226436]))","(array([0.04831342]), array([-0.05194342]))","(array([0.04754801]), array([-0.05341144]))","(array([0.04868511]), array([-0.05290945]))","(array([0.04454782]), array([-0.0550416]))","(array([0.04315181]), array([-0.05305651]))"
(0.021853525076607407+0j),[0.02532681],[1.],[0.28712322],[1.],"(array([0.12590206]), array([-0.03161446]))","(array([0.06088072]), array([-0.04530578]))","(array([0.05681384]), array([-0.04978521]))","(array([0.05420263]), array([-0.04975741]))","(array([0.04895292]), array([-0.05226452]))","(array([0.04831298]), array([-0.05194361]))","(array([0.04754761]), array([-0.05341165]))","(array([0.04868475]), array([-0.05290968]))","(array([0.04454748]), array([-0.05504182]))","(array([0.0431515]), array([-0.05305673]))","(array([0.04254108]), array([-0.05057787]))"
(0.022259087561828445+0j),[0.05426466],[1.],[0.28603452],[1.],"(array([0.12585178]), array([-0.0386437]))","(array([0.05681338]), array([-0.04978533]))","(array([0.0542022]), array([-0.04975756]))","(array([0.04895249]), array([-0.05226466]))","(array([0.04831259]), array([-0.05194377]))","(array([0.04754724]), array([-0.05341181]))","(array([0.04868441]), array([-0.05290987]))","(array([0.04454716]), array([-0.055042]))","(array([0.04315121]), array([-0.05305691]))","(array([0.04254082]), array([-0.05057806]))","(array([0.0382554]), array([-0.05293589]))"
(0.02293032543411263+0j),[0.06798051],[1.],[0.28768848],[1.],"(array([0.12164197]), array([-0.03665299]))","(array([0.0542018]), array([-0.04975766]))","(array([0.04895212]), array([-0.05226475]))","(array([0.04831223]), array([-0.05194388]))","(array([0.04754691]), array([-0.05341194]))","(array([0.04868412]), array([-0.05291002]))","(array([0.04454688]), array([-0.05504214]))","(array([0.04315096]), array([-0.05305707]))","(array([0.04254059]), array([-0.05057822]))","(array([0.03825518]), array([-0.05293604]))","(array([0.04378752]), array([-0.04957734]))"
(0.02371447062034547+0j),[0.06490311],[1.],[0.29355982],[1.],"(array([0.11945368]), array([-0.03361397]))","(array([0.0489517]), array([-0.05226484]))","(array([0.04831184]), array([-0.05194399]))","(array([0.04754655]), array([-0.05341207]))","(array([0.04868378]), array([-0.05291017]))","(array([0.04454656]), array([-0.05504228]))","(array([0.04315067]), array([-0.05305722]))","(array([0.04254032]), array([-0.05057838]))","(array([0.03825493]), array([-0.05293619]))","(array([0.04378731]), array([-0.04957752]))","(array([0.04660709]), array([-0.04843826]))"
(0.022068318271677684+0j),[0.09552407],[1.],[0.27382057],[1.],"(array([0.11369528]), array([-0.03673899]))","(array([0.04831135]), array([-0.05194409]))","(array([0.04754609]), array([-0.05341219]))","(array([0.04868336]), array([-0.05291032]))","(array([0.04454616]), array([-0.05504243]))","(array([0.0431503]), array([-0.05305738]))","(array([0.04253999]), array([-0.05057856]))","(array([0.03825462]), array([-0.05293635]))","(array([0.04378704]), array([-0.04957772]))","(array([0.04660685]), array([-0.04843848]))","(array([0.04581788]), array([-0.04830708]))"
(0.020757128595694816+0j),[0.11695756],[1.],[0.25572703],[1.],"(array([0.10873061]), array([-0.02968921]))","(array([0.04754552]), array([-0.05341229]))","(array([0.04868283]), array([-0.05291047]))","(array([0.04454567]), array([-0.05504257]))","(array([0.04314984]), array([-0.05305754]))","(array([0.04253957]), array([-0.05057874]))","(array([0.03825422]), array([-0.05293652]))","(array([0.0437867]), array([-0.04957793]))","(array([0.04660655]), array([-0.04843872]))","(array([0.04581761]), array([-0.04830733]))","(array([0.04948329]), array([-0.04119766]))"
(0.019722525841046498+0j),[0.09470453],[1.],[0.25714168],[1.],"(array([0.10400485]), array([-0.0264044]))","(array([0.04868221]), array([-0.0529106]))","(array([0.04454508]), array([-0.0550427]))","(array([0.0431493]), array([-0.05305769]))","(array([0.04253907]), array([-0.05057892]))","(array([0.03825375]), array([-0.05293668]))","(array([0.04378628]), array([-0.04957816]))","(array([0.04660619]), array([-0.04843898]))","(array([0.04581727]), array([-0.04830759]))","(array([0.04948302]), array([-0.04119797]))","(array([0.05161958]), array([-0.03539182]))"
(0.018084793586538167+0j),[0.09776961],[1.],[0.24343133],[1.],"(array([0.10494902]), array([-0.03080407]))","(array([0.04454441]), array([-0.0550428]))","(array([0.04314867]), array([-0.05305783]))","(array([0.04253849]), array([-0.05057909]))","(array([0.0382532]), array([-0.05293683]))","(array([0.0437858]), array([-0.04957838]))","(array([0.04660575]), array([-0.04843925]))","(array([0.04581687]), array([-0.04830787]))","(array([0.04948268]), array([-0.0411983]))","(array([0.0516193]), array([-0.03539218]))","(array([0.04727867]), array([-0.03767579]))"
(0.016775675407925954+0j),[0.09800457],[1.],[0.23278921],[1.],"(array([0.09789722]), array([-0.0322064]))","(array([0.04314796]), array([-0.05305793]))","(array([0.04253783]), array([-0.05057924]))","(array([0.03825258]), array([-0.05293696]))","(array([0.04378524]), array([-0.0495786]))","(array([0.04660525]), array([-0.04843951]))","(array([0.04581641]), array([-0.04830816]))","(array([0.04948229]), array([-0.04119865]))","(array([0.05161897]), array([-0.03539257]))","(array([0.04727833]), array([-0.03767616]))","(array([0.04645374]), array([-0.03478732]))"
(0.015613739171358363+0j),[0.10464243],[1.],[0.21998821],[1.],"(array([0.094195]), array([-0.03021628]))","(array([0.04253707]), array([-0.05057935]))","(array([0.03825187]), array([-0.05293706]))","(array([0.04378459]), array([-0.0495788]))","(array([0.04660466]), array([-0.04843977]))","(array([0.04581586]), array([-0.04830844]))","(array([0.04948181]), array([-0.04119901]))","(array([0.05161856]), array([-0.03539298]))","(array([0.04727792]), array([-0.03767655]))","(array([0.04645337]), array([-0.03478772]))","(array([0.04530542]), array([-0.03278789]))"
(0.01671921679557164+0j),[0.10030887],[1.],[0.2315165],[1.],"(array([0.09291759]), array([-0.02633873]))","(array([0.03825104]), array([-0.0529371]))","(array([0.04378384]), array([-0.04957897]))","(array([0.04660397]), array([-0.04844002]))","(array([0.04581521]), array([-0.04830871]))","(array([0.04948124]), array([-0.04119938]))","(array([0.05161806]), array([-0.03539342]))","(array([0.04727743]), array([-0.03767696]))","(array([0.04645292]), array([-0.03478815]))","(array([0.045305]), array([-0.03278833]))","(array([0.04618374]), array([-0.03151123]))"
(0.01793972124886435+0j),[0.10353918],[1.],[0.24012549],[1.],"(array([0.09126421]), array([-0.02959367]))","(array([0.04378299]), array([-0.04957908]))","(array([0.04660318]), array([-0.04844022]))","(array([0.04581447]), array([-0.04830895]))","(array([0.04948058]), array([-0.04119973]))","(array([0.05161747]), array([-0.03539385]))","(array([0.04727684]), array([-0.03767736]))","(array([0.04645238]), array([-0.03478858]))","(array([0.04530449]), array([-0.03278877]))","(array([0.04618328]), array([-0.0315117]))","(array([0.046723]), array([-0.03423984]))"
(0.018940697730423152+0j),[0.10944876],[1.],[0.24548748],[1.],"(array([0.09854844]), array([-0.02560925]))","(array([0.04660236]), array([-0.04844038]))","(array([0.04581369]), array([-0.04830916]))","(array([0.04947987]), array([-0.04120005]))","(array([0.05161684]), array([-0.03539426]))","(array([0.04727621]), array([-0.03767774]))","(array([0.04645179]), array([-0.03478899]))","(array([0.04530395]), array([-0.03278919]))","(array([0.04618279]), array([-0.03151215]))","(array([0.04672254]), array([-0.0342403]))","(array([0.0481417]), array([-0.03544409]))"
(0.018696401913186587+0j),[0.08664133],[1.],[0.25259036],[1.],"(array([0.10147743]), array([-0.02319936]))","(array([0.04581291]), array([-0.04830931]))","(array([0.04947915]), array([-0.04120032]))","(array([0.05161619]), array([-0.03539462]))","(array([0.04727557]), array([-0.03767808]))","(array([0.04645119]), array([-0.03478936]))","(array([0.04530338]), array([-0.03278958]))","(array([0.04618227]), array([-0.03151257]))","(array([0.04672205]), array([-0.03424072]))","(array([0.04814125]), array([-0.03544453]))","(array([0.04929741]), array([-0.03490336]))"
(0.018402432012727715+0j),[0.09359136],[1.],[0.24787834],[1.],"(array([0.10226971]), array([-0.02808657]))","(array([0.0494784]), array([-0.04120055]))","(array([0.05161549]), array([-0.03539494]))","(array([0.04727488]), array([-0.03767838]))","(array([0.04645055]), array([-0.03478969]))","(array([0.04530278]), array([-0.03278993]))","(array([0.04618171]), array([-0.03151296]))","(array([0.04672152]), array([-0.03424112]))","(array([0.04814076]), array([-0.03544494]))","(array([0.04929696]), array([-0.0349038]))","(array([0.04574228]), array([-0.0387823]))"
(0.01797082228878184+0j),[0.11224396],[1.],[0.23661697],[1.],"(array([0.1048116]), array([-0.01962476]))","(array([0.05161473]), array([-0.03539523]))","(array([0.04727414]), array([-0.03767863]))","(array([0.04644984]), array([-0.03478999]))","(array([0.04530211]), array([-0.03279025]))","(array([0.04618108]), array([-0.03151332]))","(array([0.04672092]), array([-0.0342415]))","(array([0.04814021]), array([-0.03544534]))","(array([0.04929647]), array([-0.03490422]))","(array([0.04574179]), array([-0.03878269]))","(array([0.04635234]), array([-0.03713268]))"
(0.015879387747527646+0j),[0.11505931],[1.],[0.21755677],[1.],"(array([0.10286357]), array([-0.00985973]))","(array([0.04727331]), array([-0.03767883]))","(array([0.04644905]), array([-0.03479024]))","(array([0.04530135]), array([-0.03279053]))","(array([0.04618038]), array([-0.03151365]))","(array([0.04672025]), array([-0.03424184]))","(array([0.04813958]), array([-0.03544572]))","(array([0.04929589]), array([-0.03490464]))","(array([0.04574122]), array([-0.03878306]))","(array([0.04635182]), array([-0.03713308]))","(array([0.04773942]), array([-0.03161567]))"
(0.0141976320393444+0j),[0.12717756],[1.],[0.1947805],[1.],"(array([0.09443581]), array([-0.01146599]))","(array([0.04644818]), array([-0.03479043]))","(array([0.04530051]), array([-0.03279076]))","(array([0.04617959]), array([-0.03151393]))","(array([0.04671949]), array([-0.03424215]))","(array([0.04813887]), array([-0.03544607]))","(array([0.04929523]), array([-0.03490502]))","(array([0.04574058]), array([-0.03878341]))","(array([0.04635124]), array([-0.03713345]))","(array([0.04773892]), array([-0.03161609]))","(array([0.0462828]), array([-0.02773823]))"
(0.012770717889684348+0j),[0.1403467],[1.],[0.17010653],[1.],"(array([0.08862266]), array([-0.00598185]))","(array([0.0452997]), array([-0.03279091]))","(array([0.04617881]), array([-0.03151414]))","(array([0.04671874]), array([-0.03424238]))","(array([0.04813817]), array([-0.03544634]))","(array([0.04929458]), array([-0.03490534]))","(array([0.04573994]), array([-0.03878369]))","(array([0.04635065]), array([-0.03713377]))","(array([0.04773841]), array([-0.03161646]))","(array([0.04628234]), array([-0.02773862]))","(array([0.04603671]), array([-0.02212055]))"
(0.012669550645381996+0j),[0.14235403],[1.],[0.16743477],[1.],"(array([0.08353289]), array([-0.0011346]))","(array([0.0461781]), array([-0.03151429]))","(array([0.04671807]), array([-0.03424255]))","(array([0.04813752]), array([-0.03544655]))","(array([0.04929398]), array([-0.03490559]))","(array([0.04573935]), array([-0.03878391]))","(array([0.04635012]), array([-0.03713402]))","(array([0.04773794]), array([-0.03161677]))","(array([0.04628192]), array([-0.02773894]))","(array([0.04603635]), array([-0.02212091]))","(array([0.04653221]), array([-0.01728336]))"
(0.012539202260884083+0j),[0.14472822],[1.],[0.16401106],[1.],"(array([0.08380305]), array([0.00055244]))","(array([0.04671745]), array([-0.03424266]))","(array([0.04813694]), array([-0.03544669]))","(array([0.04929343]), array([-0.03490578]))","(array([0.04573882]), array([-0.03878406]))","(array([0.04634963]), array([-0.03713421]))","(array([0.0477375]), array([-0.03161701]))","(array([0.04628152]), array([-0.0277392]))","(array([0.046036]), array([-0.02212121]))","(array([0.04653193]), array([-0.01728369]))","(array([0.04658346]), array([-0.01655131]))"
(0.01245444934955871+0j),[0.14765741],[1.],[0.16048119],[1.],"(array([0.08357644]), array([-0.00158549]))","(array([0.04813639]), array([-0.03544679]))","(array([0.04929291]), array([-0.03490591]))","(array([0.04573832]), array([-0.03878417]))","(array([0.04634916]), array([-0.03713435]))","(array([0.04773708]), array([-0.03161721]))","(array([0.04628113]), array([-0.02773942]))","(array([0.04603566]), array([-0.02212146]))","(array([0.04653163]), array([-0.01728398]))","(array([0.04658321]), array([-0.01655162]))","(array([0.04671177]), array([-0.01559271]))"
(0.013475746109692132+0j),[0.14454466],[1.],[0.17512298],[1.],"(array([0.08564523]), array([-0.00211568]))","(array([0.0492924]), array([-0.03490599]))","(array([0.04573783]), array([-0.03878423]))","(array([0.04634869]), array([-0.03713444]))","(array([0.04773666]), array([-0.03161735]))","(array([0.04628074]), array([-0.02773959]))","(array([0.04603531]), array([-0.02212167]))","(array([0.04653133]), array([-0.01728423]))","(array([0.04658293]), array([-0.01655189]))","(array([0.04671153]), array([-0.01559299]))","(array([0.04762031]), array([-0.01581851]))"
(0.014493560027358972+0j),[0.16271067],[1.],[0.17045084],[1.],"(array([0.08998667]), array([-0.00227474]))","(array([0.04573737]), array([-0.03878423]))","(array([0.04634826]), array([-0.03713448]))","(array([0.04773626]), array([-0.03161744]))","(array([0.04628037]), array([-0.02773971]))","(array([0.04603497]), array([-0.02212183]))","(array([0.04653103]), array([-0.01728443]))","(array([0.04658266]), array([-0.0165521]))","(array([0.04671129]), array([-0.01559323]))","(array([0.04762009]), array([-0.01581876]))","(array([0.04860688]), array([-0.01892705]))"
(0.015585323185312723+0j),[0.16641028],[1.],[0.17897091],[1.],"(array([0.08548448]), array([-0.00206575]))","(array([0.04634787]), array([-0.03713447]))","(array([0.04773589]), array([-0.03161749]))","(array([0.04628003]), array([-0.02773978]))","(array([0.04603465]), array([-0.02212193]))","(array([0.04653074]), array([-0.01728457]))","(array([0.04658239]), array([-0.01655227]))","(array([0.04671105]), array([-0.01559342]))","(array([0.04761988]), array([-0.01581897]))","(array([0.04860668]), array([-0.01892727]))","(array([0.05167286]), array([-0.01606314]))"
(0.017851741283291794+0j),[0.17096026],[1.],[0.19796708],[1.],"(array([0.08930821]), array([0.00035331]))","(array([0.04773558]), array([-0.03161749]))","(array([0.04627973]), array([-0.0277398]))","(array([0.04603437]), array([-0.02212199]))","(array([0.04653048]), array([-0.01728467]))","(array([0.04658216]), array([-0.01655239]))","(array([0.04671083]), array([-0.01559356]))","(array([0.04761968]), array([-0.01581913]))","(array([0.0486065]), array([-0.01892744]))","(array([0.05167271]), array([-0.01606333]))","(array([0.05394567]), array([-0.01846116]))"
(0.020072328764922397+0j),[0.17821718],[1.],[0.21238757],[1.],"(array([0.09482159]), array([0.00672937]))","(array([0.04627948]), array([-0.0277398]))","(array([0.04603413]), array([-0.02212202]))","(array([0.04653026]), array([-0.01728473]))","(array([0.04658194]), array([-0.01655247]))","(array([0.04671064]), array([-0.01559366]))","(array([0.0476195]), array([-0.01581924]))","(array([0.04860633]), array([-0.01892756]))","(array([0.05167257]), array([-0.01606348]))","(array([0.05394555]), array([-0.01846132]))","(array([0.05675247]), array([-0.02160449]))"
(0.02228653638668255+0j),[0.19003305],[1.],[0.2216117],[1.],"(array([0.09655516]), array([0.01210195]))","(array([0.04603389]), array([-0.02212202]))","(array([0.04653003]), array([-0.01728476]))","(array([0.04658173]), array([-0.01655252]))","(array([0.04671043]), array([-0.01559373]))","(array([0.04761931]), array([-0.01581933]))","(array([0.04860615]), array([-0.01892766]))","(array([0.05167242]), array([-0.01606361]))","(array([0.05394541]), array([-0.01846147]))","(array([0.05675235]), array([-0.02160465]))","(array([0.0596419]), array([-0.02361938]))"
(0.0245151258183906+0j),[0.17006846],[1.],[0.25425232],[1.],"(array([0.09847188]), array([0.02017609]))","(array([0.04652978]), array([-0.01728475]))","(array([0.04658149]), array([-0.01655254]))","(array([0.0467102]), array([-0.01559376]))","(array([0.04761909]), array([-0.01581939]))","(array([0.04860595]), array([-0.01892774]))","(array([0.05167223]), array([-0.01606372]))","(array([0.05394524]), array([-0.01846159]))","(array([0.05675219]), array([-0.02160479]))","(array([0.05964177]), array([-0.02361954]))","(array([0.06285032]), array([-0.02426383]))"
(0.026906507799310923+0j),[0.15240042],[1.],[0.28152701],[1.],"(array([0.10611782]), array([0.02050243]))","(array([0.04658125]), array([-0.01655252]))","(array([0.04670997]), array([-0.01559377]))","(array([0.04761887]), array([-0.01581942]))","(array([0.04860573]), array([-0.01892778]))","(array([0.05167203]), array([-0.0160638]))","(array([0.05394505]), array([-0.01846169]))","(array([0.05675202]), array([-0.02160491]))","(array([0.05964162]), array([-0.02361968]))","(array([0.06285018]), array([-0.02426399]))","(array([0.06251877]), array([-0.03271141]))"
(0.029462326046533656+0j),[0.14995541],[1.],[0.29910773],[1.],"(array([0.11214693]), array([0.01732873]))","(array([0.04670972]), array([-0.01559374]))","(array([0.04761862]), array([-0.01581942]))","(array([0.04860549]), array([-0.01892779]))","(array([0.05167181]), array([-0.01606386]))","(array([0.05394484]), array([-0.01846177]))","(array([0.05675182]), array([-0.02160501]))","(array([0.05964144]), array([-0.0236198]))","(array([0.06285003]), array([-0.02426414]))","(array([0.06251862]), array([-0.03271156]))","(array([0.06212494]), array([-0.03984118]))"
(0.0316267790042551+0j),[0.15274434],[1.],[0.31071759],[1.],"(array([0.1158488]), array([0.01772418]))","(array([0.04761836]), array([-0.01581939]))","(array([0.04860524]), array([-0.01892778]))","(array([0.05167157]), array([-0.01606389]))","(array([0.05394461]), array([-0.01846183]))","(array([0.0567516]), array([-0.02160509]))","(array([0.05964123]), array([-0.02361991]))","(array([0.06284984]), array([-0.02426427]))","(array([0.06251844]), array([-0.0327117]))","(array([0.06212478]), array([-0.03984132]))","(array([0.06342379]), array([-0.04321751]))"
(0.03372939780600388+0j),[0.13053651],[1.],[0.33236475],[1.],"(array([0.1192734]), array([0.01811531]))","(array([0.04860498]), array([-0.01892774]))","(array([0.05167131]), array([-0.0160639]))","(array([0.05394436]), array([-0.01846186]))","(array([0.05675137]), array([-0.02160515]))","(array([0.05964101]), array([-0.02361999]))","(array([0.06284964]), array([-0.02426439]))","(array([0.06251825]), array([-0.03271182]))","(array([0.06212459]), array([-0.03984144]))","(array([0.06342362]), array([-0.04321764]))","(array([0.06521591]), array([-0.04508801]))"
(0.03591751037200704+0j),[0.1064632],[1.],[0.35222296],[1.],"(array([0.12497927]), array([0.01019526]))","(array([0.05167106]), array([-0.01606388]))","(array([0.05394411]), array([-0.01846186]))","(array([0.05675113]), array([-0.02160518]))","(array([0.05964078]), array([-0.02362006]))","(array([0.06284943]), array([-0.02426448]))","(array([0.06251804]), array([-0.03271191]))","(array([0.0621244]), array([-0.03984154]))","(array([0.06342344]), array([-0.04321776]))","(array([0.06521575]), array([-0.04508814]))","(array([0.06340847]), array([-0.05158083]))"
(0.03903826042869079+0j),[0.1167043],[1.],[0.36476836],[1.],"(array([0.13292913]), array([0.00769618]))","(array([0.05394387]), array([-0.01846185]))","(array([0.05675089]), array([-0.02160519]))","(array([0.05964056]), array([-0.0236201]))","(array([0.06284922]), array([-0.02426455]))","(array([0.06251784]), array([-0.03271199]))","(array([0.0621242]), array([-0.03984163]))","(array([0.06342326]), array([-0.04321786]))","(array([0.06521558]), array([-0.04508825]))","(array([0.06340831]), array([-0.05158095]))","(array([0.06120594]), array([-0.05849177]))"
(0.04201833218808551+0j),[0.12647366],[1.],[0.37589724],[1.],"(array([0.13787925]), array([0.00760446]))","(array([0.05675066]), array([-0.02160518]))","(array([0.05964034]), array([-0.02362012]))","(array([0.06284901]), array([-0.02426461]))","(array([0.06251764]), array([-0.03271205]))","(array([0.06212401]), array([-0.03984169]))","(array([0.06342308]), array([-0.04321794]))","(array([0.06521542]), array([-0.04508835]))","(array([0.06340815]), array([-0.05158105]))","(array([0.06120579]), array([-0.05849187]))","(array([0.06454186]), array([-0.05965726]))"
(0.044831143867842684+0j),[0.11925637],[1.],[0.39107961],[1.],"(array([0.14303983]), array([0.00668102]))","(array([0.05964012]), array([-0.02362012]))","(array([0.06284881]), array([-0.02426464]))","(array([0.06251744]), array([-0.03271209]))","(array([0.06212382]), array([-0.03984174]))","(array([0.06342291]), array([-0.043218]))","(array([0.06521526]), array([-0.04508843]))","(array([0.063408]), array([-0.05158113]))","(array([0.06120564]), array([-0.05849196]))","(array([0.06454173]), array([-0.05965735]))","(array([0.06764124]), array([-0.06058573]))"
(0.040935750460693976+0j),[0.112971],[1.],[0.37394066],[1.],"(array([0.14571338]), array([0.00312729]))","(array([0.0628486]), array([-0.02426466]))","(array([0.06251725]), array([-0.03271211]))","(array([0.06212364]), array([-0.03984177]))","(array([0.06342273]), array([-0.04321805]))","(array([0.0652151]), array([-0.04508849]))","(array([0.06340785]), array([-0.0515812]))","(array([0.06120549]), array([-0.05849202]))","(array([0.0645416]), array([-0.05965743]))","(array([0.06764113]), array([-0.06058582]))","(array([0.06620066]), array([-0.06116812]))"
(0.03726685893625712+0j),[0.10187073],[1.],[0.35853829],[1.],"(array([0.14507845]), array([0.00112382]))","(array([0.06251705]), array([-0.03271211]))","(array([0.06212346]), array([-0.03984178]))","(array([0.06342256]), array([-0.04321807]))","(array([0.06521493]), array([-0.04508854]))","(array([0.06340769]), array([-0.05158125]))","(array([0.06120535]), array([-0.05849208]))","(array([0.06454147]), array([-0.0596575]))","(array([0.06764101]), array([-0.0605859]))","(array([0.06620055]), array([-0.0611682]))","(array([0.06310209]), array([-0.05851908]))"
(0.03403142051333195+0j),[0.08524853],[1.],[0.34586508],[1.],"(array([0.14136562]), array([-0.00955683]))","(array([0.06212327]), array([-0.03984177]))","(array([0.06342238]), array([-0.04321808]))","(array([0.06521476]), array([-0.04508856]))","(array([0.06340753]), array([-0.05158128]))","(array([0.06120519]), array([-0.05849211]))","(array([0.06454133]), array([-0.05965756]))","(array([0.06764088]), array([-0.06058597]))","(array([0.06620044]), array([-0.06116828]))","(array([0.06310198]), array([-0.05851916]))","(array([0.05947743]), array([-0.05670741]))"
(0.03668040365658316+0j),[0.07475791],[1.],[0.36212896],[1.],"(array([0.14157315]), array([-0.02016758]))","(array([0.0634222]), array([-0.04321807]))","(array([0.06521459]), array([-0.04508858]))","(array([0.06340736]), array([-0.0515813]))","(array([0.06120504]), array([-0.05849214]))","(array([0.06454118]), array([-0.0596576]))","(array([0.06764075]), array([-0.06058603]))","(array([0.06620031]), array([-0.06116835]))","(array([0.06310187]), array([-0.05851923]))","(array([0.05947732]), array([-0.05670748]))","(array([0.05676336]), array([-0.05896871]))"
(0.03924722492096703+0j),[0.08218763],[1.],[0.37332479],[1.],"(array([0.14639383]), array([-0.02577412]))","(array([0.06521441]), array([-0.04508857]))","(array([0.06340719]), array([-0.0515813]))","(array([0.06120487]), array([-0.05849214]))","(array([0.06454103]), array([-0.05965763]))","(array([0.06764061]), array([-0.06058608]))","(array([0.06620018]), array([-0.0611684]))","(array([0.06310175]), array([-0.05851929]))","(array([0.0594772]), array([-0.05670754]))","(array([0.05676325]), array([-0.05896877]))","(array([0.0565928]), array([-0.06313375]))"
(0.04170671205668772+0j),[0.08357894],[1.],[0.38472625],[1.],"(array([0.15058362]), array([-0.02597039]))","(array([0.06340702]), array([-0.05158128]))","(array([0.06120471]), array([-0.05849213]))","(array([0.06454087]), array([-0.05965764]))","(array([0.06764046]), array([-0.06058611]))","(array([0.06620005]), array([-0.06116844]))","(array([0.06310162]), array([-0.05851934]))","(array([0.05947709]), array([-0.0567076]))","(array([0.05676314]), array([-0.05896883]))","(array([0.05659269]), array([-0.06313381]))","(array([0.05924151]), array([-0.064373]))"
(0.03970901416948108+0j),[0.10532967],[1.],[0.36930382],[1.],"(array([0.14886858]), array([-0.032004]))","(array([0.06120455]), array([-0.05849211]))","(array([0.06454073]), array([-0.05965763]))","(array([0.06764033]), array([-0.06058612]))","(array([0.06619992]), array([-0.06116846]))","(array([0.0631015]), array([-0.05851937]))","(array([0.05947697]), array([-0.05670763]))","(array([0.05676303]), array([-0.05896887]))","(array([0.05659259]), array([-0.06313386]))","(array([0.05924142]), array([-0.06437305]))","(array([0.05968526]), array([-0.06422341]))"
(0.038148675194489716+0j),[0.09027984],[1.],[0.3652759],[1.],"(array([0.14332825]), array([-0.03396056]))","(array([0.06454059]), array([-0.05965761]))","(array([0.0676402]), array([-0.06058612]))","(array([0.0661998]), array([-0.06116847]))","(array([0.06310138]), array([-0.05851939]))","(array([0.05947686]), array([-0.05670766]))","(array([0.05676293]), array([-0.0589689]))","(array([0.05659249]), array([-0.06313389]))","(array([0.05924133]), array([-0.06437309]))","(array([0.05968517]), array([-0.06422346]))","(array([0.06230683]), array([-0.05885558]))"
(0.03649919632727189+0j),[0.07046144],[1.],[0.36117358],[1.],"(array([0.14570141]), array([-0.03840026]))","(array([0.06764006]), array([-0.06058611]))","(array([0.06619967]), array([-0.06116848]))","(array([0.06310126]), array([-0.0585194]))","(array([0.05947674]), array([-0.05670767]))","(array([0.05676282]), array([-0.05896892]))","(array([0.05659239]), array([-0.06313392]))","(array([0.05924123]), array([-0.06437313]))","(array([0.05968509]), array([-0.0642235]))","(array([0.06230675]), array([-0.05885563]))","(array([0.05898986]), array([-0.0596588]))"
(0.033819082159231434+0j),[0.08759044],[1.],[0.3432519],[1.],"(array([0.147273]), array([-0.04365596]))","(array([0.06619951]), array([-0.06116846]))","(array([0.06310111]), array([-0.0585194]))","(array([0.0594766]), array([-0.05670768]))","(array([0.05676268]), array([-0.05896893]))","(array([0.05659226]), array([-0.06313394]))","(array([0.05924112]), array([-0.06437316]))","(array([0.05968498]), array([-0.06422354]))","(array([0.06230665]), array([-0.05885569]))","(array([0.05898977]), array([-0.05965886]))","(array([0.05447847]), array([-0.06049923]))"
(0.031562085002223926+0j),[0.08149913],[1.],[0.33242128],[1.],"(array([0.14193087]), array([-0.04045262]))","(array([0.06310094]), array([-0.05851938]))","(array([0.05947643]), array([-0.05670768]))","(array([0.05676252]), array([-0.05896893]))","(array([0.05659211]), array([-0.06313395]))","(array([0.05924097]), array([-0.06437319]))","(array([0.05968484]), array([-0.06422358]))","(array([0.06230653]), array([-0.05885574]))","(array([0.05898965]), array([-0.05965891]))","(array([0.05447836]), array([-0.06049928]))","(array([0.05580619]), array([-0.05522753]))"
(0.02955866435539266+0j),[0.08447003],[1.],[0.32034712],[1.],"(array([0.13653023]), array([-0.03920656]))","(array([0.05947625]), array([-0.05670765]))","(array([0.05676234]), array([-0.05896892]))","(array([0.05659194]), array([-0.06313395]))","(array([0.05924081]), array([-0.0643732]))","(array([0.05968469]), array([-0.06422361]))","(array([0.06230638]), array([-0.05885579]))","(array([0.05898951]), array([-0.05965896]))","(array([0.05447823]), array([-0.06049933]))","(array([0.05580607]), array([-0.05522759]))","(array([0.05344011]), array([-0.05393542]))"
(0.027953031185496746+0j),[0.09175607],[1.],[0.30892235],[1.],"(array([0.13040382]), array([-0.03678452]))","(array([0.05676215]), array([-0.05896888]))","(array([0.05659176]), array([-0.06313393]))","(array([0.05924064]), array([-0.06437321]))","(array([0.05968453]), array([-0.06422363]))","(array([0.06230623]), array([-0.05885583]))","(array([0.05898936]), array([-0.059659]))","(array([0.05447808]), array([-0.06049937]))","(array([0.05580594]), array([-0.05522765]))","(array([0.05343998]), array([-0.05393548]))","(array([0.05271779]), array([-0.05146372]))"
(0.026647462693011124+0j),[0.08193561],[1.],[0.30387562],[1.],"(array([0.12524546]), array([-0.03738397]))","(array([0.05659157]), array([-0.06313389]))","(array([0.05924046]), array([-0.0643732]))","(array([0.05968435]), array([-0.06422363]))","(array([0.06230606]), array([-0.05885585]))","(array([0.0589892]), array([-0.05965903]))","(array([0.05447793]), array([-0.0604994]))","(array([0.0558058]), array([-0.05522769]))","(array([0.05343985]), array([-0.05393553]))","(array([0.05271766]), array([-0.05146377]))","(array([0.05293479]), array([-0.04851603]))"
(0.02544277036763529+0j),[0.07015521],[1.],[0.29954194],[1.],"(array([0.12397132]), array([-0.04359922]))","(array([0.05924027]), array([-0.06437317]))","(array([0.05968417]), array([-0.06422363]))","(array([0.06230589]), array([-0.05885587]))","(array([0.05898903]), array([-0.05965905]))","(array([0.05447777]), array([-0.06049942]))","(array([0.05580565]), array([-0.05522773]))","(array([0.05343971]), array([-0.05393557]))","(array([0.05271753]), array([-0.05146382]))","(array([0.05293467]), array([-0.04851609]))","(array([0.05060745]), array([-0.04858544]))"
(0.028646088984793452+0j),[0.08312102],[1.],[0.31623902],[1.],"(array([0.1287463]), array([-0.0473954]))","(array([0.05968399]), array([-0.06422361]))","(array([0.06230572]), array([-0.05885588]))","(array([0.05898887]), array([-0.05965906]))","(array([0.05447761]), array([-0.06049943]))","(array([0.0558055]), array([-0.05522776]))","(array([0.05343957]), array([-0.0539356]))","(array([0.05271739]), array([-0.05146386]))","(array([0.05293455]), array([-0.04851614]))","(array([0.05060734]), array([-0.04858549]))","(array([0.04945625]), array([-0.05170529]))"
(0.031884575955500566+0j),[0.05072587],[1.],[0.34137853],[1.],"(array([0.13282287]), array([-0.04440684]))","(array([0.06230555]), array([-0.05885587]))","(array([0.05898871]), array([-0.05965907]))","(array([0.05447746]), array([-0.06049944]))","(array([0.05580535]), array([-0.05522778]))","(array([0.05343943]), array([-0.05393562]))","(array([0.05271726]), array([-0.05146389]))","(array([0.05293443]), array([-0.04851618]))","(array([0.05060722]), array([-0.04858554]))","(array([0.04945615]), array([-0.05170533]))","(array([0.05373133]), array([-0.05343191]))"
(0.03483155287758914+0j),[0.06907539],[1.],[0.35402729],[1.],"(array([0.14088343]), array([-0.04630345]))","(array([0.05898854]), array([-0.05965905]))","(array([0.0544773]), array([-0.06049943]))","(array([0.0558052]), array([-0.05522778]))","(array([0.05343928]), array([-0.05393564]))","(array([0.05271713]), array([-0.05146392]))","(array([0.05293429]), array([-0.04851622]))","(array([0.0506071]), array([-0.04858557]))","(array([0.04945603]), array([-0.05170537]))","(array([0.05373122]), array([-0.05343195]))","(array([0.05015973]), array([-0.06177439]))"
(0.038182827615176766+0j),[0.04731709],[1.],[0.37436107],[1.],"(array([0.14052505]), array([-0.04306289]))","(array([0.0544771]), array([-0.0604994]))","(array([0.05580501]), array([-0.05522778]))","(array([0.0534391]), array([-0.05393564]))","(array([0.05271695]), array([-0.05146393]))","(array([0.05293413]), array([-0.04851625]))","(array([0.05060694]), array([-0.0485856]))","(array([0.04945588]), array([-0.0517054]))","(array([0.05373108]), array([-0.053432]))","(array([0.0501596]), array([-0.06177443]))","(array([0.05514103]), array([-0.06231481]))"
(0.041613882539186624+0j),[0.06986357],[1.],[0.38714649],[1.],"(array([0.14056143]), array([-0.04867973]))","(array([0.05580477]), array([-0.05522776]))","(array([0.05343887]), array([-0.05393563]))","(array([0.05271673]), array([-0.05146394]))","(array([0.05293392]), array([-0.04851627]))","(array([0.05060674]), array([-0.04858563]))","(array([0.04945569]), array([-0.05170543]))","(array([0.0537309]), array([-0.05343205]))","(array([0.05015943]), array([-0.06177447]))","(array([0.05514088]), array([-0.06231486]))","(array([0.05327839]), array([-0.06864163]))"
(0.04497186752784344+0j),[0.08163711],[1.],[0.40001761],[1.],"(array([0.14464016]), array([-0.03858752]))","(array([0.05343857]), array([-0.05393559]))","(array([0.05271645]), array([-0.05146392]))","(array([0.05293365]), array([-0.04851628]))","(array([0.05060648]), array([-0.04858565]))","(array([0.04945544]), array([-0.05170545]))","(array([0.05373067]), array([-0.05343209]))","(array([0.05015921]), array([-0.06177451]))","(array([0.05514068]), array([-0.06231492]))","(array([0.0532782]), array([-0.06864169]))","(array([0.05882868]), array([-0.0686139]))"
(0.04817290631338033+0j),[0.09117851],[1.],[0.41171682],[1.],"(array([0.1450201]), array([-0.03474818]))","(array([0.05271609]), array([-0.05146386]))","(array([0.0529333]), array([-0.04851625]))","(array([0.05060614]), array([-0.04858563]))","(array([0.04945512]), array([-0.05170544]))","(array([0.05373037]), array([-0.05343211]))","(array([0.05015893]), array([-0.06177452]))","(array([0.05514042]), array([-0.06231496]))","(array([0.05327795]), array([-0.06864173]))","(array([0.05882846]), array([-0.06861397]))","(array([0.06240766]), array([-0.06971861]))"
(0.051322146844327704+0j),[0.10453115],[1.],[0.42152609],[1.],"(array([0.14685915]), array([-0.03024669]))","(array([0.05293287]), array([-0.04851618]))","(array([0.05060573]), array([-0.04858557]))","(array([0.04945473]), array([-0.05170539]))","(array([0.05373]), array([-0.05343211]))","(array([0.05015858]), array([-0.06177451]))","(array([0.05514009]), array([-0.06231499]))","(array([0.05327765]), array([-0.06864177]))","(array([0.05882818]), array([-0.06861404]))","(array([0.0624074]), array([-0.0697187]))","(array([0.06544627]), array([-0.07092215]))"
(0.054356354100553485+0j),[0.10997514],[1.],[0.43212562],[1.],"(array([0.14920126]), array([-0.02444107]))","(array([0.05060526]), array([-0.04858546]))","(array([0.04945428]), array([-0.0517053]))","(array([0.05372957]), array([-0.05343206]))","(array([0.05015818]), array([-0.06177446]))","(array([0.05513971]), array([-0.062315]))","(array([0.05327729]), array([-0.06864178]))","(array([0.05882785]), array([-0.06861409]))","(array([0.0624071]), array([-0.06971879]))","(array([0.06544599]), array([-0.07092226]))","(array([0.06898399]), array([-0.07133383]))"
(0.05542298556489718+0j),[0.08570345],[1.],[0.44113344],[1.],"(array([0.14832231]), array([-0.02331887]))","(array([0.04945379]), array([-0.05170515]))","(array([0.0537291]), array([-0.05343198]))","(array([0.05015774]), array([-0.06177436]))","(array([0.0551393]), array([-0.06231496]))","(array([0.0532769]), array([-0.06864175]))","(array([0.05882749]), array([-0.06861412]))","(array([0.06240676]), array([-0.06971885]))","(array([0.06544568]), array([-0.07092236]))","(array([0.06898371]), array([-0.07133396]))","(array([0.07074015]), array([-0.07199269]))"
(0.05646047986486763+0j),[0.10618509],[1.],[0.44011742],[1.],"(array([0.14916849]), array([-0.03170363]))","(array([0.05372859]), array([-0.05343183]))","(array([0.05015728]), array([-0.06177422]))","(array([0.05513886]), array([-0.06231488]))","(array([0.05327649]), array([-0.06864169]))","(array([0.05882709]), array([-0.06861411]))","(array([0.06240639]), array([-0.06971889]))","(array([0.06544534]), array([-0.07092244]))","(array([0.06898339]), array([-0.07133408]))","(array([0.07073986]), array([-0.07199283]))","(array([0.06717926]), array([-0.07635528]))"
(0.05730117924101938+0j),[0.11238345],[1.],[0.44125155],[1.],"(array([0.15311458]), array([-0.02888387]))","(array([0.05015682]), array([-0.06177404]))","(array([0.05513841]), array([-0.06231477]))","(array([0.05327607]), array([-0.06864159]))","(array([0.0588267]), array([-0.06861408]))","(array([0.06240602]), array([-0.0697189]))","(array([0.06544499]), array([-0.07092249]))","(array([0.06898307]), array([-0.07133417]))","(array([0.07073957]), array([-0.07199295]))","(array([0.06717897]), array([-0.0763554]))","(array([0.07095225]), array([-0.07379736]))"
(0.05022976403512505+0j),[0.12615396],[1.],[0.40708969],[1.],"(array([0.14603417]), array([-0.03565953]))","(array([0.05513799]), array([-0.06231462]))","(array([0.05327568]), array([-0.06864147]))","(array([0.05882632]), array([-0.06861402]))","(array([0.06240566]), array([-0.06971889]))","(array([0.06544465]), array([-0.07092252]))","(array([0.06898275]), array([-0.07133423]))","(array([0.07073927]), array([-0.07199305]))","(array([0.06717869]), array([-0.07635551]))","(array([0.070952]), array([-0.0737975]))","(array([0.07055454]), array([-0.06997546]))"
(0.04390851301205579+0j),[0.129103],[1.],[0.3767776],[1.],"(array([0.14337253]), array([-0.03313502]))","(array([0.05327529]), array([-0.06864132]))","(array([0.05882594]), array([-0.06861393]))","(array([0.0624053]), array([-0.06971885]))","(array([0.06544431]), array([-0.07092252]))","(array([0.06898243]), array([-0.07133428]))","(array([0.07073897]), array([-0.07199313]))","(array([0.06717841]), array([-0.0763556]))","(array([0.07095173]), array([-0.07379762]))","(array([0.0705543]), array([-0.0699756]))","(array([0.06938761]), array([-0.06182401]))"
(0.03857675106572857+0j),[0.13173147],[1.],[0.34901958],[1.],"(array([0.13487291]), array([-0.03864076]))","(array([0.05882555]), array([-0.0686138]))","(array([0.06240493]), array([-0.06971878]))","(array([0.06544395]), array([-0.0709225]))","(array([0.0689821]), array([-0.0713343]))","(array([0.07073866]), array([-0.07199319]))","(array([0.06717811]), array([-0.07635567]))","(array([0.07095146]), array([-0.07379773]))","(array([0.07055403]), array([-0.06997573]))","(array([0.06938736]), array([-0.06182416]))","(array([0.06678009]), array([-0.05566578]))"
(0.03585747314882366+0j),[0.15192097],[1.],[0.32602241],[1.],"(array([0.13554114]), array([-0.03801829]))","(array([0.06240453]), array([-0.06971865]))","(array([0.06544357]), array([-0.07092243]))","(array([0.06898173]), array([-0.07133429]))","(array([0.07073831]), array([-0.07199322]))","(array([0.06717777]), array([-0.07635571]))","(array([0.07095114]), array([-0.07379781]))","(array([0.07055374]), array([-0.06997585]))","(array([0.06938709]), array([-0.06182429]))","(array([0.06677983]), array([-0.05566593]))","(array([0.06485433]), array([-0.05114035]))"
(0.03345118423886947+0j),[0.17083872],[1.],[0.30255607],[1.],"(array([0.13397797]), array([-0.03464561]))","(array([0.06544316]), array([-0.0709223]))","(array([0.06898134]), array([-0.07133422]))","(array([0.07073794]), array([-0.0719932]))","(array([0.06717742]), array([-0.07635572]))","(array([0.0709508]), array([-0.07379787]))","(array([0.07055342]), array([-0.06997593]))","(array([0.06938678]), array([-0.06182441]))","(array([0.06677953]), array([-0.05566606]))","(array([0.06485405]), array([-0.0511405]))","(array([0.06616091]), array([-0.04444836]))"
(0.031365206210361846+0j),[0.17945087],[1.],[0.28468565],[1.],"(array([0.1317838]), array([-0.0316497]))","(array([0.06898095]), array([-0.07133411]))","(array([0.07073756]), array([-0.07199315]))","(array([0.06717706]), array([-0.07635568]))","(array([0.07095046]), array([-0.07379789]))","(array([0.07055308]), array([-0.06997598]))","(array([0.06938645]), array([-0.06182449]))","(array([0.06677922]), array([-0.05566616]))","(array([0.06485375]), array([-0.05114061]))","(array([0.06616063]), array([-0.04444851]))","(array([0.06718144]), array([-0.03781682]))"
(0.03096438035008639+0j),[0.1696984],[1.],[0.2885602],[1.],"(array([0.13246501]), array([-0.03014956]))","(array([0.07073721]), array([-0.07199305]))","(array([0.06717672]), array([-0.07635561]))","(array([0.07095013]), array([-0.07379787]))","(array([0.07055277]), array([-0.069976]))","(array([0.06938615]), array([-0.06182453]))","(array([0.06677891]), array([-0.05566622]))","(array([0.06485346]), array([-0.05114069]))","(array([0.06616036]), array([-0.04444861]))","(array([0.06718118]), array([-0.03781695]))","(array([0.06740894]), array([-0.03438692]))"
(0.03049459207804086+0j),[0.16391267],[1.],[0.28939102],[1.],"(array([0.13503057]), array([-0.03293393]))","(array([0.06717642]), array([-0.07635549]))","(array([0.07094984]), array([-0.0737978]))","(array([0.07055248]), array([-0.06997597]))","(array([0.06938586]), array([-0.06182453]))","(array([0.06677863]), array([-0.05566624]))","(array([0.06485318]), array([-0.05114073]))","(array([0.06616009]), array([-0.04444868]))","(array([0.06718093]), array([-0.03781705]))","(array([0.06740871]), array([-0.03438703]))","(array([0.0659729]), array([-0.03615047]))"
(0.030240857640547122+0j),[0.15838233],[1.],[0.2912417],[1.],"(array([0.13173866]), array([-0.03846056]))","(array([0.07094956]), array([-0.07379769]))","(array([0.07055219]), array([-0.06997589]))","(array([0.06938557]), array([-0.06182448]))","(array([0.06677835]), array([-0.05566622]))","(array([0.0648529]), array([-0.05114072]))","(array([0.06615982]), array([-0.0444487]))","(array([0.06718066]), array([-0.0378171]))","(array([0.06740846]), array([-0.0343871]))","(array([0.06597266]), array([-0.03615054]))","(array([0.06509909]), array([-0.0369654]))"
(0.02879393438843859+0j),[0.17915588],[1.],[0.26951527],[1.],"(array([0.13507438]), array([-0.03717836]))","(array([0.07055193]), array([-0.06997575]))","(array([0.0693853]), array([-0.06182437]))","(array([0.06677807]), array([-0.05566612]))","(array([0.06485263]), array([-0.05114065]))","(array([0.06615954]), array([-0.04444867]))","(array([0.06718039]), array([-0.0378171]))","(array([0.06740819]), array([-0.03438712]))","(array([0.0659724]), array([-0.03615057]))","(array([0.06509885]), array([-0.03696543]))","(array([0.06377566]), array([-0.03722437]))"
(0.02758987091269612+0j),[0.19035752],[1.],[0.25330982],[1.],"(array([0.12991118]), array([-0.0288829]))","(array([0.06938505]), array([-0.0618242]))","(array([0.06677781]), array([-0.05566597]))","(array([0.06485236]), array([-0.05114052]))","(array([0.06615927]), array([-0.04444857]))","(array([0.06718012]), array([-0.03781704]))","(array([0.06740792]), array([-0.03438709]))","(array([0.06597214]), array([-0.03615054]))","(array([0.06509859]), array([-0.03696542]))","(array([0.06377541]), array([-0.03722436]))","(array([0.06526701]), array([-0.0308605]))"
(0.026430896449566046+0j),[0.19430445],[1.],[0.24175498],[1.],"(array([0.12521078]), array([-0.01847336]))","(array([0.06677757]), array([-0.05566578]))","(array([0.06485211]), array([-0.05114034]))","(array([0.06615901]), array([-0.04444844]))","(array([0.06717985]), array([-0.03781693]))","(array([0.06740765]), array([-0.03438701]))","(array([0.06597188]), array([-0.03615047]))","(array([0.06509834]), array([-0.03696536]))","(array([0.06377517]), array([-0.03722431]))","(array([0.06526678]), array([-0.03086049]))","(array([0.06545572]), array([-0.02667139]))"
(0.024880710154592263+0j),[0.19457383],[1.],[0.22941239],[1.],"(array([0.11970619]), array([-0.01160114]))","(array([0.06485189]), array([-0.05114014]))","(array([0.06615878]), array([-0.04444827]))","(array([0.06717961]), array([-0.0378168]))","(array([0.06740741]), array([-0.0343869]))","(array([0.06597165]), array([-0.03615037]))","(array([0.06509811]), array([-0.03696527]))","(array([0.06377495]), array([-0.03722424]))","(array([0.06526656]), array([-0.03086044]))","(array([0.06545551]), array([-0.02667136]))","(array([0.06462532]), array([-0.0238055]))"
(0.023440785087182576+0j),[0.18821376],[1.],[0.22307847],[1.],"(array([0.11511588]), array([-0.00712676]))","(array([0.06615858]), array([-0.04444808]))","(array([0.06717939]), array([-0.03781664]))","(array([0.06740719]), array([-0.03438677]))","(array([0.06597143]), array([-0.03615025]))","(array([0.06509791]), array([-0.03696516]))","(array([0.06377475]), array([-0.03722414]))","(array([0.06526636]), array([-0.03086037]))","(array([0.06545531]), array([-0.02667131]))","(array([0.06462512]), array([-0.02380546]))","(array([0.0632486]), array([-0.02152346]))"
(0.02192320084273833+0j),[0.19548087],[1.],[0.20353629],[1.],"(array([0.1150021]), array([-0.00199581]))","(array([0.06717918]), array([-0.03781646]))","(array([0.06740697]), array([-0.0343866]))","(array([0.06597122]), array([-0.0361501]))","(array([0.0650977]), array([-0.03696502]))","(array([0.06377455]), array([-0.03722401]))","(array([0.06526616]), array([-0.03086027]))","(array([0.06545511]), array([-0.02667124]))","(array([0.06462492]), array([-0.02380541]))","(array([0.06324841]), array([-0.02152342]))","(array([0.06118641]), array([-0.02107387]))"
(0.023850388692493743+0j),[0.18292401],[1.],[0.2318427],[1.],"(array([0.11525286]), array([0.00606905]))","(array([0.06740679]), array([-0.03438643]))","(array([0.06597104]), array([-0.03614994]))","(array([0.06509752]), array([-0.03696487]))","(array([0.06377438]), array([-0.03722387]))","(array([0.06526598]), array([-0.03086016]))","(array([0.06545493]), array([-0.02667115]))","(array([0.06462475]), array([-0.02380533]))","(array([0.06324823]), array([-0.02152337]))","(array([0.06118624]), array([-0.02107382]))","(array([0.06204272]), array([-0.01969052]))"
(0.025869618460722426+0j),[0.17115202],[1.],[0.25646703],[1.],"(array([0.12168636]), array([0.00664608]))","(array([0.06597088]), array([-0.03614976]))","(array([0.06509737]), array([-0.03696471]))","(array([0.06377423]), array([-0.03722372]))","(array([0.06526581]), array([-0.03086003]))","(array([0.06545476]), array([-0.02667104]))","(array([0.06462458]), array([-0.02380525]))","(array([0.06324807]), array([-0.02152329]))","(array([0.06118608]), array([-0.02107376]))","(array([0.06204256]), array([-0.01969048]))","(array([0.0626749]), array([-0.02649147]))"
(0.028091032392118135+0j),[0.17998672],[1.],[0.26680347],[1.],"(array([0.12568489]), array([0.0023309]))","(array([0.06509722]), array([-0.03696452]))","(array([0.06377408]), array([-0.03722354]))","(array([0.06526566]), array([-0.03085988]))","(array([0.0654546]), array([-0.02667091]))","(array([0.06462441]), array([-0.02380513]))","(array([0.0632479]), array([-0.0215232]))","(array([0.06118592]), array([-0.02107368]))","(array([0.0620424]), array([-0.01969042]))","(array([0.06267475]), array([-0.02649143]))","(array([0.06318214]), array([-0.03247376]))"
(0.026856562840193065+0j),[0.18566911],[1.],[0.25394327],[1.],"(array([0.12436303]), array([0.0034754]))","(array([0.06377393]), array([-0.03722332]))","(array([0.06526549]), array([-0.03085969]))","(array([0.06545442]), array([-0.02667075]))","(array([0.06462423]), array([-0.02380499]))","(array([0.06324772]), array([-0.02152307]))","(array([0.06118575]), array([-0.02107356]))","(array([0.06204222]), array([-0.01969033]))","(array([0.06267458]), array([-0.02649135]))","(array([0.06318198]), array([-0.0324737]))","(array([0.06465478]), array([-0.031106]))"
(0.02577974653719238+0j),[0.18328065],[1.],[0.24765896],[1.],"(array([0.12024811]), array([0.00447451]))","(array([0.06526529]), array([-0.03085943]))","(array([0.06545421]), array([-0.02667052]))","(array([0.06462402]), array([-0.02380478]))","(array([0.06324751]), array([-0.02152289]))","(array([0.06118553]), array([-0.0210734]))","(array([0.062042]), array([-0.01969021]))","(array([0.06267437]), array([-0.02649124]))","(array([0.06318178]), array([-0.03247361]))","(array([0.06465459]), array([-0.03110594]))","(array([0.06434831]), array([-0.02805946]))"
(0.024600485540220745+0j),[0.1666234],[1.],[0.25060202],[1.],"(array([0.12032855]), array([0.01015987]))","(array([0.065454]), array([-0.02667024]))","(array([0.0646238]), array([-0.02380453]))","(array([0.06324728]), array([-0.02152266]))","(array([0.06118531]), array([-0.02107319]))","(array([0.06204177]), array([-0.01969004]))","(array([0.06267415]), array([-0.0264911]))","(array([0.06318157]), array([-0.03247348]))","(array([0.06465437]), array([-0.03110585]))","(array([0.06434809]), array([-0.02805939]))","(array([0.06305521]), array([-0.02717687]))"
(0.022839176069064576+0j),[0.15007464],[1.],[0.24805785],[1.],"(array([0.12067229]), array([0.01058654]))","(array([0.06462357]), array([-0.02380423]))","(array([0.06324704]), array([-0.02152239]))","(array([0.06118507]), array([-0.02107294]))","(array([0.06204152]), array([-0.01968983]))","(array([0.06267391]), array([-0.02649091]))","(array([0.06318134]), array([-0.03247333]))","(array([0.06465414]), array([-0.03110573]))","(array([0.06434786]), array([-0.02805931]))","(array([0.06305498]), array([-0.0271768]))","(array([0.05987428]), array([-0.02919241]))"
(0.021167469513288847+0j),[0.15629034],[1.],[0.2313045],[1.],"(array([0.1193077]), array([0.00974673]))","(array([0.06324681]), array([-0.02152208]))","(array([0.06118484]), array([-0.02107266]))","(array([0.06204127]), array([-0.01968959]))","(array([0.06267367]), array([-0.0264907]))","(array([0.06318111]), array([-0.03247314]))","(array([0.0646539]), array([-0.03110558]))","(array([0.06434762]), array([-0.02805919]))","(array([0.06305474]), array([-0.02717671]))","(array([0.05987405]), array([-0.02919233]))","(array([0.05639787]), array([-0.03058274]))"
(0.019663523973096335+0j),[0.15662618],[1.],[0.21882653],[1.],"(array([0.11428513]), array([0.01334266]))","(array([0.06118462]), array([-0.02107236]))","(array([0.06204104]), array([-0.01968933]))","(array([0.06267345]), array([-0.02649047]))","(array([0.06318089]), array([-0.03247294]))","(array([0.06465368]), array([-0.03110542]))","(array([0.06434739]), array([-0.02805906]))","(array([0.06305451]), array([-0.0271766]))","(array([0.05987383]), array([-0.02919223]))","(array([0.05639765]), array([-0.03058265]))","(array([0.05571274]), array([-0.02676846]))"
(0.020064900162390677+0j),[0.167748],[1.],[0.21458085],[1.],"(array([0.11124518]), array([0.01385645]))","(array([0.06204085]), array([-0.01968909]))","(array([0.06267326]), array([-0.02649025]))","(array([0.06318071]), array([-0.03247274]))","(array([0.06465349]), array([-0.03110526]))","(array([0.06434719]), array([-0.02805893]))","(array([0.06305431]), array([-0.02717649]))","(array([0.05987364]), array([-0.02919213]))","(array([0.05639747]), array([-0.03058256]))","(array([0.05571256]), array([-0.02676839]))","(array([0.05527936]), array([-0.02588961]))"
(0.020373791733776868+0j),[0.15889992],[1.],[0.22429408],[1.],"(array([0.11114711]), array([0.01765281]))","(array([0.0626731]), array([-0.02649004]))","(array([0.06318055]), array([-0.03247255]))","(array([0.06465332]), array([-0.0311051]))","(array([0.06434702]), array([-0.02805879]))","(array([0.06305414]), array([-0.02717638]))","(array([0.05987347]), array([-0.02919203]))","(array([0.0563973]), array([-0.03058247]))","(array([0.05571239]), array([-0.02676833]))","(array([0.05527919]), array([-0.02588956]))","(array([0.05689204]), array([-0.02385658]))"
(0.020823249201969363+0j),[0.15583803],[1.],[0.23052813],[1.],"(array([0.11389606]), array([0.00907439]))","(array([0.06318041]), array([-0.03247237]))","(array([0.06465317]), array([-0.03110494]))","(array([0.06434685]), array([-0.02805866]))","(array([0.06305397]), array([-0.02717626]))","(array([0.05987331]), array([-0.02919192]))","(array([0.05639715]), array([-0.03058237]))","(array([0.05571223]), array([-0.02676825]))","(array([0.05527903]), array([-0.02588951]))","(array([0.05689189]), array([-0.02385656]))","(array([0.05641107]), array([-0.0265784]))"
(0.019593527038178748+0j),[0.14572451],[1.],[0.22714433],[1.],"(array([0.11407998]), array([0.00256782]))","(array([0.06465301]), array([-0.03110477]))","(array([0.06434669]), array([-0.02805851]))","(array([0.0630538]), array([-0.02717614]))","(array([0.05987314]), array([-0.02919181]))","(array([0.05639699]), array([-0.03058226]))","(array([0.05571207]), array([-0.02676817]))","(array([0.05527887]), array([-0.02588944]))","(array([0.05689172]), array([-0.02385652]))","(array([0.05641091]), array([-0.02657838]))","(array([0.05579537]), array([-0.02656046]))"
(0.01837933360332492+0j),[0.16077606],[1.],[0.20609509],[1.],"(array([0.11477431]), array([0.00168175]))","(array([0.06434652]), array([-0.02805835]))","(array([0.06305363]), array([-0.02717599]))","(array([0.05987297]), array([-0.02919168]))","(array([0.05639683]), array([-0.03058214]))","(array([0.0557119]), array([-0.02676808]))","(array([0.0552787]), array([-0.02588937]))","(array([0.05689155]), array([-0.02385648]))","(array([0.05641075]), array([-0.02657835]))","(array([0.05579521]), array([-0.02656044]))","(array([0.05345452]), array([-0.02701328]))"
(0.017274367344997297+0j),[0.1436845],[1.],[0.20872096],[1.],"(array([0.10984929]), array([0.00796496]))","(array([0.06305345]), array([-0.02717583]))","(array([0.05987279]), array([-0.02919152]))","(array([0.05639665]), array([-0.030582]))","(array([0.05571172]), array([-0.02676796]))","(array([0.05527852]), array([-0.02588928]))","(array([0.05689137]), array([-0.02385642]))","(array([0.05641057]), array([-0.0265783]))","(array([0.05579503]), array([-0.02656041]))","(array([0.05345435]), array([-0.02701326]))","(array([0.05394842]), array([-0.02139515]))"
(0.019289793511280188+0j),[0.14866212],[1.],[0.22367032],[1.],"(array([0.11226622]), array([0.00506668]))","(array([0.05987258]), array([-0.02919133]))","(array([0.05639644]), array([-0.03058182]))","(array([0.0557115]), array([-0.02676782]))","(array([0.0552783]), array([-0.02588917]))","(array([0.05689114]), array([-0.02385634]))","(array([0.05641035]), array([-0.02657824]))","(array([0.05579481]), array([-0.02656037]))","(array([0.05345414]), array([-0.02701323]))","(array([0.05394821]), array([-0.02139515]))","(array([0.05252915]), array([-0.02649855]))"
(0.02146838697942423+0j),[0.16459299],[1.],[0.2312065],[1.],"(array([0.11243365]), array([0.00418932]))","(array([0.05639623]), array([-0.03058162]))","(array([0.05571128]), array([-0.02676765]))","(array([0.05527807]), array([-0.02588903]))","(array([0.05689091]), array([-0.02385625]))","(array([0.05641011]), array([-0.02657817]))","(array([0.05579458]), array([-0.02656032]))","(array([0.05345392]), array([-0.02701319]))","(array([0.05394799]), array([-0.02139514]))","(array([0.05252894]), array([-0.02649854]))","(array([0.05518895]), array([-0.02882921]))"
(0.02372878949049077+0j),[0.15224939],[1.],[0.25682681],[1.],"(array([0.11068062]), array([0.00632983]))","(array([0.055711]), array([-0.02676743]))","(array([0.05527779]), array([-0.02588885]))","(array([0.05689061]), array([-0.02385612]))","(array([0.05640983]), array([-0.02657806]))","(array([0.0557943]), array([-0.02656024]))","(array([0.05345364]), array([-0.02701312]))","(array([0.05394772]), array([-0.02139512]))","(array([0.05252868]), array([-0.02649853]))","(array([0.0551887]), array([-0.02882922]))","(array([0.05910835]), array([-0.0285563]))"
(0.024266719262028617+0j),[0.1333891],[1.],[0.27086141],[1.],"(array([0.11419281]), array([0.00733263]))","(array([0.05527744]), array([-0.02588861]))","(array([0.05689025]), array([-0.02385594]))","(array([0.05640947]), array([-0.02657792]))","(array([0.05579394]), array([-0.02656013]))","(array([0.05345329]), array([-0.02701303]))","(array([0.05394737]), array([-0.02139508]))","(array([0.05252834]), array([-0.02649849]))","(array([0.05518838]), array([-0.02882922]))","(array([0.05910804]), array([-0.02855635]))","(array([0.05877234]), array([-0.03359715]))"
(0.024816730274841062+0j),[0.11983287],[1.],[0.28087315],[1.],"(array([0.1168534]), array([0.00404218]))","(array([0.05688982]), array([-0.02385572]))","(array([0.05640904]), array([-0.02657773]))","(array([0.05579352]), array([-0.02655998]))","(array([0.05345288]), array([-0.0270129]))","(array([0.05394696]), array([-0.02139502]))","(array([0.05252795]), array([-0.02649843]))","(array([0.05518799]), array([-0.02882921]))","(array([0.05910768]), array([-0.0285564]))","(array([0.05877199]), array([-0.03359721]))","(array([0.05670875]), array([-0.03836147]))"
(0.02527805732841646+0j),[0.10077685],[1.],[0.29134407],[1.],"(array([0.12062671]), array([0.00304548]))","(array([0.05640854]), array([-0.02657749]))","(array([0.05579302]), array([-0.02655978]))","(array([0.05345239]), array([-0.02701273]))","(array([0.05394647]), array([-0.02139493]))","(array([0.05252748]), array([-0.02649835]))","(array([0.05518754]), array([-0.02882918]))","(array([0.05910724]), array([-0.02855645]))","(array([0.05877157]), array([-0.03359727]))","(array([0.05670834]), array([-0.03836153]))","(array([0.05516557]), array([-0.04174776]))"
(0.023673071220518347+0j),[0.10581261],[1.],[0.27892904],[1.],"(array([0.12088911]), array([-0.00379911]))","(array([0.05579245]), array([-0.02655953]))","(array([0.05345183]), array([-0.0270125]))","(array([0.0539459]), array([-0.02139479]))","(array([0.05252693]), array([-0.02649823]))","(array([0.05518701]), array([-0.02882913]))","(array([0.05910672]), array([-0.02855647]))","(array([0.05877107]), array([-0.03359732]))","(array([0.05670786]), array([-0.03836159]))","(array([0.05516511]), array([-0.04174782]))","(array([0.05196695]), array([-0.04445328]))"
(0.0222337792796166+0j),[0.10516715],[1.],[0.2693279],[1.],"(array([0.11756074]), array([-0.00267129]))","(array([0.05345117]), array([-0.02701219]))","(array([0.05394523]), array([-0.0213946]))","(array([0.05252629]), array([-0.02649804]))","(array([0.05518637]), array([-0.02882902]))","(array([0.05910611]), array([-0.02855647]))","(array([0.05877048]), array([-0.03359734]))","(array([0.05670729]), array([-0.03836162]))","(array([0.05516457]), array([-0.04174788]))","(array([0.05196643]), array([-0.04445334]))","(array([0.05157201]), array([-0.04154954]))"
(0.02098920216857423+0j),[0.09516588],[1.],[0.26435573],[1.],"(array([0.11316739]), array([-0.00325312]))","(array([0.05394445]), array([-0.02139432]))","(array([0.05252553]), array([-0.02649778]))","(array([0.05518563]), array([-0.02882886]))","(array([0.05910538]), array([-0.02855643]))","(array([0.05876977]), array([-0.03359733]))","(array([0.05670661]), array([-0.03836162]))","(array([0.05516391]), array([-0.0417479]))","(array([0.05196581]), array([-0.04445337]))","(array([0.05157142]), array([-0.04154963]))","(array([0.0504341]), array([-0.0398371]))"
(0.018050350905988645+0j),[0.0920213],[1.],[0.24362938],[1.],"(array([0.11108915]), array([3.20795374e-05]))","(array([0.05252466]), array([-0.02649741]))","(array([0.05518477]), array([-0.02882861]))","(array([0.05910452]), array([-0.02855632]))","(array([0.05876894]), array([-0.03359726]))","(array([0.05670581]), array([-0.03836156]))","(array([0.05516315]), array([-0.04174787]))","(array([0.05196508]), array([-0.04445336]))","(array([0.05157073]), array([-0.04154969]))","(array([0.05043344]), array([-0.03983721]))","(array([0.04712827]), array([-0.03877654]))"
(0.015569963713608822+0j),[0.10798797],[1.],[0.21625649],[1.],"(array([0.10514084]), array([-0.00563251]))","(array([0.05518375]), array([-0.02882824]))","(array([0.0591035]), array([-0.02855613]))","(array([0.05876795]), array([-0.03359711]))","(array([0.05670486]), array([-0.03836144]))","(array([0.05516224]), array([-0.04174779]))","(array([0.05196421]), array([-0.0444533]))","(array([0.0515699]), array([-0.0415497]))","(array([0.05043265]), array([-0.03983728]))","(array([0.04712752]), array([-0.03877665]))","(array([0.0443777]), array([-0.03513563]))"
(0.013460593489157952+0j),[0.1067391],[1.],[0.19759016],[1.],"(array([0.10171181]), array([-0.00438888]))","(array([0.05910231]), array([-0.02855583]))","(array([0.05876679]), array([-0.03359687]))","(array([0.05670374]), array([-0.03836123]))","(array([0.05516116]), array([-0.04174763]))","(array([0.05196319]), array([-0.04445316]))","(array([0.05156892]), array([-0.04154967]))","(array([0.05043171]), array([-0.03983732]))","(array([0.04712662]), array([-0.03877671]))","(array([0.04437685]), array([-0.03513575]))","(array([0.04442929]), array([-0.02807608]))"
(0.011770191684705422+0j),[0.10453633],[1.],[0.18205642],[1.],"(array([0.10169808]), array([-0.00439205]))","(array([0.05876536]), array([-0.03359647]))","(array([0.05670237]), array([-0.03836087]))","(array([0.05515984]), array([-0.04174733]))","(array([0.05196193]), array([-0.0444529]))","(array([0.0515677]), array([-0.04154954]))","(array([0.05043054]), array([-0.03983728]))","(array([0.04712551]), array([-0.03877673]))","(array([0.04437579]), array([-0.03513583]))","(array([0.04442829]), array([-0.0280763]))","(array([0.04222466]), array([-0.02480864]))"
(0.01036384769594623+0j),[0.12065997],[1.],[0.15564106],[1.],"(array([0.09795158]), array([-0.00978906]))","(array([0.0567007]), array([-0.03836031]))","(array([0.05515824]), array([-0.04174686]))","(array([0.0519604]), array([-0.04445248]))","(array([0.05156621]), array([-0.04154928]))","(array([0.05042911]), array([-0.03983715]))","(array([0.04712413]), array([-0.03877665]))","(array([0.04437447]), array([-0.03513584]))","(array([0.04442705]), array([-0.02807649]))","(array([0.04222348]), array([-0.0248089]))","(array([0.04021126]), array([-0.02203436]))"
(0.009357746929447653+0j),[0.11746335],[1.],[0.14557641],[1.],"(array([0.09012862]), array([-0.01088721]))","(array([0.05515653]), array([-0.04174627]))","(array([0.05195877]), array([-0.04445195]))","(array([0.05156462]), array([-0.04154892]))","(array([0.05042756]), array([-0.03983692]))","(array([0.04712265]), array([-0.03877649]))","(array([0.04437306]), array([-0.03513579]))","(array([0.04442569]), array([-0.02807664]))","(array([0.0422222]), array([-0.02480913]))","(array([0.04021006]), array([-0.02203466]))","(array([0.04050665]), array([-0.01521475]))"
(0.010414025691926863+0j),[0.1175613],[1.],[0.15948814],[1.],"(array([0.08927644]), array([-0.01489098]))","(array([0.05195721]), array([-0.04445137]))","(array([0.05156309]), array([-0.04154851]))","(array([0.05042608]), array([-0.03983665]))","(array([0.04712123]), array([-0.03877629]))","(array([0.04437169]), array([-0.03513569]))","(array([0.04442438]), array([-0.02807673]))","(array([0.04222095]), array([-0.0248093]))","(array([0.04020888]), array([-0.0220349]))","(array([0.04050557]), array([-0.01521517]))","(array([0.04031758]), array([-0.01612279]))"
(0.011596574390422998+0j),[0.13242504],[1.],[0.1625602],[1.],"(array([0.08920805]), array([-0.01751046]))","(array([0.05156163]), array([-0.04154805]))","(array([0.05042465]), array([-0.03983632]))","(array([0.04711986]), array([-0.03877602]))","(array([0.04437036]), array([-0.03513552]))","(array([0.0444231]), array([-0.02807676]))","(array([0.04221973]), array([-0.02480942]))","(array([0.04020772]), array([-0.02203508]))","(array([0.0405045]), array([-0.01521553]))","(array([0.04031656]), array([-0.01612318]))","(array([0.04195713]), array([-0.01879132]))"
(0.01273077268860142+0j),[0.1352227],[1.],[0.1736102],[1.],"(array([0.08949025]), array([-0.0114144]))","(array([0.05042312]), array([-0.03983586]))","(array([0.04711838]), array([-0.03877565]))","(array([0.04436894]), array([-0.03513525]))","(array([0.04442171]), array([-0.02807671]))","(array([0.0422184]), array([-0.02480946]))","(array([0.04020645]), array([-0.0220352]))","(array([0.04050331]), array([-0.01521585]))","(array([0.04031543]), array([-0.01612354]))","(array([0.04195606]), array([-0.01879174]))","(array([0.04506107]), array([-0.01778198]))"
(0.01466015887658684+0j),[0.12031531],[1.],[0.20362142],[1.],"(array([0.09172021]), array([-0.00913396]))","(array([0.04711665]), array([-0.03877506]))","(array([0.04436725]), array([-0.03513481]))","(array([0.04442005]), array([-0.02807652]))","(array([0.0422168]), array([-0.02480939]))","(array([0.04020493]), array([-0.02203523]))","(array([0.04050187]), array([-0.01521612]))","(array([0.04031404]), array([-0.01612386]))","(array([0.04195474]), array([-0.01879213]))","(array([0.04505986]), array([-0.01778255]))","(array([0.04723747]), array([-0.02041527]))"
(0.01680938298547453+0j),[0.11401368],[1.],[0.22637636],[1.],"(array([0.09507702]), array([-0.01138367]))","(array([0.04436532]), array([-0.03513413]))","(array([0.04441813]), array([-0.02807616]))","(array([0.04221494]), array([-0.02480917]))","(array([0.04020314]), array([-0.02203513]))","(array([0.04050015]), array([-0.01521632]))","(array([0.0403124]), array([-0.01612412]))","(array([0.04195316]), array([-0.01879249]))","(array([0.0450584]), array([-0.01778312]))","(array([0.04723609]), array([-0.02041594]))","(array([0.04770208]), array([-0.02784133]))"
(0.019064528749001813+0j),[0.0907813],[1.],[0.25427567],[1.],"(array([0.09737979]), array([-0.00922426]))","(array([0.04441608]), array([-0.02807562]))","(array([0.04221296]), array([-0.02480879]))","(array([0.04020122]), array([-0.0220349]))","(array([0.0404983]), array([-0.0152164]))","(array([0.04031061]), array([-0.01612428]))","(array([0.04195144]), array([-0.01879275]))","(array([0.04505678]), array([-0.01778362]))","(array([0.04723457]), array([-0.02041655]))","(array([0.0477006]), array([-0.02784192]))","(array([0.04894611]), array([-0.03295913]))"
(0.019131500550338163+0j),[0.08472546],[1.],[0.25682187],[1.],"(array([0.10174026]), array([-0.00745071]))","(array([0.042211]), array([-0.02480829]))","(array([0.04019932]), array([-0.02203454]))","(array([0.04049644]), array([-0.01521637]))","(array([0.04030881]), array([-0.01612433]))","(array([0.04194971]), array([-0.01879291]))","(array([0.04505514]), array([-0.01778402]))","(array([0.04723302]), array([-0.02041707]))","(array([0.04769909]), array([-0.02784242]))","(array([0.04894467]), array([-0.03295968]))","(array([0.0465242]), array([-0.03933381]))"
(0.019220406520822148+0j),[0.08925479],[1.],[0.25594139],[1.],"(array([0.10014986]), array([-0.00559523]))","(array([0.04019734]), array([-0.02203406]))","(array([0.04049448]), array([-0.01521623]))","(array([0.04030691]), array([-0.01612428]))","(array([0.04194788]), array([-0.01879298]))","(array([0.0450534]), array([-0.01778435]))","(array([0.04723135]), array([-0.02041754]))","(array([0.04769748]), array([-0.02784287]))","(array([0.04894313]), array([-0.03296018]))","(array([0.04652272]), array([-0.03933426]))","(array([0.0456089]), array([-0.04057208]))"
(0.01933733181709827+0j),[0.07019904],[1.],[0.26266341],[1.],"(array([0.09799296]), array([-0.00189276]))","(array([0.04049247]), array([-0.01521599]))","(array([0.04030496]), array([-0.01612413]))","(array([0.04194599]), array([-0.01879296]))","(array([0.04505158]), array([-0.0177846]))","(array([0.04722962]), array([-0.02041793]))","(array([0.0476958]), array([-0.02784324]))","(array([0.04894153]), array([-0.03296061]))","(array([0.04652117]), array([-0.03933464]))","(array([0.04560745]), array([-0.04057252]))","(array([0.04634117]), array([-0.03998386]))"
(0.01676506526235286+0j),[0.08613648],[1.],[0.23799558],[1.],"(array([0.09752757]), array([0.00057121]))","(array([0.04030315]), array([-0.01612387]))","(array([0.04194424]), array([-0.01879283]))","(array([0.04504988]), array([-0.01778472]))","(array([0.04722799]), array([-0.02041818]))","(array([0.04769422]), array([-0.02784349]))","(array([0.04894001]), array([-0.03296092]))","(array([0.04651971]), array([-0.03933491]))","(array([0.04560607]), array([-0.04057284]))","(array([0.04633989]), array([-0.03998429]))","(array([0.04219028]), array([-0.04150203]))"
(0.014560592449319263+0j),[0.0972946],[1.],[0.21478577],[1.],"(array([0.0919177]), array([0.00319411]))","(array([0.04194263]), array([-0.0187926]))","(array([0.04504831]), array([-0.01778473]))","(array([0.04722647]), array([-0.02041832]))","(array([0.04769275]), array([-0.02784362]))","(array([0.04893861]), array([-0.03296111]))","(array([0.04651836]), array([-0.03933507]))","(array([0.04560479]), array([-0.04057306]))","(array([0.0463387]), array([-0.03998461]))","(array([0.04218915]), array([-0.04150233]))","(array([0.04253766]), array([-0.03504212]))"
(0.012654556033311455+0j),[0.10328512],[1.],[0.19392958],[1.],"(array([0.08841211]), array([0.00304853]))","(array([0.04504685]), array([-0.01778464]))","(array([0.04722506]), array([-0.02041836]))","(array([0.04769138]), array([-0.02784366]))","(array([0.0489373]), array([-0.0329612]))","(array([0.04651711]), array([-0.03933513]))","(array([0.0456036]), array([-0.04057318]))","(array([0.04633758]), array([-0.03998483]))","(array([0.04218809]), array([-0.04150254]))","(array([0.04253669]), array([-0.03504246]))","(array([0.04215018]), array([-0.02932463]))"
(0.013094679211268423+0j),[0.09520557],[1.],[0.20256041],[1.],"(array([0.08937176]), array([0.00535195]))","(array([0.0472237]), array([-0.02041831]))","(array([0.04769008]), array([-0.02784361]))","(array([0.04893604]), array([-0.03296121]))","(array([0.0465159]), array([-0.03933512]))","(array([0.04560246]), array([-0.04057322]))","(array([0.0463365]), array([-0.03998497]))","(array([0.04218706]), array([-0.04150268]))","(array([0.04253575]), array([-0.03504273]))","(array([0.04214931]), array([-0.029325]))","(array([0.04219988]), array([-0.02681949]))"
(0.01351603639764114+0j),[0.09493069],[1.],[0.20692859],[1.],"(array([0.09339125]), array([0.00100717]))","(array([0.04768874]), array([-0.02784349]))","(array([0.04893476]), array([-0.03296116]))","(array([0.04651468]), array([-0.03933504]))","(array([0.04560129]), array([-0.04057321]))","(array([0.04633539]), array([-0.03998506]))","(array([0.042186]), array([-0.04150277]))","(array([0.04253477]), array([-0.03504296]))","(array([0.04214841]), array([-0.02932534]))","(array([0.04219906]), array([-0.02681991]))","(array([0.04163937]), array([-0.02927079]))"
(0.013997489835251009+0j),[0.10120551],[1.],[0.20863759],[1.],"(array([0.09480197]), array([-0.00629573]))","(array([0.04893329]), array([-0.03296098]))","(array([0.04651328]), array([-0.03933485]))","(array([0.04559996]), array([-0.04057309]))","(array([0.04633412]), array([-0.03998507]))","(array([0.04218479]), array([-0.04150278]))","(array([0.04253363]), array([-0.03504313]))","(array([0.04214736]), array([-0.02932565]))","(array([0.04219809]), array([-0.02682032]))","(array([0.04163846]), array([-0.02927123]))","(array([0.04221806]), array([-0.03002882]))"
(0.0131842019208857+0j),[0.11158177],[1.],[0.19547117],[1.],"(array([0.09499662]), array([-0.00990668]))","(array([0.04651167]), array([-0.03933445]))","(array([0.04559841]), array([-0.04057279]))","(array([0.04633262]), array([-0.03998493]))","(array([0.04218338]), array([-0.04150265]))","(array([0.04253229]), array([-0.0350432]))","(array([0.04214609]), array([-0.02932589]))","(array([0.04219691]), array([-0.02682068]))","(array([0.04163736]), array([-0.02927164]))","(array([0.04221703]), array([-0.0300293]))","(array([0.04299779]), array([-0.02836653]))"
(0.012612320063070559+0j),[0.12494259],[1.],[0.1812462],[1.],"(array([0.08973817]), array([-0.01384048]))","(array([0.04559657]), array([-0.04057226]))","(array([0.04633085]), array([-0.0399846]))","(array([0.04218169]), array([-0.04150234]))","(array([0.04253066]), array([-0.03504314]))","(array([0.04214454]), array([-0.02932604]))","(array([0.04219546]), array([-0.026821]))","(array([0.04163598]), array([-0.02927201]))","(array([0.04221576]), array([-0.03002977]))","(array([0.04299662]), array([-0.02836711]))","(array([0.04369206]), array([-0.02469024]))"
(0.012174878441145114+0j),[0.10994209],[1.],[0.18623436],[1.],"(array([0.08571718]), array([-0.01210922]))","(array([0.04632888]), array([-0.03998403]))","(array([0.04217983]), array([-0.04150181]))","(array([0.04252884]), array([-0.03504289]))","(array([0.04214278]), array([-0.02932603]))","(array([0.04219379]), array([-0.02682119]))","(array([0.04163441]), array([-0.02927228]))","(array([0.04221428]), array([-0.03003016]))","(array([0.04299524]), array([-0.02836764]))","(array([0.0436908]), array([-0.02469092]))","(array([0.04471034]), array([-0.02051608]))"
(0.01233100500640681+0j),[0.10700988],[1.],[0.18962163],[1.],"(array([0.08829238]), array([-0.01483368]))","(array([0.04217773]), array([-0.041501]))","(array([0.04252676]), array([-0.03504242]))","(array([0.04214076]), array([-0.02932586]))","(array([0.04219184]), array([-0.02682125]))","(array([0.04163257]), array([-0.02927244]))","(array([0.04221254]), array([-0.03003047]))","(array([0.04299361]), array([-0.02836811]))","(array([0.04368928]), array([-0.02469156]))","(array([0.04470895]), array([-0.0205169]))","(array([0.04276295]), array([-0.02376862]))"
(0.01258254546694715+0j),[0.10049907],[1.],[0.19570603],[1.],"(array([0.08498606]), array([-0.01695971]))","(array([0.04252443]), array([-0.03504169]))","(array([0.04213846]), array([-0.02932546]))","(array([0.04218962]), array([-0.02682113]))","(array([0.04163045]), array([-0.02927244]))","(array([0.04221053]), array([-0.03003065]))","(array([0.04299171]), array([-0.02836851]))","(array([0.04368749]), array([-0.02469217]))","(array([0.04470728]), array([-0.02051772]))","(array([0.04276131]), array([-0.02376937]))","(array([0.04265773]), array([-0.02480502]))"
(0.012723929030523237+0j),[0.09989414],[1.],[0.19747472],[1.],"(array([0.08666112]), array([-0.01209365]))","(array([0.04213589]), array([-0.02932482]))","(array([0.04218711]), array([-0.02682081]))","(array([0.04162805]), array([-0.02927227]))","(array([0.04220824]), array([-0.0300307]))","(array([0.04298952]), array([-0.02836879]))","(array([0.04368542]), array([-0.0246927]))","(array([0.04470534]), array([-0.0205185]))","(array([0.04275939]), array([-0.0237701]))","(array([0.0426559]), array([-0.02480581]))","(array([0.04194233]), array([-0.02675222]))"
(0.013665008587509983+0j),[0.1029428],[1.],[0.20509885],[1.],"(array([0.08761199]), array([-0.00665308]))","(array([0.04218429]), array([-0.02682026]))","(array([0.04162535]), array([-0.02927191]))","(array([0.04220565]), array([-0.03003058]))","(array([0.04298703]), array([-0.02836895]))","(array([0.04368304]), array([-0.02469315]))","(array([0.04470308]), array([-0.02051925]))","(array([0.04275717]), array([-0.02377078]))","(array([0.04265377]), array([-0.02480656]))","(array([0.04194027]), array([-0.026753]))","(array([0.04237298]), array([-0.02805053]))"
(0.01456146434623864+0j),[0.12465374],[1.],[0.20154748],[1.],"(array([0.08933103]), array([-0.0035421]))","(array([0.04162234]), array([-0.0292713]))","(array([0.04220273]), array([-0.03003026]))","(array([0.04298422]), array([-0.02836896]))","(array([0.04368033]), array([-0.0246935]))","(array([0.0447005]), array([-0.02051994]))","(array([0.04275463]), array([-0.02377139]))","(array([0.04265132]), array([-0.02480726]))","(array([0.04193792]), array([-0.02675373]))","(array([0.04237076]), array([-0.02805137]))","(array([0.04373372]), array([-0.02919432]))"
(0.015451500628412008+0j),[0.12360861],[1.],[0.21051755],[1.],"(array([0.08799729]), array([-0.00116061]))","(array([0.04219959]), array([-0.03002974]))","(array([0.04298117]), array([-0.0283688]))","(array([0.04367737]), array([-0.02469371]))","(array([0.04469765]), array([-0.02052052]))","(array([0.04275184]), array([-0.0237719]))","(array([0.04264863]), array([-0.02480788]))","(array([0.04193532]), array([-0.02675439]))","(array([0.0423683]), array([-0.02805215]))","(array([0.04373144]), array([-0.02919527]))","(array([0.04753293]), array([-0.02610976]))"
(0.014558425388219873+0j),[0.13177668],[1.],[0.19686079],[1.],"(array([0.08868898]), array([-0.00213068]))","(array([0.0429779]), array([-0.02836845]))","(array([0.04367418]), array([-0.02469376]))","(array([0.04469456]), array([-0.02052098]))","(array([0.04274881]), array([-0.02377229]))","(array([0.0426457]), array([-0.02480838]))","(array([0.04193249]), array([-0.02675494]))","(array([0.04236562]), array([-0.02805285]))","(array([0.04372894]), array([-0.02919616]))","(array([0.04753071]), array([-0.02611104]))","(array([0.04740701]), array([-0.02631473]))"
(0.013724576692351276+0j),[0.13205472],[1.],[0.18825847],[1.],"(array([0.08644669]), array([0.00128677]))","(array([0.04367072]), array([-0.02469362]))","(array([0.04469118]), array([-0.02052129]))","(array([0.0427455]), array([-0.02377252]))","(array([0.04264251]), array([-0.02480875]))","(array([0.0419294]), array([-0.02675537]))","(array([0.04236268]), array([-0.02805345]))","(array([0.04372619]), array([-0.02919698]))","(array([0.04752825]), array([-0.02611229]))","(array([0.04740471]), array([-0.0263161]))","(array([0.04741781]), array([-0.0228208]))"
(0.012896127117072309+0j),[0.13031495],[1.],[0.18080707],[1.],"(array([0.08523363]), array([0.00493381]))","(array([0.04468796]), array([-0.02052143]))","(array([0.04274236]), array([-0.02377259]))","(array([0.04263945]), array([-0.02480895]))","(array([0.04192644]), array([-0.02675563]))","(array([0.04235986]), array([-0.02805388]))","(array([0.04372354]), array([-0.02919763]))","(array([0.04752586]), array([-0.02611336]))","(array([0.04740248]), array([-0.02631729]))","(array([0.0474158]), array([-0.02282218]))","(array([0.04644094]), array([-0.02118382]))"
(0.011562626013930117+0j),[0.14075955],[1.],[0.15715019],[1.],"(array([0.0839534]), array([0.00862289]))","(array([0.04273955]), array([-0.02377256]))","(array([0.04263673]), array([-0.02480904]))","(array([0.0419238]), array([-0.02675578]))","(array([0.04235734]), array([-0.02805418]))","(array([0.04372117]), array([-0.02919814]))","(array([0.04752371]), array([-0.02611425]))","(array([0.04740047]), array([-0.02631829]))","(array([0.04741397]), array([-0.02282335]))","(array([0.04643926]), array([-0.02118508]))","(array([0.0448739]), array([-0.01943519]))"
(0.010516156849145782+0j),[0.13132417],[1.],[0.15232297],[1.],"(array([0.07685171]), array([0.007751]))","(array([0.04263435]), array([-0.02480904]))","(array([0.04192149]), array([-0.02675583]))","(array([0.04235513]), array([-0.02805437]))","(array([0.04371909]), array([-0.02919851]))","(array([0.04752181]), array([-0.02611496]))","(array([0.04739868]), array([-0.02631911]))","(array([0.04741235]), array([-0.02282432]))","(array([0.04643777]), array([-0.02118613]))","(array([0.04487253]), array([-0.01943629]))","(array([0.0443574]), array([-0.01378239]))"
(0.009572439793268482+0j),[0.13422158],[1.],[0.13703063],[1.],"(array([0.07568757]), array([0.0046675]))","(array([0.04191927]), array([-0.02675578]))","(array([0.042353]), array([-0.02805447]))","(array([0.04371707]), array([-0.02919878]))","(array([0.04751995]), array([-0.02611557]))","(array([0.04739694]), array([-0.02631982]))","(array([0.04741075]), array([-0.02282519]))","(array([0.04643629]), array([-0.02118708]))","(array([0.04487117]), array([-0.01943729]))","(array([0.04435624]), array([-0.01378354]))","(array([0.0420551]), array([-0.0138887]))"
(0.009427214832429419+0j),[0.14525262],[1.],[0.12313259],[1.],"(array([0.07268953]), array([0.00340744]))","(array([0.04235096]), array([-0.02805445]))","(array([0.04371513]), array([-0.02919894]))","(array([0.04751815]), array([-0.02611606]))","(array([0.04739523]), array([-0.02632042]))","(array([0.04740918]), array([-0.02282594]))","(array([0.04643484]), array([-0.02118791]))","(array([0.04486983]), array([-0.01943819]))","(array([0.04435508]), array([-0.01378459]))","(array([0.04205399]), array([-0.01388974]))","(array([0.04150817]), array([-0.01156813]))"
(0.009306280791267262+0j),[0.1610697],[1.],[0.09932733],[1.],"(array([0.07005502]), array([0.00456727]))","(array([0.04371328]), array([-0.029199]))","(array([0.04751641]), array([-0.02611644]))","(array([0.04739359]), array([-0.0263209]))","(array([0.04740766]), array([-0.02282658]))","(array([0.04643342]), array([-0.02118863]))","(array([0.04486851]), array([-0.01943897]))","(array([0.04435393]), array([-0.01378552]))","(array([0.04205289]), array([-0.01389066]))","(array([0.04150719]), array([-0.01156913]))","(array([0.04210414]), array([-0.0076833]))"
(0.009188002648867431+0j),[0.15698184],[1.],[0.10349119],[1.],"(array([0.06614947]), array([0.00692985]))","(array([0.04751466]), array([-0.02611671]))","(array([0.04739192]), array([-0.02632128]))","(array([0.0474061]), array([-0.02282712]))","(array([0.04643196]), array([-0.02118927]))","(array([0.04486715]), array([-0.01943968]))","(array([0.04435273]), array([-0.01378639]))","(array([0.04205173]), array([-0.01389152]))","(array([0.04150616]), array([-0.01157007]))","(array([0.04210329]), array([-0.00768437]))","(array([0.04250747]), array([-0.00136753]))"
(0.00960940186026546+0j),[0.14985113],[1.],[0.12069834],[1.],"(array([0.07205561]), array([0.00903715]))","(array([0.04739016]), array([-0.02632155]))","(array([0.04740444]), array([-0.02282756]))","(array([0.0464304]), array([-0.02118981]))","(array([0.04486569]), array([-0.0194403]))","(array([0.04435141]), array([-0.01378719]))","(array([0.04205047]), array([-0.01389232]))","(array([0.04150501]), array([-0.01157098]))","(array([0.04210232]), array([-0.00768542]))","(array([0.04250676]), array([-0.00136874]))","(array([0.04271566]), array([-0.00367768]))"
(0.01010675365266732+0j),[0.14038823],[1.],[0.13883387],[1.],"(array([0.07571523]), array([0.00726807]))","(array([0.04740278]), array([-0.02282787]))","(array([0.04642883]), array([-0.02119023]))","(array([0.04486421]), array([-0.0194408]))","(array([0.04435007]), array([-0.01378788]))","(array([0.04204918]), array([-0.01389301]))","(array([0.04150383]), array([-0.01157177]))","(array([0.04210129]), array([-0.00768638]))","(array([0.04250597]), array([-0.00136988]))","(array([0.04271493]), array([-0.00367882]))","(array([0.04325298]), array([-0.00773687]))"
(0.01061219063240563+0j),[0.1354487],[1.],[0.15043146],[1.],"(array([0.07971326]), array([0.00859267]))","(array([0.0464272]), array([-0.02119053]))","(array([0.04486266]), array([-0.0194412]))","(array([0.04434864]), array([-0.01378848]))","(array([0.0420478]), array([-0.01389362]))","(array([0.04150255]), array([-0.01157249]))","(array([0.04210018]), array([-0.00768727]))","(array([0.04250509]), array([-0.00137098]))","(array([0.04271411]), array([-0.00367994]))","(array([0.0432522]), array([-0.00773799]))","(array([0.04336724]), array([-0.01227282]))"
(0.011533417705689362+0j),[0.13309456],[1.],[0.16392259],[1.],"(array([0.08185007]), array([0.00910208]))","(array([0.04486125]), array([-0.01944143]))","(array([0.04434733]), array([-0.0137889]))","(array([0.04204654]), array([-0.01389405]))","(array([0.04150137]), array([-0.01157303]))","(array([0.04209912]), array([-0.00768798]))","(array([0.04250422]), array([-0.00137188]))","(array([0.04271329]), array([-0.00368087]))","(array([0.04325142]), array([-0.00773892]))","(array([0.0433665]), array([-0.01227374]))","(array([0.04394647]), array([-0.01553201]))"
(0.012501560123536391+0j),[0.13055398],[1.],[0.17696098],[1.],"(array([0.08328509]), array([0.0102885]))","(array([0.04434611]), array([-0.01378918]))","(array([0.04204536]), array([-0.01389435]))","(array([0.04150026]), array([-0.01157343]))","(array([0.04209811]), array([-0.00768855]))","(array([0.04250337]), array([-0.00137264]))","(array([0.04271249]), array([-0.00368165]))","(array([0.04325065]), array([-0.0077397]))","(array([0.04336576]), array([-0.01227451]))","(array([0.04394579]), array([-0.0155328]))","(array([0.04495953]), array([-0.01841212]))"
(0.013433623062182577+0j),[0.13617579],[1.],[0.18287417],[1.],"(array([0.08564683]), array([0.01524158]))","(array([0.04204426]), array([-0.01389454]))","(array([0.04149922]), array([-0.01157372]))","(array([0.04209715]), array([-0.00768899]))","(array([0.04250254]), array([-0.00137327]))","(array([0.0427117]), array([-0.0036823]))","(array([0.04324991]), array([-0.00774036]))","(array([0.04336505]), array([-0.01227516]))","(array([0.04394513]), array([-0.01553347]))","(array([0.04495894]), array([-0.01841282]))","(array([0.04579246]), array([-0.02125299]))"
(0.014623030368222302+0j),[0.12928939],[1.],[0.19968087],[1.],"(array([0.08494846]), array([0.01637349]))","(array([0.04149825]), array([-0.01157393]))","(array([0.04209625]), array([-0.00768934]))","(array([0.04250176]), array([-0.0013738]))","(array([0.04271096]), array([-0.00368285]))","(array([0.04324919]), array([-0.00774091]))","(array([0.04336436]), array([-0.01227571]))","(array([0.04394449]), array([-0.01553403]))","(array([0.04495836]), array([-0.01841341]))","(array([0.04579194]), array([-0.0212536]))","(array([0.04766557]), array([-0.02202293]))"
(0.015862898590576557+0j),[0.12804832],[1.],[0.21206909],[1.],"(array([0.08810589]), array([0.01712186]))","(array([0.04209539]), array([-0.00768962]))","(array([0.04250099]), array([-0.00137424]))","(array([0.04271023]), array([-0.00368332]))","(array([0.0432485]), array([-0.00774139]))","(array([0.04336371]), array([-0.01227618]))","(array([0.04394388]), array([-0.01553453]))","(array([0.04495779]), array([-0.01841394]))","(array([0.04579144]), array([-0.02125415]))","(array([0.04766516]), array([-0.02202352]))","(array([0.04815568]), array([-0.02601623]))"
(0.017056830725533337+0j),[0.10590274],[1.],[0.23397681],[1.],"(array([0.09140753]), array([0.02063803]))","(array([0.04250019]), array([-0.00137465]))","(array([0.04270948]), array([-0.00368375]))","(array([0.04324778]), array([-0.00774184]))","(array([0.04336302]), array([-0.01227662]))","(array([0.04394324]), array([-0.01553499]))","(array([0.0449572]), array([-0.01841443]))","(array([0.0457909]), array([-0.02125467]))","(array([0.04766472]), array([-0.02202409]))","(array([0.0481553]), array([-0.02601681]))","(array([0.04918916]), array([-0.02854239]))"
(0.019409735292521754+0j),[0.09287978],[1.],[0.25764655],[1.],"(array([0.09758767]), array([0.02193016]))","(array([0.0427086]), array([-0.00368416]))","(array([0.04324693]), array([-0.00774226]))","(array([0.04336222]), array([-0.01227706]))","(array([0.04394248]), array([-0.01553544]))","(array([0.04495651]), array([-0.01841493]))","(array([0.04579026]), array([-0.0212552]))","(array([0.04766419]), array([-0.02202468]))","(array([0.04815485]), array([-0.02601742]))","(array([0.0491888]), array([-0.02854301]))","(array([0.04772708]), array([-0.03605535]))"
(0.021924411131858605+0j),[0.08664446],[1.],[0.2776541],[1.],"(array([0.10297671]), array([0.01681255]))","(array([0.04324596]), array([-0.00774266]))","(array([0.04336129]), array([-0.01227745]))","(array([0.0439416]), array([-0.01553587]))","(array([0.04495568]), array([-0.01841541]))","(array([0.0457895]), array([-0.02125573]))","(array([0.04766354]), array([-0.02202529]))","(array([0.04815428]), array([-0.02601805]))","(array([0.04918833]), array([-0.02854366]))","(array([0.04772671]), array([-0.036056]))","(array([0.04788556]), array([-0.04194606]))"
(0.024529029842638862+0j),[0.05165491],[1.],[0.30293788],[1.],"(array([0.10787998]), array([0.01148051]))","(array([0.04336035]), array([-0.01227778]))","(array([0.0439407]), array([-0.01553623]))","(array([0.04495483]), array([-0.01841584]))","(array([0.04578872]), array([-0.0212562]))","(array([0.04766286]), array([-0.02202584]))","(array([0.04815369]), array([-0.02601865]))","(array([0.04918785]), array([-0.02854427]))","(array([0.04772634]), array([-0.03605665]))","(array([0.04788526]), array([-0.04194673]))","(array([0.04896553]), array([-0.04636383]))"
(0.021006943421036917+0j),[0.05268933],[1.],[0.27955179],[1.],"(array([0.10905389]), array([-0.00063891]))","(array([0.0439398]), array([-0.01553653]))","(array([0.04495399]), array([-0.01841619]))","(array([0.04578793]), array([-0.02125661]))","(array([0.04766218]), array([-0.02202634]))","(array([0.04815308]), array([-0.02601919]))","(array([0.04918734]), array([-0.02854486]))","(array([0.04772591]), array([-0.03605727]))","(array([0.0478849]), array([-0.04194739]))","(array([0.04896542]), array([-0.04636469]))","(array([0.04292701]), array([-0.05107353]))"
(0.017923254959113528+0j),[0.06307562],[1.],[0.25512573],[1.],"(array([0.10446998]), array([-0.00358736]))","(array([0.04495312]), array([-0.01841647]))","(array([0.04578712]), array([-0.02125693]))","(array([0.04766145]), array([-0.02202677]))","(array([0.04815242]), array([-0.02601966]))","(array([0.04918676]), array([-0.02854537]))","(array([0.0477254]), array([-0.0360578]))","(array([0.04788445]), array([-0.04194794]))","(array([0.04896515]), array([-0.04636538]))","(array([0.04292692]), array([-0.05107434]))","(array([0.04061401]), array([-0.04644678]))"
(0.015248952864735505+0j),[0.06430964],[1.],[0.23372702],[1.],"(array([0.10008143]), array([-0.00410946]))","(array([0.04578632]), array([-0.02125719]))","(array([0.04766071]), array([-0.02202712]))","(array([0.04815174]), array([-0.02602006]))","(array([0.04918616]), array([-0.02854581]))","(array([0.04772483]), array([-0.03605825]))","(array([0.04788395]), array([-0.04194842]))","(array([0.04896477]), array([-0.04636594]))","(array([0.04292667]), array([-0.05107497]))","(array([0.04061395]), array([-0.04644749]))","(array([0.03995498]), array([-0.04058965]))"
(0.016522756717456483+0j),[0.06765049],[1.],[0.24323733],[1.],"(array([0.09962147]), array([-0.00660712]))","(array([0.04766]), array([-0.02202738]))","(array([0.04815107]), array([-0.02602037]))","(array([0.04918556]), array([-0.02854616]))","(array([0.04772427]), array([-0.0360586]))","(array([0.04788345]), array([-0.0419488]))","(array([0.04896436]), array([-0.04636638]))","(array([0.04292635]), array([-0.05107543]))","(array([0.04061376]), array([-0.04644801]))","(array([0.03995489]), array([-0.04059018]))","(array([0.03960544]), array([-0.03929815]))"
(0.0177332509265611+0j),[0.06855535],[1.],[0.252469],[1.],"(array([0.10353332]), array([-0.00662432]))","(array([0.04815044]), array([-0.0260206]))","(array([0.04918499]), array([-0.02854644]))","(array([0.04772373]), array([-0.03605888]))","(array([0.04788297]), array([-0.04194911]))","(array([0.04896396]), array([-0.04636674]))","(array([0.04292602]), array([-0.05107581]))","(array([0.04061353]), array([-0.04644844]))","(array([0.03995475]), array([-0.04059062]))","(array([0.03960543]), array([-0.03929865]))","(array([0.0412766]), array([-0.04068668]))"
(0.01894101828455+0j),[0.05622897],[1.],[0.26444496],[1.],"(array([0.10603401]), array([-0.01032199]))","(array([0.04918441]), array([-0.02854666]))","(array([0.04772321]), array([-0.03605911]))","(array([0.04788247]), array([-0.04194935]))","(array([0.04896355]), array([-0.04636705]))","(array([0.04292568]), array([-0.05107612]))","(array([0.04061328]), array([-0.04644881]))","(array([0.03995458]), array([-0.040591]))","(array([0.03960539]), array([-0.03929909]))","(array([0.04127666]), array([-0.04068718]))","(array([0.04253762]), array([-0.04227977]))"
(0.022009158514162252+0j),[0.05966824],[1.],[0.28507541],[1.],"(array([0.11114485]), array([-0.01549866]))","(array([0.04772266]), array([-0.0360593]))","(array([0.04788195]), array([-0.04194956]))","(array([0.04896312]), array([-0.04636731]))","(array([0.0429253]), array([-0.05107638]))","(array([0.04061299]), array([-0.04644913]))","(array([0.03995437]), array([-0.04059135]))","(array([0.0396053]), array([-0.03929949]))","(array([0.04127668]), array([-0.04068763]))","(array([0.04253779]), array([-0.04228034]))","(array([0.04228058]), array([-0.04713576]))"
(0.025237428375473443+0j),[0.05619922],[1.],[0.30638073],[1.],"(array([0.11422607]), array([-0.02207658]))","(array([0.04788137]), array([-0.04194972]))","(array([0.04896263]), array([-0.04636753]))","(array([0.04292487]), array([-0.05107657]))","(array([0.04061263]), array([-0.04644937]))","(array([0.03995407]), array([-0.04059162]))","(array([0.03960511]), array([-0.03929979]))","(array([0.04127658]), array([-0.04068798]))","(array([0.04253782]), array([-0.04228077]))","(array([0.04228089]), array([-0.04713637]))","(array([0.04536151]), array([-0.05060275]))"
(0.028530899579011358+0j),[0.06315828],[1.],[0.32454803],[1.],"(array([0.11903538]), array([-0.02859162]))","(array([0.04896209]), array([-0.0463677]))","(array([0.04292438]), array([-0.05107673]))","(array([0.0406122]), array([-0.04644957]))","(array([0.0399537]), array([-0.04059186]))","(array([0.03960481]), array([-0.03930008]))","(array([0.04127636]), array([-0.0406883]))","(array([0.04253769]), array([-0.04228116]))","(array([0.04228092]), array([-0.04713688]))","(array([0.04536173]), array([-0.05060357]))","(array([0.04714585]), array([-0.05494259]))"
(0.029855716394001402+0j),[0.07038139],[1.],[0.33035747],[1.],"(array([0.12281092]), array([-0.03137624]))","(array([0.04292386]), array([-0.05107685]))","(array([0.0406117]), array([-0.04644973]))","(array([0.03995328]), array([-0.04059205]))","(array([0.03960446]), array([-0.03930034]))","(array([0.04127603]), array([-0.04068857]))","(array([0.04253745]), array([-0.04228151]))","(array([0.04228076]), array([-0.04713731]))","(array([0.04536168]), array([-0.05060421]))","(array([0.04714601]), array([-0.05494343]))","(array([0.04990779]), array([-0.05645964]))"
(0.0314242298387609+0j),[0.07894052],[1.],[0.33688693],[1.],"(array([0.1181847]), array([-0.03438863]))","(array([0.0406112]), array([-0.04644985]))","(array([0.03995287]), array([-0.04059219]))","(array([0.03960409]), array([-0.03930054]))","(array([0.04127567]), array([-0.0406888]))","(array([0.04253716]), array([-0.0422818]))","(array([0.04228051]), array([-0.04713764]))","(array([0.04536148]), array([-0.05060467]))","(array([0.04714593]), array([-0.05494403]))","(array([0.04990799]), array([-0.05646043]))","(array([0.05208312]), array([-0.05683407]))"
(0.03300897656030987+0j),[0.06372208],[1.],[0.34830595],[1.],"(array([0.11735362]), array([-0.02799839]))","(array([0.03995227]), array([-0.04059241]))","(array([0.03960374]), array([-0.03930064]))","(array([0.04127538]), array([-0.04068892]))","(array([0.04253663]), array([-0.04228219]))","(array([0.04228036]), array([-0.04713779]))","(array([0.04536115]), array([-0.05060512]))","(array([0.04714581]), array([-0.05494441]))","(array([0.04990807]), array([-0.05646106]))","(array([0.05208323]), array([-0.05683457]))","(array([0.05435058]), array([-0.05723524]))"
(0.032364731567047084+0j),[0.06755292],[1.],[0.34373651],[1.],"(array([0.11794079]), array([-0.02563266]))","(array([0.03960331]), array([-0.03930065]))","(array([0.04127488]), array([-0.04068913]))","(array([0.04253623]), array([-0.04228238]))","(array([0.04227998]), array([-0.04713798]))","(array([0.04536084]), array([-0.05060544]))","(array([0.04714556]), array([-0.0549447]))","(array([0.04990802]), array([-0.05646151]))","(array([0.05208316]), array([-0.05683475]))","(array([0.05435042]), array([-0.05723553]))","(array([0.05194967]), array([-0.06006021]))"
(0.03177227887442891+0j),[0.09821957],[1.],[0.33263758],[1.],"(array([0.11659731]), array([-0.02352858]))","(array([0.04127441]), array([-0.04068928]))","(array([0.04253569]), array([-0.04228256]))","(array([0.04227953]), array([-0.04713814]))","(array([0.04536043]), array([-0.05060573]))","(array([0.0471452]), array([-0.05494496]))","(array([0.0499078]), array([-0.05646192]))","(array([0.052083]), array([-0.0568351]))","(array([0.05435013]), array([-0.05723582]))","(array([0.05194939]), array([-0.06006049]))","(array([0.05215602]), array([-0.05879291]))"
(0.031249087431002288+0j),[0.11503526],[1.],[0.32391932],[1.],"(array([0.11578936]), array([-0.01813783]))","(array([0.04253517]), array([-0.04228264]))","(array([0.04227896]), array([-0.04713835]))","(array([0.04536003]), array([-0.05060593]))","(array([0.04714478]), array([-0.05494523]))","(array([0.04990757]), array([-0.05646227]))","(array([0.05208281]), array([-0.05683531]))","(array([0.05434984]), array([-0.05723612]))","(array([0.0519491]), array([-0.0600608]))","(array([0.05215575]), array([-0.05879321]))","(array([0.05678752]), array([-0.05325623]))"
(0.02787004163131227+0j),[0.11456078],[1.],[0.3036518],[1.],"(array([0.11313157]), array([-0.0159907]))","(array([0.04227845]), array([-0.04713848]))","(array([0.04535949]), array([-0.05060615]))","(array([0.04714436]), array([-0.05494545]))","(array([0.04990721]), array([-0.05646265]))","(array([0.05208255]), array([-0.05683558]))","(array([0.05434952]), array([-0.05723636]))","(array([0.05194877]), array([-0.06006112]))","(array([0.05215543]), array([-0.05879349]))","(array([0.05678725]), array([-0.05325652]))","(array([0.05806755]), array([-0.04799242]))"
(0.024946297179953184+0j),[0.10906357],[1.],[0.28693092],[1.],"(array([0.10841981]), array([-0.02082453]))","(array([0.04535898]), array([-0.05060628]))","(array([0.04714383]), array([-0.05494569]))","(array([0.04990681]), array([-0.05646293]))","(array([0.05208219]), array([-0.05683584]))","(array([0.05434914]), array([-0.05723662]))","(array([0.05194839]), array([-0.06006139]))","(array([0.05215508]), array([-0.05879376]))","(array([0.05678695]), array([-0.05325681]))","(array([0.05806729]), array([-0.04799272]))","(array([0.05585935]), array([-0.04412342]))"
(0.02227477930329629+0j),[0.12574226],[1.],[0.26130132],[1.],"(array([0.10774606]), array([-0.02540715]))","(array([0.04714335]), array([-0.05494584]))","(array([0.04990634]), array([-0.05646322]))","(array([0.05208184]), array([-0.05683605]))","(array([0.05434876]), array([-0.05723684]))","(array([0.051948]), array([-0.06006164]))","(array([0.05215472]), array([-0.058794]))","(array([0.05678664]), array([-0.05325708]))","(array([0.05806702]), array([-0.04799301]))","(array([0.05585909]), array([-0.04412369]))","(array([0.05301671]), array([-0.04142947]))"
(0.02443186222970363+0j),[0.13077505],[1.],[0.27431166],[1.],"(array([0.10750269]), array([-0.02596789]))","(array([0.04990593]), array([-0.05646339]))","(array([0.05208144]), array([-0.05683626]))","(array([0.0543484]), array([-0.05723704]))","(array([0.05194763]), array([-0.06006186]))","(array([0.05215438]), array([-0.05879423]))","(array([0.05678636]), array([-0.05325732]))","(array([0.05806676]), array([-0.04799329]))","(array([0.05585886]), array([-0.04412397]))","(array([0.05301649]), array([-0.04142974]))","(array([0.05527544]), array([-0.03778397]))"
(0.026509626764531453+0j),[0.11264873],[1.],[0.29584587],[1.],"(array([0.11304246]), array([-0.02634521]))","(array([0.05208115]), array([-0.05683637]))","(array([0.05434806]), array([-0.05723721]))","(array([0.0519473]), array([-0.06006203]))","(array([0.05215408]), array([-0.05879442]))","(array([0.05678609]), array([-0.05325754]))","(array([0.05806653]), array([-0.04799352]))","(array([0.05585864]), array([-0.04412421]))","(array([0.05301629]), array([-0.04142998]))","(array([0.05527526]), array([-0.03778422]))","(array([0.05765144]), array([-0.03961892]))"
(0.028470389498875016+0j),[0.11242138],[1.],[0.30810294],[1.],"(array([0.11988474]), array([-0.03069957]))","(array([0.05434783]), array([-0.05723732]))","(array([0.05194701]), array([-0.06006219]))","(array([0.05215382]), array([-0.05879458]))","(array([0.05678587]), array([-0.05325773]))","(array([0.05806633]), array([-0.04799373]))","(array([0.05585846]), array([-0.04412442]))","(array([0.05301612]), array([-0.04143017]))","(array([0.05527511]), array([-0.03778443]))","(array([0.0576513]), array([-0.03961913]))","(array([0.05653692]), array([-0.04565128]))"
(0.029559231951307125+0j),[0.14161577],[1.],[0.30251879],[1.],"(array([0.12427073]), array([-0.03114462]))","(array([0.05194676]), array([-0.06006229]))","(array([0.05215358]), array([-0.05879471]))","(array([0.05678568]), array([-0.05325787]))","(array([0.05806615]), array([-0.04799389]))","(array([0.0558583]), array([-0.0441246]))","(array([0.05301596]), array([-0.04143034]))","(array([0.05527498]), array([-0.0377846]))","(array([0.05765118]), array([-0.03961931]))","(array([0.0565368]), array([-0.04565145]))","(array([0.05755845]), array([-0.04750874]))"
(0.0308056792699557+0j),[0.12293692],[1.],[0.31777904],[1.],"(array([0.12069108]), array([-0.02748529]))","(array([0.05215338]), array([-0.05879479]))","(array([0.05678549]), array([-0.05325798]))","(array([0.05806598]), array([-0.04799403]))","(array([0.05585814]), array([-0.04412474]))","(array([0.05301582]), array([-0.04143048]))","(array([0.05527485]), array([-0.03778475]))","(array([0.05765107]), array([-0.03961947]))","(array([0.05653669]), array([-0.0456516]))","(array([0.05755835]), array([-0.04750889]))","(array([0.06258482]), array([-0.04324597]))"
(0.031932472770364685+0j),[0.12942431],[1.],[0.3215502],[1.],"(array([0.12423978]), array([-0.03036098]))","(array([0.05678532]), array([-0.05325807]))","(array([0.05806583]), array([-0.04799414]))","(array([0.05585801]), array([-0.04412487]))","(array([0.05301569]), array([-0.0414306]))","(array([0.05527474]), array([-0.03778488]))","(array([0.05765097]), array([-0.03961961]))","(array([0.05653659]), array([-0.04565174]))","(array([0.05755825]), array([-0.04750902]))","(array([0.06258475]), array([-0.04324611]))","(array([0.06066773]), array([-0.04821187]))"
(0.02980439420776534+0j),[0.12300335],[1.],[0.31128024],[1.],"(array([0.12760406]), array([-0.02353355]))","(array([0.0580657]), array([-0.04799422]))","(array([0.05585788]), array([-0.04412496]))","(array([0.05301556]), array([-0.0414307]))","(array([0.05527464]), array([-0.03778498]))","(array([0.05765088]), array([-0.03961972]))","(array([0.0565365]), array([-0.04565184]))","(array([0.05755817]), array([-0.04750913]))","(array([0.06258468]), array([-0.04324623]))","(array([0.06066766]), array([-0.04821198]))","(array([0.06115167]), array([-0.04646866]))"
(0.027716852237074183+0j),[0.12535689],[1.],[0.29731454],[1.],"(array([0.12659982]), array([-0.0198071]))","(array([0.05585778]), array([-0.04412502]))","(array([0.05301546]), array([-0.04143076]))","(array([0.05527455]), array([-0.03778505]))","(array([0.0576508]), array([-0.0396198]))","(array([0.05653642]), array([-0.04565192]))","(array([0.05755809]), array([-0.04750921]))","(array([0.06258462]), array([-0.04324631]))","(array([0.0606676]), array([-0.04821206]))","(array([0.06115162]), array([-0.04646874]))","(array([0.05867793]), array([-0.0452588]))"
(0.025852840309878708+0j),[0.1223277],[1.],[0.28652537],[1.],"(array([0.12137832]), array([-0.01551364]))","(array([0.05301536]), array([-0.04143081]))","(array([0.05527445]), array([-0.0377851]))","(array([0.05765071]), array([-0.03961987]))","(array([0.05653633]), array([-0.04565198]))","(array([0.05755801]), array([-0.04750927]))","(array([0.06258455]), array([-0.04324639]))","(array([0.06066753]), array([-0.04821214]))","(array([0.06115156]), array([-0.04646882]))","(array([0.05867787]), array([-0.04525887]))","(array([0.05753854]), array([-0.04243685]))"
(0.024163528092503626+0j),[0.11323888],[1.],[0.2790444],[1.],"(array([0.11620843]), array([-0.01354998]))","(array([0.05527434]), array([-0.03778514]))","(array([0.0576506]), array([-0.03961992]))","(array([0.05653623]), array([-0.04565203]))","(array([0.05755792]), array([-0.04750933]))","(array([0.06258447]), array([-0.04324646]))","(array([0.06066745]), array([-0.0482122]))","(array([0.06115149]), array([-0.04646889]))","(array([0.0586778]), array([-0.04525894]))","(array([0.05753848]), array([-0.04243692]))","(array([0.05574212]), array([-0.04078649]))"
(0.022471059425902374+0j),[0.08320284],[1.],[0.27825213],[1.],"(array([0.11677227]), array([-0.01198792]))","(array([0.05765048]), array([-0.03961995]))","(array([0.05653611]), array([-0.04565207]))","(array([0.05755781]), array([-0.04750937]))","(array([0.06258437]), array([-0.04324652]))","(array([0.06066735]), array([-0.04821226]))","(array([0.0611514]), array([-0.04646895]))","(array([0.05867772]), array([-0.04525901]))","(array([0.0575384]), array([-0.04243698]))","(array([0.05574205]), array([-0.04078655]))","(array([0.05309009]), array([-0.04036027]))"
(0.020761243997798346+0j),[0.08404847],[1.],[0.26631025],[1.],"(array([0.11891978]), array([-0.02037675]))","(array([0.05653597]), array([-0.04565209]))","(array([0.05755767]), array([-0.0475094]))","(array([0.06258424]), array([-0.04324656]))","(array([0.06066723]), array([-0.04821231]))","(array([0.06115128]), array([-0.04646901]))","(array([0.05867761]), array([-0.04525906]))","(array([0.05753831]), array([-0.04243705]))","(array([0.05574196]), array([-0.04078662]))","(array([0.05309001]), array([-0.04036033]))","(array([0.04729984]), array([-0.04343929]))"
(0.01968323969947401+0j),[0.08915074],[1.],[0.25705854],[1.],"(array([0.11552143]), array([-0.02607012]))","(array([0.0575575]), array([-0.04750941]))","(array([0.06258408]), array([-0.0432466]))","(array([0.06066707]), array([-0.04821235]))","(array([0.06115114]), array([-0.04646906]))","(array([0.05867747]), array([-0.04525912]))","(array([0.05753818]), array([-0.04243711]))","(array([0.05574184]), array([-0.04078669]))","(array([0.0530899]), array([-0.04036041]))","(array([0.04729973]), array([-0.04343936]))","(array([0.0464513]), array([-0.04129208]))"
(0.018710715781007924+0j),[0.09257384],[1.],[0.24878641],[1.],"(array([0.11448622]), array([-0.02675608]))","(array([0.06258387]), array([-0.04324663]))","(array([0.06066688]), array([-0.04821238]))","(array([0.06115095]), array([-0.0464691]))","(array([0.05867729]), array([-0.04525917]))","(array([0.05753801]), array([-0.04243717]))","(array([0.05574169]), array([-0.04078676]))","(array([0.05308975]), array([-0.04036048]))","(array([0.04729959]), array([-0.04343942]))","(array([0.04645117]), array([-0.04129215]))","(array([0.04643737]), array([-0.03892525]))"
(0.017648677541482343+0j),[0.08487164],[1.],[0.24366441],[1.],"(array([0.11757433]), array([-0.02184154]))","(array([0.06066666]), array([-0.04821238]))","(array([0.06115074]), array([-0.04646913]))","(array([0.0586771]), array([-0.0452592]))","(array([0.05753782]), array([-0.04243722]))","(array([0.05574151]), array([-0.04078681]))","(array([0.05308958]), array([-0.04036054]))","(array([0.04729943]), array([-0.04343947]))","(array([0.04645102]), array([-0.04129221]))","(array([0.04643724]), array([-0.03892532]))","(array([0.0460327]), array([-0.03692078]))"
(0.02054582585720576+0j),[0.08274035],[1.],[0.2665136],[1.],"(array([0.11788115]), array([-0.02837903]))","(array([0.06115054]), array([-0.04646916]))","(array([0.0586769]), array([-0.04525924]))","(array([0.05753764]), array([-0.04243726]))","(array([0.05574134]), array([-0.04078687]))","(array([0.05308942]), array([-0.0403606]))","(array([0.04729927]), array([-0.04343952]))","(array([0.04645088]), array([-0.04129227]))","(array([0.04643711]), array([-0.03892539]))","(array([0.04603258]), array([-0.03692085]))","(array([0.04578355]), array([-0.03963272]))"
(0.023480925216958465+0j),[0.11550654],[1.],[0.27538567],[1.],"(array([0.12335328]), array([-0.02715452]))","(array([0.05867671]), array([-0.04525926]))","(array([0.05753746]), array([-0.0424373]))","(array([0.05574117]), array([-0.04078692]))","(array([0.05308926]), array([-0.04036065]))","(array([0.04729912]), array([-0.04343957]))","(array([0.04645074]), array([-0.04129232]))","(array([0.04643698]), array([-0.03892545]))","(array([0.04603246]), array([-0.03692092]))","(array([0.04578344]), array([-0.03963278]))","(array([0.04782846]), array([-0.04421201]))"
(0.02650984331016422+0j),[0.10323053],[1.],[0.29998121],[1.],"(array([0.12286559]), array([-0.0187783]))","(array([0.0575373]), array([-0.04243732]))","(array([0.05574102]), array([-0.04078694]))","(array([0.05308912]), array([-0.04036068]))","(array([0.04729898]), array([-0.04343959]))","(array([0.04645061]), array([-0.04129236]))","(array([0.04643686]), array([-0.03892549]))","(array([0.04603235]), array([-0.03692097]))","(array([0.04578334]), array([-0.03963284]))","(array([0.04782836]), array([-0.04421207]))","(array([0.05502772]), array([-0.04234888]))"
(0.02404618314357929+0j),[0.10182568],[1.],[0.28439599],[1.],"(array([0.12320342]), array([-0.01872903]))","(array([0.05574089]), array([-0.04078693]))","(array([0.053089]), array([-0.04036067]))","(array([0.04729887]), array([-0.04343958]))","(array([0.0464505]), array([-0.04129236]))","(array([0.04643676]), array([-0.0389255]))","(array([0.04603226]), array([-0.03692099]))","(array([0.04578325]), array([-0.03963286]))","(array([0.04782828]), array([-0.0442121]))","(array([0.05502765]), array([-0.04234891]))","(array([0.05336509]), array([-0.04501451]))"
(0.021871264000682192+0j),[0.08914777],[1.],[0.27388448],[1.],"(array([0.1180246]), array([-0.01742395]))","(array([0.0530889]), array([-0.04036065]))","(array([0.04729877]), array([-0.04343955]))","(array([0.04645042]), array([-0.04129234]))","(array([0.04643667]), array([-0.03892549]))","(array([0.04603217]), array([-0.03692099]))","(array([0.04578317]), array([-0.03963286]))","(array([0.04782821]), array([-0.0442121]))","(array([0.05502758]), array([-0.04234893]))","(array([0.05336503]), array([-0.04501453]))","(array([0.0513748]), array([-0.04225789]))"
(0.019936311303355964+0j),[0.0896968],[1.],[0.25990508],[1.],"(array([0.11312638]), array([-0.01979254]))","(array([0.04729869]), array([-0.04343953]))","(array([0.04645033]), array([-0.04129232]))","(array([0.04643659]), array([-0.03892548]))","(array([0.0460321]), array([-0.03692098]))","(array([0.0457831]), array([-0.03963286]))","(array([0.04782814]), array([-0.04421211]))","(array([0.05502752]), array([-0.04234895]))","(array([0.05336497]), array([-0.04501455]))","(array([0.05137475]), array([-0.04225791]))","(array([0.04783127]), array([-0.04171003]))"
(0.020383016726902438+0j),[0.09641445],[1.],[0.26085377],[1.],"(array([0.10608943]), array([-0.02267405]))","(array([0.04645023]), array([-0.04129229]))","(array([0.0464365]), array([-0.03892546]))","(array([0.04603201]), array([-0.03692097]))","(array([0.04578302]), array([-0.03963285]))","(array([0.04782806]), array([-0.04421211]))","(array([0.05502745]), array([-0.04234897]))","(array([0.0533649]), array([-0.04501457]))","(array([0.05137468]), array([-0.04225794]))","(array([0.04783121]), array([-0.04171005]))","(array([0.04737882]), array([-0.04053165]))"
(0.020826169910708434+0j),[0.11361361],[1.],[0.257186],[1.],"(array([0.10546846]), array([-0.01910328]))","(array([0.0464364]), array([-0.03892541]))","(array([0.04603191]), array([-0.03692094]))","(array([0.04578292]), array([-0.03963283]))","(array([0.04782798]), array([-0.04421209]))","(array([0.05502737]), array([-0.04234897]))","(array([0.05336482]), array([-0.04501458]))","(array([0.05137461]), array([-0.04225795]))","(array([0.04783114]), array([-0.04171007]))","(array([0.04737875]), array([-0.04053166]))","(array([0.04872536]), array([-0.0400169]))"
(0.021246828881483205+0j),[0.11786692],[1.],[0.25838881],[1.],"(array([0.10464705]), array([-0.01301304]))","(array([0.04603181]), array([-0.03692088]))","(array([0.04578283]), array([-0.03963278]))","(array([0.04782789]), array([-0.04421206]))","(array([0.05502728]), array([-0.04234896]))","(array([0.05336474]), array([-0.04501457]))","(array([0.05137453]), array([-0.04225795]))","(array([0.04783106]), array([-0.04171007]))","(array([0.04737868]), array([-0.04053167]))","(array([0.04872529]), array([-0.04001691]))","(array([0.05154609]), array([-0.03745584]))"
(0.023131184754102273+0j),[0.11887877],[1.],[0.2714767],[1.],"(array([0.10572496]), array([-0.01012393]))","(array([0.04578275]), array([-0.03963272]))","(array([0.04782781]), array([-0.04421201]))","(array([0.0550272]), array([-0.04234893]))","(array([0.05336466]), array([-0.04501455]))","(array([0.05137445]), array([-0.04225793]))","(array([0.04783099]), array([-0.04171006]))","(array([0.04737861]), array([-0.04053167]))","(array([0.04872522]), array([-0.04001691]))","(array([0.05154603]), array([-0.03745585]))","(array([0.0530534]), array([-0.03829741]))"
(0.02504805159582604+0j),[0.12494072],[1.],[0.28186819],[1.],"(array([0.10834626]), array([-0.01254954]))","(array([0.04782774]), array([-0.04421195]))","(array([0.05502712]), array([-0.04234889]))","(array([0.05336459]), array([-0.04501452]))","(array([0.05137438]), array([-0.04225791]))","(array([0.04783092]), array([-0.04171003]))","(array([0.04737854]), array([-0.04053165]))","(array([0.04872516]), array([-0.04001691]))","(array([0.05154597]), array([-0.03745585]))","(array([0.05305334]), array([-0.03829742]))","(array([0.05473646]), array([-0.0406401]))"
(0.026935206595432734+0j),[0.13447737],[1.],[0.28986333],[1.],"(array([0.1126123]), array([-0.01568548]))","(array([0.05502704]), array([-0.04234884]))","(array([0.05336451]), array([-0.04501447]))","(array([0.0513743]), array([-0.04225787]))","(array([0.04783084]), array([-0.04171]))","(array([0.04737846]), array([-0.04053162]))","(array([0.04872508]), array([-0.04001689]))","(array([0.05154589]), array([-0.03745585]))","(array([0.05305327]), array([-0.03829742]))","(array([0.05473639]), array([-0.04064011]))","(array([0.0570969]), array([-0.04184195]))"
(0.028405400858681273+0j),[0.13524434],[1.],[0.2987389],[1.],"(array([0.12131118]), array([-0.01177103]))","(array([0.05336443]), array([-0.04501441]))","(array([0.05137422]), array([-0.04225781]))","(array([0.04783076]), array([-0.04170995]))","(array([0.04737839]), array([-0.04053158]))","(array([0.048725]), array([-0.04001686]))","(array([0.05154582]), array([-0.03745583]))","(array([0.05305319]), array([-0.03829741]))","(array([0.05473632]), array([-0.04064011]))","(array([0.05709683]), array([-0.04184196]))","(array([0.05962321]), array([-0.04211495]))"
(0.029937394060282604+0j),[0.13668845],[1.],[0.30734267],[1.],"(array([0.12162972]), array([-0.01420745]))","(array([0.05137414]), array([-0.04225775]))","(array([0.04783069]), array([-0.04170989]))","(array([0.04737831]), array([-0.04053153]))","(array([0.04872492]), array([-0.04001682]))","(array([0.05154573]), array([-0.0374558]))","(array([0.05305311]), array([-0.0382974]))","(array([0.05473624]), array([-0.0406401]))","(array([0.05709675]), array([-0.04184196]))","(array([0.05962313]), array([-0.04211496]))","(array([0.06081223]), array([-0.0437161]))"
(0.03145281420103909+0j),[0.15487443],[1.],[0.3076636],[1.],"(array([0.12156976]), array([-0.01120641]))","(array([0.0478306]), array([-0.04170981]))","(array([0.04737822]), array([-0.04053147]))","(array([0.04872484]), array([-0.04001677]))","(array([0.05154564]), array([-0.03745576]))","(array([0.05305302]), array([-0.03829737]))","(array([0.05473615]), array([-0.04064009]))","(array([0.05709667]), array([-0.04184195]))","(array([0.05962305]), array([-0.04211496]))","(array([0.06081215]), array([-0.04371611]))","(array([0.06198902]), array([-0.04526564]))"
(0.03097880559435728+0j),[0.14499672],[1.],[0.30924938],[1.],"(array([0.11678093]), array([-0.00667709]))","(array([0.04737813]), array([-0.04053138]))","(array([0.04872474]), array([-0.04001669]))","(array([0.05154555]), array([-0.03745571]))","(array([0.05305292]), array([-0.03829733]))","(array([0.05473605]), array([-0.04064005]))","(array([0.05709657]), array([-0.04184193]))","(array([0.05962296]), array([-0.04211495]))","(array([0.06081206]), array([-0.04371611]))","(array([0.06198894]), array([-0.04526565]))","(array([0.06481435]), array([-0.0421965]))"
(0.030508813035583705+0j),[0.14407261],[1.],[0.30655326],[1.],"(array([0.11668916]), array([-0.00769892]))","(array([0.04872464]), array([-0.0400166]))","(array([0.05154544]), array([-0.03745563]))","(array([0.05305282]), array([-0.03829726]))","(array([0.05473595]), array([-0.04064]))","(array([0.05709647]), array([-0.04184189]))","(array([0.05962285]), array([-0.04211493]))","(array([0.06081196]), array([-0.0437161]))","(array([0.06198884]), array([-0.04526564]))","(array([0.06481426]), array([-0.04219651]))","(array([0.06308921]), array([-0.04360903]))"
(0.03000705941188987+0j),[0.1315825],[1.],[0.30888001],[1.],"(array([0.11741173]), array([-0.00739857]))","(array([0.05154533]), array([-0.03745554]))","(array([0.05305271]), array([-0.03829718]))","(array([0.05473584]), array([-0.04063994]))","(array([0.05709635]), array([-0.04184184]))","(array([0.05962274]), array([-0.0421149]))","(array([0.06081185]), array([-0.04371607]))","(array([0.06198873]), array([-0.04526563]))","(array([0.06481416]), array([-0.04219651]))","(array([0.06308911]), array([-0.04360903]))","(array([0.06259153]), array([-0.0431759]))"
(0.028147925925753593+0j),[0.12491256],[1.],[0.30010299],[1.],"(array([0.11981621]), array([-0.00764361]))","(array([0.05305261]), array([-0.0382971]))","(array([0.05473573]), array([-0.04063986]))","(array([0.05709625]), array([-0.04184178]))","(array([0.05962263]), array([-0.04211485]))","(array([0.06081175]), array([-0.04371604]))","(array([0.06198863]), array([-0.0452656]))","(array([0.06481406]), array([-0.0421965]))","(array([0.06308901]), array([-0.04360903]))","(array([0.06259144]), array([-0.0431759]))","(array([0.05995328]), array([-0.0442185]))"
(0.026387975120192163+0j),[0.14476107],[1.],[0.27940671],[1.],"(array([0.11935971]), array([-0.00992679]))","(array([0.05473564]), array([-0.04063978]))","(array([0.05709615]), array([-0.04184171]))","(array([0.05962253]), array([-0.0421148]))","(array([0.06081165]), array([-0.043716]))","(array([0.06198853]), array([-0.04526557]))","(array([0.06481396]), array([-0.04219649]))","(array([0.06308892]), array([-0.04360901]))","(array([0.06259135]), array([-0.0431759]))","(array([0.05995319]), array([-0.04421849]))","(array([0.05772293]), array([-0.04323862]))"
(0.02484020997536778+0j),[0.13664122],[1.],[0.27298215],[1.],"(array([0.11645276]), array([-0.0078429]))","(array([0.05709606]), array([-0.04184164]))","(array([0.05962244]), array([-0.04211474]))","(array([0.06081156]), array([-0.04371595]))","(array([0.06198844]), array([-0.04526553]))","(array([0.06481387]), array([-0.04219646]))","(array([0.06308883]), array([-0.04360899]))","(array([0.06259126]), array([-0.04317588]))","(array([0.05995311]), array([-0.04421848]))","(array([0.05772284]), array([-0.04323861]))","(array([0.05926146]), array([-0.03705028]))"
(0.023734493625659367+0j),[0.14386043],[1.],[0.26147239],[1.],"(array([0.1176625]), array([-0.01079652]))","(array([0.05962236]), array([-0.04211468]))","(array([0.06081148]), array([-0.0437159]))","(array([0.06198836]), array([-0.04526549]))","(array([0.06481379]), array([-0.04219643]))","(array([0.06308875]), array([-0.04360897]))","(array([0.06259118]), array([-0.04317586]))","(array([0.05995303]), array([-0.04421847]))","(array([0.05772277]), array([-0.0432386]))","(array([0.05926139]), array([-0.03705028]))","(array([0.05716906]), array([-0.03692962]))"
(0.022673071847829213+0j),[0.16816367],[1.],[0.2384004],[1.],"(array([0.11759879]), array([-0.00947175]))","(array([0.0608114]), array([-0.04371584]))","(array([0.06198829]), array([-0.04526544]))","(array([0.06481371]), array([-0.04219639]))","(array([0.06308868]), array([-0.04360894]))","(array([0.06259111]), array([-0.04317584]))","(array([0.05995296]), array([-0.04421845]))","(array([0.0577227]), array([-0.04323859]))","(array([0.05926132]), array([-0.03705027]))","(array([0.05716899]), array([-0.03692962]))","(array([0.0572578]), array([-0.03388769]))"
(0.021781981960587782+0j),[0.17375499],[1.],[0.22714557],[1.],"(array([0.11368706]), array([-0.00568634]))","(array([0.06198822]), array([-0.04526539]))","(array([0.06481364]), array([-0.04219636]))","(array([0.06308861]), array([-0.0436089]))","(array([0.06259104]), array([-0.04317581]))","(array([0.05995289]), array([-0.04421842]))","(array([0.05772263]), array([-0.04323857]))","(array([0.05926126]), array([-0.03705026]))","(array([0.05716893]), array([-0.03692961]))","(array([0.05725774]), array([-0.03388769]))","(array([0.05937233]), array([-0.026777]))"
(0.020440679880094677+0j),[0.17251987],[1.],[0.21670924],[1.],"(array([0.11181993]), array([-0.00596497]))","(array([0.06481357]), array([-0.04219631]))","(array([0.06308854]), array([-0.04360886]))","(array([0.06259097]), array([-0.04317578]))","(array([0.05995283]), array([-0.04421839]))","(array([0.05772257]), array([-0.04323854]))","(array([0.05926119]), array([-0.03705025]))","(array([0.05716887]), array([-0.0369296]))","(array([0.05725768]), array([-0.03388769]))","(array([0.05937227]), array([-0.02677701]))","(array([0.058951]), array([-0.0235054]))"
(0.0191009130915059+0j),[0.16502657],[1.],[0.21083754],[1.],"(array([0.11228274]), array([-0.00323941]))","(array([0.06308847]), array([-0.04360882]))","(array([0.0625909]), array([-0.04317574]))","(array([0.05995276]), array([-0.04421836]))","(array([0.05772251]), array([-0.04323851]))","(array([0.05926113]), array([-0.03705023]))","(array([0.0571688]), array([-0.03692958]))","(array([0.05725762]), array([-0.03388768]))","(array([0.05937221]), array([-0.02677701]))","(array([0.05895094]), array([-0.02350541]))","(array([0.05747224]), array([-0.02163114]))"
(0.017928880156266046+0j),[0.14162654],[1.],[0.21731171],[1.],"(array([0.10930939]), array([-0.00626313]))","(array([0.06259083]), array([-0.0431757]))","(array([0.05995269]), array([-0.04421832]))","(array([0.05772243]), array([-0.04323848]))","(array([0.05926105]), array([-0.03705021]))","(array([0.05716873]), array([-0.03692957]))","(array([0.05725754]), array([-0.03388767]))","(array([0.05937214]), array([-0.02677701]))","(array([0.05895088]), array([-0.02350542]))","(array([0.05747218]), array([-0.02163115]))","(array([0.05545277]), array([-0.02135574]))"
(0.019335385843389008+0j),[0.13308847],[1.],[0.2347499],[1.],"(array([0.11283085]), array([-0.01098653]))","(array([0.0599526]), array([-0.04421827]))","(array([0.05772235]), array([-0.04323843]))","(array([0.05926096]), array([-0.03705017]))","(array([0.05716865]), array([-0.03692954]))","(array([0.05725746]), array([-0.03388766]))","(array([0.05937206]), array([-0.02677701]))","(array([0.0589508]), array([-0.02350543]))","(array([0.0574721]), array([-0.02163116]))","(array([0.0554527]), array([-0.02135576]))","(array([0.05299664]), array([-0.02741466]))"
(0.020843831298823254+0j),[0.1246854],[1.],[0.25126424],[1.],"(array([0.114082]), array([-0.01388647]))","(array([0.05772225]), array([-0.04323838]))","(array([0.05926086]), array([-0.03705013]))","(array([0.05716855]), array([-0.0369295]))","(array([0.05725736]), array([-0.03388763]))","(array([0.05937196]), array([-0.026777]))","(array([0.0589507]), array([-0.02350543]))","(array([0.05747201]), array([-0.02163117]))","(array([0.05545261]), array([-0.02135577]))","(array([0.05299656]), array([-0.02741467]))","(array([0.0533328]), array([-0.03171166]))"
(0.02239940602177611+0j),[0.13783998],[1.],[0.25624444],[1.],"(array([0.11552769]), array([-0.01478421]))","(array([0.05926075]), array([-0.03705008]))","(array([0.05716844]), array([-0.03692945]))","(array([0.05725725]), array([-0.0338876]))","(array([0.05937185]), array([-0.02677699]))","(array([0.0589506]), array([-0.02350542]))","(array([0.05747191]), array([-0.02163117]))","(array([0.05545251]), array([-0.02135577]))","(array([0.05299646]), array([-0.02741467]))","(array([0.05333271]), array([-0.03171166]))","(array([0.05354474]), array([-0.03583404]))"
(0.02010956640937719+0j),[0.14531158],[1.],[0.23412343],[1.],"(array([0.114985]), array([-0.00585667]))","(array([0.05716831]), array([-0.03692939]))","(array([0.05725713]), array([-0.03388755]))","(array([0.05937173]), array([-0.02677696]))","(array([0.05895048]), array([-0.02350541]))","(array([0.05747179]), array([-0.02163116]))","(array([0.0554524]), array([-0.02135577]))","(array([0.05299635]), array([-0.02741466]))","(array([0.0533326]), array([-0.03171166]))","(array([0.05354464]), array([-0.03583404]))","(array([0.05487641]), array([-0.03266206]))"
(0.01818535520868781+0j),[0.13213951],[1.],[0.2261056],[1.],"(array([0.1080793]), array([-0.004092]))","(array([0.057257]), array([-0.03388748]))","(array([0.05937159]), array([-0.02677693]))","(array([0.05895034]), array([-0.02350539]))","(array([0.05747166]), array([-0.02163115]))","(array([0.05545227]), array([-0.02135576]))","(array([0.05299623]), array([-0.02741465]))","(array([0.05333249]), array([-0.03171166]))","(array([0.05354453]), array([-0.03583404]))","(array([0.0548763]), array([-0.03266207]))","(array([0.05389351]), array([-0.02767167]))"
(0.016363485633750615+0j),[0.13777809],[1.],[0.20658481],[1.],"(array([0.10640381]), array([-0.00401739]))","(array([0.05937144]), array([-0.02677687]))","(array([0.05895019]), array([-0.02350535]))","(array([0.05747151]), array([-0.02163112]))","(array([0.05545212]), array([-0.02135574]))","(array([0.05299609]), array([-0.02741463]))","(array([0.05333235]), array([-0.03171164]))","(array([0.05354441]), array([-0.03583403]))","(array([0.05487618]), array([-0.03266208]))","(array([0.05389339]), array([-0.02767169]))","(array([0.05044167]), array([-0.02762752]))"
(0.018501722652534573+0j),[0.12912069],[1.],[0.23099548],[1.],"(array([0.1082164]), array([0.00415932]))","(array([0.05895001]), array([-0.02350529]))","(array([0.05747134]), array([-0.02163108]))","(array([0.05545196]), array([-0.02135571]))","(array([0.05299594]), array([-0.02741459]))","(array([0.0533322]), array([-0.03171161]))","(array([0.05354426]), array([-0.03583401]))","(array([0.05487605]), array([-0.03266207]))","(array([0.05389326]), array([-0.02767169]))","(array([0.05044155]), array([-0.02762753]))","(array([0.05121403]), array([-0.02683307]))"
(0.020734659933286513+0j),[0.14672804],[1.],[0.2390889],[1.],"(array([0.11315798]), array([0.00544215]))","(array([0.05747115]), array([-0.02163102]))","(array([0.05545177]), array([-0.02135566]))","(array([0.05299576]), array([-0.02741453]))","(array([0.05333204]), array([-0.03171156]))","(array([0.0535441]), array([-0.03583397]))","(array([0.05487589]), array([-0.03266206]))","(array([0.05389311]), array([-0.0276717]))","(array([0.0504414]), array([-0.02762753]))","(array([0.05121389]), array([-0.02683309]))","(array([0.05217324]), array([-0.03247196]))"
(0.02293385518865394+0j),[0.15976779],[1.],[0.2481682],[1.],"(array([0.1134794]), array([0.01113783]))","(array([0.05545157]), array([-0.02135559]))","(array([0.05299557]), array([-0.02741446]))","(array([0.05333185]), array([-0.0317115]))","(array([0.05354392]), array([-0.03583392]))","(array([0.05487571]), array([-0.03266203]))","(array([0.05389294]), array([-0.02767169]))","(array([0.05044124]), array([-0.02762752]))","(array([0.05121374]), array([-0.0268331]))","(array([0.0521731]), array([-0.03247198]))","(array([0.05638282]), array([-0.03212037]))"
(0.020218299815444388+0j),[0.16227699],[1.],[0.22445216],[1.],"(array([0.10921367]), array([0.01427226]))","(array([0.05299533]), array([-0.02741434]))","(array([0.05333162]), array([-0.03171139]))","(array([0.0535437]), array([-0.03583383]))","(array([0.05487549]), array([-0.03266197]))","(array([0.05389273]), array([-0.02767165]))","(array([0.05044103]), array([-0.02762749]))","(array([0.05121354]), array([-0.02683309]))","(array([0.05217291]), array([-0.03247198]))","(array([0.05638265]), array([-0.0321204]))","(array([0.0577357]), array([-0.0287457]))"
(0.018027854386730845+0j),[0.15561126],[1.],[0.20995348],[1.],"(array([0.10159733]), array([0.00891765]))","(array([0.05333132]), array([-0.03171122]))","(array([0.05354342]), array([-0.03583367]))","(array([0.05487521]), array([-0.03266185]))","(array([0.05389244]), array([-0.02767157]))","(array([0.05044076]), array([-0.02762742]))","(array([0.05121327]), array([-0.02683305]))","(array([0.05217266]), array([-0.03247196]))","(array([0.05638241]), array([-0.03212042]))","(array([0.05773548]), array([-0.02874576]))","(array([0.05576541]), array([-0.02392494]))"
(0.016146597671073994+0j),[0.16892624],[1.],[0.18036626],[1.],"(array([0.09873374]), array([0.00326613]))","(array([0.05354313]), array([-0.03583349]))","(array([0.05487491]), array([-0.03266172]))","(array([0.05389215]), array([-0.02767147]))","(array([0.05044048]), array([-0.02762733]))","(array([0.051213]), array([-0.026833]))","(array([0.0521724]), array([-0.03247192]))","(array([0.05638216]), array([-0.03212043]))","(array([0.05773524]), array([-0.0287458]))","(array([0.05576519]), array([-0.023925]))","(array([0.05299246]), array([-0.02183133]))"
(0.01745651043779618+0j),[0.17528244],[1.],[0.18819788],[1.],"(array([0.09581227]), array([0.00217616]))","(array([0.05487465]), array([-0.03266158]))","(array([0.05389188]), array([-0.02767137]))","(array([0.05044022]), array([-0.02762724]))","(array([0.05121275]), array([-0.02683294]))","(array([0.05217216]), array([-0.03247188]))","(array([0.05638194]), array([-0.03212043]))","(array([0.05773503]), array([-0.02874583]))","(array([0.05576498]), array([-0.02392505]))","(array([0.05299227]), array([-0.02183139]))","(array([0.05405187]), array([-0.01760163]))"
(0.018659780520641517+0j),[0.18338996],[1.],[0.19270602],[1.],"(array([0.09882529]), array([0.00666467]))","(array([0.05389165]), array([-0.02767126]))","(array([0.05044]), array([-0.02762714]))","(array([0.05121252]), array([-0.02683287]))","(array([0.05217195]), array([-0.03247183]))","(array([0.05638173]), array([-0.03212042]))","(array([0.05773483]), array([-0.02874585]))","(array([0.0557648]), array([-0.02392509]))","(array([0.05299208]), array([-0.02183144]))","(array([0.05405171]), array([-0.01760171]))","(array([0.05603285]), array([-0.01839952]))"
(0.019745900662742323+0j),[0.18474426],[1.],[0.20193543],[1.],"(array([0.09885152]), array([0.01331115]))","(array([0.05043976]), array([-0.02762702]))","(array([0.05121229]), array([-0.02683278]))","(array([0.05217172]), array([-0.03247176]))","(array([0.05638151]), array([-0.03212039]))","(array([0.05773462]), array([-0.02874586]))","(array([0.05576459]), array([-0.02392512]))","(array([0.05299189]), array([-0.02183148]))","(array([0.05405152]), array([-0.01760178]))","(array([0.05603268]), array([-0.01839961]))","(array([0.05797175]), array([-0.01844547]))"
(0.018114792316637263+0j),[0.17897573],[1.],[0.19120363],[1.],"(array([0.094506]), array([0.01364997]))","(array([0.051212]), array([-0.02683264]))","(array([0.05217145]), array([-0.03247165]))","(array([0.05638124]), array([-0.03212033]))","(array([0.05773436]), array([-0.02874584]))","(array([0.05576434]), array([-0.02392513]))","(array([0.05299164]), array([-0.0218315]))","(array([0.05405129]), array([-0.01760184]))","(array([0.05603246]), array([-0.0183997]))","(array([0.05797155]), array([-0.01844558]))","(array([0.05778003]), array([-0.01752432]))"
(0.01660653935343302+0j),[0.18186926],[1.],[0.17233012],[1.],"(array([0.09289926]), array([0.01316034]))","(array([0.05217113]), array([-0.03247148]))","(array([0.05638092]), array([-0.03212023]))","(array([0.05773404]), array([-0.02874579]))","(array([0.05576403]), array([-0.02392512]))","(array([0.05299134]), array([-0.02183151]))","(array([0.05405099]), array([-0.01760189]))","(array([0.05603218]), array([-0.01839978]))","(array([0.05797129]), array([-0.0184457]))","(array([0.05777979]), array([-0.01752446]))","(array([0.05547856]), array([-0.01610612]))"
(0.01538097083683684+0j),[0.17361418],[1.],[0.16704514],[1.],"(array([0.08968228]), array([0.00830088]))","(array([0.05638051]), array([-0.03212007]))","(array([0.05773363]), array([-0.0287457]))","(array([0.05576362]), array([-0.02392507]))","(array([0.05299094]), array([-0.02183148]))","(array([0.05405061]), array([-0.01760192]))","(array([0.05603181]), array([-0.01839986]))","(array([0.05797094]), array([-0.01844582]))","(array([0.05777945]), array([-0.01752461]))","(array([0.05547824]), array([-0.01610629]))","(array([0.05406547]), array([-0.0120999]))"
(0.015073333177726347+0j),[0.17764747],[1.],[0.15920779],[1.],"(array([0.09386064]), array([0.00683222]))","(array([0.05773309]), array([-0.02874551]))","(array([0.05576308]), array([-0.02392495]))","(array([0.05299041]), array([-0.02183139]))","(array([0.05405008]), array([-0.01760192]))","(array([0.05603129]), array([-0.01839991]))","(array([0.05797044]), array([-0.01844594]))","(array([0.05777898]), array([-0.01752478]))","(array([0.05547778]), array([-0.01610647]))","(array([0.05406504]), array([-0.01210013]))","(array([0.05247375]), array([-0.0129832]))"
(0.014691633339961641+0j),[0.17625776],[1.],[0.15625398],[1.],"(array([0.09345748]), array([0.01101028]))","(array([0.05576237]), array([-0.02392471]))","(array([0.0529897]), array([-0.0218312]))","(array([0.05404936]), array([-0.01760184]))","(array([0.05603059]), array([-0.01839993]))","(array([0.05796977]), array([-0.01844604]))","(array([0.05777833]), array([-0.01752494]))","(array([0.05547715]), array([-0.01610667]))","(array([0.05406444]), array([-0.01210037]))","(array([0.05247317]), array([-0.01298346]))","(array([0.05229179]), array([-0.0110611]))"
(0.014271618381035139+0j),[0.16057173],[1.],[0.16772378],[1.],"(array([0.09088755]), array([0.01540482]))","(array([0.05298882]), array([-0.0218309]))","(array([0.05404848]), array([-0.01760169]))","(array([0.05602972]), array([-0.01839988]))","(array([0.05796891]), array([-0.01844611]))","(array([0.0577775]), array([-0.01752508]))","(array([0.05547634]), array([-0.01610685]))","(array([0.05406367]), array([-0.01210063]))","(array([0.05247242]), array([-0.01298373]))","(array([0.05229109]), array([-0.01106143]))","(array([0.05162309]), array([-0.01075547]))"
(0.01266736255207847+0j),[0.16048613],[1.],[0.14833546],[1.],"(array([0.08900828]), array([0.01399763]))","(array([0.05404752]), array([-0.01760144]))","(array([0.05602876]), array([-0.01839975]))","(array([0.05796798]), array([-0.01844611]))","(array([0.05777659]), array([-0.01752517]))","(array([0.05547545]), array([-0.01610698]))","(array([0.0540628]), array([-0.01210084]))","(array([0.05247158]), array([-0.01298396]))","(array([0.0522903]), array([-0.01106174]))","(array([0.05162235]), array([-0.01075582]))","(array([0.04903826]), array([-0.01328051]))"
(0.011197589385411745+0j),[0.15590956],[1.],[0.13352857],[1.],"(array([0.08577775]), array([0.01810713]))","(array([0.05602774]), array([-0.01839955]))","(array([0.05796696]), array([-0.01844604]))","(array([0.05777559]), array([-0.0175252]))","(array([0.05547447]), array([-0.01610706]))","(array([0.05406185]), array([-0.01210102]))","(array([0.05247066]), array([-0.01298415]))","(array([0.05228943]), array([-0.01106202]))","(array([0.05162152]), array([-0.01075615]))","(array([0.04903746]), array([-0.01328083]))","(array([0.04678987]), array([-0.00962595]))"
(0.009904642282143498+0j),[0.14998457],[1.],[0.12129354],[1.],"(array([0.0844524]), array([0.01632625]))","(array([0.0579659]), array([-0.01844593]))","(array([0.05777455]), array([-0.01752519]))","(array([0.05547344]), array([-0.0161071]))","(array([0.05406085]), array([-0.01210115]))","(array([0.05246968]), array([-0.01298431]))","(array([0.0522885]), array([-0.01106226]))","(array([0.05162064]), array([-0.01075646]))","(array([0.04903661]), array([-0.01328111]))","(array([0.04678907]), array([-0.0096263]))","(array([0.04428606]), array([-0.00725463]))"
(0.009422370057460385+0j),[0.14601914],[1.],[0.11889195],[1.],"(array([0.08497285]), array([0.01498131]))","(array([0.05777349]), array([-0.01752512]))","(array([0.0554724]), array([-0.01610709]))","(array([0.05405983]), array([-0.01210124]))","(array([0.05246868]), array([-0.01298442]))","(array([0.05228754]), array([-0.01106247]))","(array([0.05161974]), array([-0.01075673]))","(array([0.04903573]), array([-0.01328136]))","(array([0.04678825]), array([-0.00962661]))","(array([0.04428528]), array([-0.00725498]))","(array([0.0424527]), array([-0.0066761]))"
(0.008963716981766538+0j),[0.14647071],[1.],[0.11106097],[1.],"(array([0.08425858]), array([0.01500781]))","(array([0.05547132]), array([-0.01610702]))","(array([0.05405877]), array([-0.01210128]))","(array([0.05246765]), array([-0.01298448]))","(array([0.05228655]), array([-0.01106263]))","(array([0.05161879]), array([-0.01075695]))","(array([0.04903481]), array([-0.01328158]))","(array([0.04678738]), array([-0.00962689]))","(array([0.04428447]), array([-0.0072553]))","(array([0.04245194]), array([-0.00667645]))","(array([0.04141733]), array([-0.00667131]))"
(0.008547306431307364+0j),[0.13683934],[1.],[0.11634207],[1.],"(array([0.08029289]), array([0.01648953]))","(array([0.05405775]), array([-0.01210126]))","(array([0.05246665]), array([-0.0129845]))","(array([0.05228559]), array([-0.01106274]))","(array([0.05161787]), array([-0.01075713]))","(array([0.04903392]), array([-0.01328174]))","(array([0.04678654]), array([-0.00962712]))","(array([0.04428367]), array([-0.00725557]))","(array([0.04245119]), array([-0.00667675]))","(array([0.04141663]), array([-0.00667164]))","(array([0.04064065]), array([-0.00519878]))"
(0.009867847440973812+0j),[0.12555971],[1.],[0.14760415],[1.],"(array([0.08310398]), array([0.01827718]))","(array([0.05246574]), array([-0.01298447]))","(array([0.05228471]), array([-0.01106281]))","(array([0.05161702]), array([-0.01075726]))","(array([0.0490331]), array([-0.01328186]))","(array([0.04678576]), array([-0.0096273]))","(array([0.04428294]), array([-0.00725579]))","(array([0.04245049]), array([-0.00667699]))","(array([0.04141599]), array([-0.00667192]))","(array([0.04064006]), array([-0.00519912]))","(array([0.04083204]), array([-0.00996639]))"
(0.011553429031305738+0j),[0.1274901],[1.],[0.16726051],[1.],"(array([0.0884151]), array([0.01493247]))","(array([0.05228386]), array([-0.01106285]))","(array([0.0516162]), array([-0.01075736]))","(array([0.04903231]), array([-0.01328194]))","(array([0.046785]), array([-0.00962745]))","(array([0.04428222]), array([-0.00725598]))","(array([0.04244982]), array([-0.00667721]))","(array([0.04141536]), array([-0.00667217]))","(array([0.04063949]), array([-0.00519942]))","(array([0.04083151]), array([-0.00996669]))","(array([0.04215186]), array([-0.01717537]))"
(0.013351898451870809+0j),[0.12486463],[1.],[0.18895685],[1.],"(array([0.09254806]), array([0.01722914]))","(array([0.05161535]), array([-0.01075741]))","(array([0.04903148]), array([-0.01328199]))","(array([0.04678421]), array([-0.00962756]))","(array([0.04428147]), array([-0.00725614]))","(array([0.04244911]), array([-0.00667739]))","(array([0.0414147]), array([-0.0066724]))","(array([0.04063888]), array([-0.0051997]))","(array([0.04083093]), array([-0.00996698]))","(array([0.04215132]), array([-0.01717566]))","(array([0.04463412]), array([-0.0207246]))"
(0.012246053897556805+0j),[0.10637379],[1.],[0.18897803],[1.],"(array([0.09321372]), array([0.01694884]))","(array([0.04903048]), array([-0.01328197]))","(array([0.04678325]), array([-0.00962762]))","(array([0.04428055]), array([-0.00725626]))","(array([0.04244824]), array([-0.00667755]))","(array([0.04141388]), array([-0.00667261]))","(array([0.04063813]), array([-0.00519999]))","(array([0.04083022]), array([-0.00996728]))","(array([0.04215065]), array([-0.01717597]))","(array([0.04463352]), array([-0.02072497]))","(array([0.04479401]), array([-0.02217302]))"
(0.011307628505543555+0j),[0.10464466],[1.],[0.18017916],[1.],"(array([0.09069698]), array([0.01042101]))","(array([0.04678207]), array([-0.00962762]))","(array([0.04427942]), array([-0.00725633]))","(array([0.04244716]), array([-0.00667768]))","(array([0.04141286]), array([-0.0066728]))","(array([0.04063718]), array([-0.00520028]))","(array([0.04082933]), array([-0.00996758]))","(array([0.04214981]), array([-0.0171763]))","(array([0.04463276]), array([-0.02072537]))","(array([0.04479333]), array([-0.02217347]))","(array([0.04136115]), array([-0.02423387]))"
(0.010454817035257587+0j),[0.08774409],[1.],[0.18011398],[1.],"(array([0.08657077]), array([0.01360611]))","(array([0.04427811]), array([-0.00725631]))","(array([0.0424459]), array([-0.00667773]))","(array([0.04141167]), array([-0.00667293]))","(array([0.04063607]), array([-0.00520053]))","(array([0.04082827]), array([-0.00996785]))","(array([0.04214882]), array([-0.0171766]))","(array([0.04463186]), array([-0.02072577]))","(array([0.04479251]), array([-0.02217393]))","(array([0.04136036]), array([-0.02423431]))","(array([0.04001594]), array([-0.02284239]))"
(0.010109293677469983+0j),[0.09014893],[1.],[0.1753158],[1.],"(array([0.08464129]), array([0.01220378]))","(array([0.0424446]), array([-0.00667768]))","(array([0.04141042]), array([-0.00667297]))","(array([0.04063489]), array([-0.00520069]))","(array([0.04082715]), array([-0.00996805]))","(array([0.04214777]), array([-0.01717683]))","(array([0.0446309]), array([-0.02072611]))","(array([0.04479162]), array([-0.02217434]))","(array([0.04135952]), array([-0.02423471]))","(array([0.04001516]), array([-0.02284284]))","(array([0.0370351]), array([-0.02522674]))"
(0.009814975519264328+0j),[0.08895138],[1.],[0.17280969],[1.],"(array([0.08179881]), array([0.01329765]))","(array([0.04140901]), array([-0.00667293]))","(array([0.04063355]), array([-0.0052008]))","(array([0.04082588]), array([-0.00996819]))","(array([0.04214657]), array([-0.01717701]))","(array([0.04462979]), array([-0.02072643]))","(array([0.0447906]), array([-0.02217475]))","(array([0.04135854]), array([-0.0242351]))","(array([0.04001426]), array([-0.02284329]))","(array([0.03703424]), array([-0.02522718]))","(array([0.03697686]), array([-0.02409543]))"
(0.009559951231913265+0j),[0.08933847],[1.],[0.1698727],[1.],"(array([0.08023856]), array([0.01303999]))","(array([0.04063215]), array([-0.00520084]))","(array([0.04082455]), array([-0.00996827]))","(array([0.04214532]), array([-0.01717714]))","(array([0.04462862]), array([-0.0207267]))","(array([0.04478951]), array([-0.02217511]))","(array([0.04135751]), array([-0.02423544]))","(array([0.04001331]), array([-0.02284371]))","(array([0.03703333]), array([-0.02522758]))","(array([0.03697604]), array([-0.02409592]))","(array([0.03648729]), array([-0.02377225]))"
(0.010494606965200713+0j),[0.07286883],[1.],[0.1877485],[1.],"(array([0.08031453]), array([0.01456196]))","(array([0.04082329]), array([-0.00996828]))","(array([0.04214413]), array([-0.0171772]))","(array([0.04462751]), array([-0.0207269]))","(array([0.04478847]), array([-0.0221754]))","(array([0.04135651]), array([-0.02423573]))","(array([0.04001238]), array([-0.02284406]))","(array([0.03703244]), array([-0.02522793]))","(array([0.03697524]), array([-0.02409634]))","(array([0.03648656]), array([-0.02377272]))","(array([0.03695692]), array([-0.02448572]))"
(0.011541266346557055+0j),[0.06379805],[1.],[0.20156716],[1.],"(array([0.08442608]), array([0.00629048]))","(array([0.04214303]), array([-0.0171772]))","(array([0.04462648]), array([-0.02072703]))","(array([0.04478751]), array([-0.02217561]))","(array([0.04135559]), array([-0.02423593]))","(array([0.04001152]), array([-0.02284433]))","(array([0.03703162]), array([-0.02522819]))","(array([0.03697449]), array([-0.02409669]))","(array([0.03648587]), array([-0.02377312]))","(array([0.0369563]), array([-0.02448617]))","(array([0.03588243]), array([-0.02963277]))"
(0.012634294441543337+0j),[0.07189971],[1.],[0.20934233],[1.],"(array([0.08874502]), array([-0.00273564]))","(array([0.04462553]), array([-0.02072709]))","(array([0.04478661]), array([-0.02217575]))","(array([0.04135473]), array([-0.02423607]))","(array([0.04001071]), array([-0.02284454]))","(array([0.03703085]), array([-0.02522839]))","(array([0.03697378]), array([-0.02409697]))","(array([0.03648523]), array([-0.02377345]))","(array([0.03695572]), array([-0.02448655]))","(array([0.03588187]), array([-0.02963315]))","(array([0.0358082]), array([-0.03313863]))"
(0.014755095270694536+0j),[0.05764508],[1.],[0.23221901],[1.],"(array([0.09392439]), array([-0.00441691]))","(array([0.04478575]), array([-0.02217585]))","(array([0.04135391]), array([-0.02423616]))","(array([0.04000994]), array([-0.0228447]))","(array([0.03703011]), array([-0.02522855]))","(array([0.03697309]), array([-0.02409719]))","(array([0.03648459]), array([-0.02377373]))","(array([0.03695514]), array([-0.02448689]))","(array([0.03588132]), array([-0.02963348]))","(array([0.03580768]), array([-0.03313897]))","(array([0.03877492]), array([-0.03453976]))"
(0.016965450107059504+0j),[0.06454529],[1.],[0.24824424],[1.],"(array([0.09909506]), array([-0.00896677]))","(array([0.0413531]), array([-0.02423621]))","(array([0.04000917]), array([-0.02284481]))","(array([0.03702938]), array([-0.02522866]))","(array([0.03697241]), array([-0.02409738]))","(array([0.03648395]), array([-0.02377398]))","(array([0.03695455]), array([-0.02448719]))","(array([0.03588076]), array([-0.02963378]))","(array([0.03580716]), array([-0.03313928]))","(array([0.03877446]), array([-0.03454012]))","(array([0.03859451]), array([-0.04042942]))"
(0.019321786896416174+0j),[0.06303717],[1.],[0.2661622],[1.],"(array([0.09925346]), array([-0.00946322]))","(array([0.04000842]), array([-0.02284486]))","(array([0.03702866]), array([-0.02522872]))","(array([0.03697174]), array([-0.02409752]))","(array([0.03648333]), array([-0.02377417]))","(array([0.03695398]), array([-0.02448743]))","(array([0.03588021]), array([-0.02963403]))","(array([0.03580665]), array([-0.03313955]))","(array([0.038774]), array([-0.03454044]))","(array([0.03859407]), array([-0.04042973]))","(array([0.04174434]), array([-0.04275737]))"
(0.02004775979539509+0j),[0.06560968],[1.],[0.27060437],[1.],"(array([0.10054645]), array([-0.0084401]))","(array([0.03702796]), array([-0.02522873]))","(array([0.03697107]), array([-0.0240976]))","(array([0.0364827]), array([-0.02377432]))","(array([0.03695339]), array([-0.02448764]))","(array([0.03587966]), array([-0.02963423]))","(array([0.03580612]), array([-0.03313977]))","(array([0.03877353]), array([-0.03454071]))","(array([0.03859363]), array([-0.04043]))","(array([0.04174394]), array([-0.04275768]))","(array([0.04274427]), array([-0.04522573]))"
(0.02085874952123272+0j),[0.05644553],[1.],[0.2781557],[1.],"(array([0.09861076]), array([-0.01020202]))","(array([0.0369704]), array([-0.02409764]))","(array([0.03648206]), array([-0.02377442]))","(array([0.03695279]), array([-0.0244878]))","(array([0.03587909]), array([-0.0296344]))","(array([0.03580559]), array([-0.03313996]))","(array([0.03877304]), array([-0.03454096]))","(array([0.03859316]), array([-0.04043025]))","(array([0.04174353]), array([-0.04275796]))","(array([0.04274389]), array([-0.04522603]))","(array([0.04380522]), array([-0.04581955]))"
(0.0216282845313003+0j),[0.065309],[1.],[0.28134551],[1.],"(array([0.10021126]), array([-0.01111458]))","(array([0.03648136]), array([-0.02377446]))","(array([0.03695213]), array([-0.02448791]))","(array([0.03587845]), array([-0.02963452]))","(array([0.03580499]), array([-0.03314011]))","(array([0.03877249]), array([-0.03454117]))","(array([0.03859264]), array([-0.04043046]))","(array([0.04174305]), array([-0.04275822]))","(array([0.04274345]), array([-0.04522632]))","(array([0.04380482]), array([-0.04581986]))","(array([0.04286443]), array([-0.04827731]))"
(0.02164267821818777+0j),[0.0710708],[1.],[0.27989834],[1.],"(array([0.09986577]), array([-0.00885106]))","(array([0.03695132]), array([-0.02448796]))","(array([0.03587767]), array([-0.02963458]))","(array([0.03580425]), array([-0.03314021]))","(array([0.03877179]), array([-0.03454135]))","(array([0.03859198]), array([-0.04043066]))","(array([0.04174244]), array([-0.04275847]))","(array([0.04274288]), array([-0.0452266]))","(array([0.0438043]), array([-0.04582018]))","(array([0.04286394]), array([-0.04827764]))","(array([0.04461663]), array([-0.04743157]))"
(0.021650585798257942+0j),[0.08239961],[1.],[0.27669984],[1.],"(array([0.10000559]), array([-0.00827998]))","(array([0.03587678]), array([-0.02963455]))","(array([0.03580339]), array([-0.03314022]))","(array([0.03877099]), array([-0.03454147]))","(array([0.03859121]), array([-0.04043079]))","(array([0.04174173]), array([-0.04275868]))","(array([0.04274221]), array([-0.04522685]))","(array([0.04380368]), array([-0.04582047]))","(array([0.04286335]), array([-0.04827795]))","(array([0.0446161]), array([-0.04743192]))","(array([0.04556407]), array([-0.04650345]))"
(0.02174746716360902+0j),[0.11390451],[1.],[0.26584669],[1.],"(array([0.09825192]), array([-0.01081039]))","(array([0.03580251]), array([-0.03314017]))","(array([0.03877014]), array([-0.03454153]))","(array([0.03859041]), array([-0.04043087]))","(array([0.04174097]), array([-0.04275884]))","(array([0.04274151]), array([-0.04522706]))","(array([0.04380301]), array([-0.04582073]))","(array([0.04286272]), array([-0.04827823]))","(array([0.04461552]), array([-0.04743226]))","(array([0.04556355]), array([-0.04650382]))","(array([0.04749014]), array([-0.04460722]))"
(0.020036611642257+0j),[0.1120852],[1.],[0.25389718],[1.],"(array([0.0942357]), array([-0.00730168]))","(array([0.03876938]), array([-0.03454154]))","(array([0.03858968]), array([-0.0404309]))","(array([0.04174029]), array([-0.04275895]))","(array([0.04274086]), array([-0.04522721]))","(array([0.04380241]), array([-0.04582094]))","(array([0.04286215]), array([-0.04827845]))","(array([0.04461499]), array([-0.04743253]))","(array([0.04556307]), array([-0.04650412]))","(array([0.04748971]), array([-0.04460757]))","(array([0.05159371]), array([-0.03768611]))"
(0.01842262253022066+0j),[0.11399563],[1.],[0.24041382],[1.],"(array([0.09450296]), array([-0.00906476]))","(array([0.03858902]), array([-0.04043089]))","(array([0.04173966]), array([-0.04275901]))","(array([0.04274026]), array([-0.04522732]))","(array([0.04380184]), array([-0.04582109]))","(array([0.04286161]), array([-0.04827862]))","(array([0.0446145]), array([-0.04743274]))","(array([0.04556262]), array([-0.04650438]))","(array([0.0474893]), array([-0.04460786]))","(array([0.05159337]), array([-0.03768646]))","(array([0.04993065]), array([-0.03552892]))"
(0.017059419251662804+0j),[0.10553094],[1.],[0.23322299],[1.],"(array([0.09136105]), array([-0.01438597]))","(array([0.04173906]), array([-0.04275903]))","(array([0.04273969]), array([-0.04522738]))","(array([0.0438013]), array([-0.04582119]))","(array([0.0428611]), array([-0.04827874]))","(array([0.04461402]), array([-0.04743292]))","(array([0.04556217]), array([-0.04650459]))","(array([0.0474889]), array([-0.04460811]))","(array([0.05159303]), array([-0.03768678]))","(array([0.04993034]), array([-0.03552925]))","(array([0.04894184]), array([-0.03268003]))"
(0.018421282964123202+0j),[0.12758377],[1.],[0.23346633],[1.],"(array([0.09536985]), array([-0.01851606]))","(array([0.04273909]), array([-0.0452274]))","(array([0.04380073]), array([-0.04582127]))","(array([0.04286055]), array([-0.04827884]))","(array([0.0446135]), array([-0.04743306]))","(array([0.04556169]), array([-0.04650478]))","(array([0.04748846]), array([-0.04460835]))","(array([0.05159265]), array([-0.03768708]))","(array([0.04992998]), array([-0.03552957]))","(array([0.04894152]), array([-0.03268036]))","(array([0.0478107]), array([-0.0343247]))"
(0.019764680718138708+0j),[0.1265473],[1.],[0.24474917],[1.],"(array([0.09638987]), array([-0.0160769]))","(array([0.04380013]), array([-0.0458213]))","(array([0.04285998]), array([-0.04827889]))","(array([0.04461296]), array([-0.04743318]))","(array([0.04556119]), array([-0.04650494]))","(array([0.04748799]), array([-0.04460856]))","(array([0.05159224]), array([-0.03768737]))","(array([0.0499296]), array([-0.03552987]))","(array([0.04894116]), array([-0.03268068]))","(array([0.04781037]), array([-0.03432502]))","(array([0.05207075]), array([-0.03188824]))"
(0.02106503123815692+0j),[0.13825671],[1.],[0.24845421],[1.],"(array([0.09989703]), array([-0.01688723]))","(array([0.04285935]), array([-0.04827892]))","(array([0.04461237]), array([-0.04743327]))","(array([0.04556062]), array([-0.04650508]))","(array([0.04748747]), array([-0.04460876]))","(array([0.05159177]), array([-0.03768765]))","(array([0.04992916]), array([-0.03553017]))","(array([0.04894076]), array([-0.03268101]))","(array([0.04780998]), array([-0.03432535]))","(array([0.05207043]), array([-0.03188861]))","(array([0.05310641]), array([-0.03411487]))"
(0.02060791988206217+0j),[0.12870365],[1.],[0.24990215],[1.],"(array([0.09823619]), array([-0.01671176]))","(array([0.04461167]), array([-0.04743333]))","(array([0.04555997]), array([-0.0465052]))","(array([0.04748685]), array([-0.04460895]))","(array([0.05159122]), array([-0.03768795]))","(array([0.04992864]), array([-0.03553049]))","(array([0.04894027]), array([-0.03268135]))","(array([0.04780951]), array([-0.0343257]))","(array([0.05207002]), array([-0.03188902]))","(array([0.05310604]), array([-0.03411529]))","(array([0.05502673]), array([-0.03217482]))"
(0.020088084389948073+0j),[0.12929415],[1.],[0.2454533],[1.],"(array([0.10026412]), array([-0.01798689]))","(array([0.04555918]), array([-0.04650529]))","(array([0.04748611]), array([-0.04460913]))","(array([0.05159054]), array([-0.03768825]))","(array([0.04992799]), array([-0.03553083]))","(array([0.04893966]), array([-0.03268172]))","(array([0.04780892]), array([-0.03432607]))","(array([0.05206952]), array([-0.03188946]))","(array([0.05310557]), array([-0.03411575]))","(array([0.05502631]), array([-0.03217532]))","(array([0.05332801]), array([-0.03347393]))"
(0.019567692230108083+0j),[0.13890959],[1.],[0.23585388],[1.],"(array([0.10021058]), array([-0.01695143]))","(array([0.04748521]), array([-0.04460928]))","(array([0.0515897]), array([-0.03768856]))","(array([0.04992719]), array([-0.03553118]))","(array([0.0489389]), array([-0.03268212]))","(array([0.0478082]), array([-0.03432647]))","(array([0.05206888]), array([-0.03188996]))","(array([0.05310497]), array([-0.03411627]))","(array([0.05502579]), array([-0.03217588]))","(array([0.0533275]), array([-0.03347448]))","(array([0.0529206]), array([-0.03255337]))"
(0.017921548877294125+0j),[0.14600013],[1.],[0.21736874],[1.],"(array([0.09890635]), array([-0.01298611]))","(array([0.05158876]), array([-0.03768883]))","(array([0.04992628]), array([-0.03553149]))","(array([0.04893805]), array([-0.03268249]))","(array([0.04780737]), array([-0.03432686]))","(array([0.05206814]), array([-0.03189045]))","(array([0.05310428]), array([-0.03411679]))","(array([0.05502516]), array([-0.03217645]))","(array([0.05332691]), array([-0.03347505]))","(array([0.05292006]), array([-0.03255396]))","(array([0.05309763]), array([-0.02872125]))"
(0.016293218850138808+0j),[0.14411081],[1.],[0.20378036],[1.],"(array([0.09884602]), array([-0.00467416]))","(array([0.04992529]), array([-0.03553177]))","(array([0.04893709]), array([-0.03268283]))","(array([0.04780645]), array([-0.03432721]))","(array([0.0520673]), array([-0.03189093]))","(array([0.0531035]), array([-0.0341173]))","(array([0.05502446]), array([-0.03217703]))","(array([0.05332622]), array([-0.03347562]))","(array([0.05291943]), array([-0.03255454]))","(array([0.05309707]), array([-0.02872187]))","(array([0.05222088]), array([-0.02441944]))"
(0.014846912787706308+0j),[0.15195555],[1.],[0.18341012],[1.],"(array([0.0942358]), array([-0.00298411]))","(array([0.04893611]), array([-0.03268311]))","(array([0.04780551]), array([-0.0343275]))","(array([0.05206644]), array([-0.03189135]))","(array([0.05310268]), array([-0.03411777]))","(array([0.05502371]), array([-0.03217756]))","(array([0.0533255]), array([-0.03347615]))","(array([0.05291876]), array([-0.0325551]))","(array([0.05309648]), array([-0.02872247]))","(array([0.05222035]), array([-0.02442006]))","(array([0.05034306]), array([-0.02210098]))"
(0.013725402043208889+0j),[0.15223855],[1.],[0.1710099],[1.],"(array([0.08897149]), array([0.00152073]))","(array([0.04780453]), array([-0.03432776]))","(array([0.05206554]), array([-0.03189174]))","(array([0.05310183]), array([-0.0341182]))","(array([0.05502293]), array([-0.03217807]))","(array([0.05332475]), array([-0.03347665]))","(array([0.05291806]), array([-0.03255562]))","(array([0.05309585]), array([-0.02872304]))","(array([0.0522198]), array([-0.02442066]))","(array([0.05034255]), array([-0.02210158]))","(array([0.04963979]), array([-0.01757049]))"
(0.012779245222897672+0j),[0.15946216],[1.],[0.15284123],[1.],"(array([0.0851414]), array([-1.90276658e-05]))","(array([0.05206461]), array([-0.03189209]))","(array([0.05310094]), array([-0.03411859]))","(array([0.05502211]), array([-0.03217854]))","(array([0.05332396]), array([-0.03347713]))","(array([0.05291732]), array([-0.03255613]))","(array([0.05309518]), array([-0.02872359]))","(array([0.0522192]), array([-0.02442125]))","(array([0.05034201]), array([-0.02210217]))","(array([0.04963933]), array([-0.01757112]))","(array([0.04838134]), array([-0.01518108]))"
(0.011860546866777974+0j),[0.15692321],[1.],[0.14367833],[1.],"(array([0.08530308]), array([0.003948]))","(array([0.05310004]), array([-0.03411894]))","(array([0.05502127]), array([-0.03217897]))","(array([0.05332316]), array([-0.03347756]))","(array([0.05291656]), array([-0.03255659]))","(array([0.05309449]), array([-0.0287241]))","(array([0.05221858]), array([-0.0244218]))","(array([0.05034145]), array([-0.02210274]))","(array([0.04963885]), array([-0.01757171]))","(array([0.04838092]), array([-0.01518169]))","(array([0.0476584]), array([-0.01086599]))"
(0.011258734460596716+0j),[0.16046596],[1.],[0.13127085],[1.],"(array([0.08462106]), array([0.00122057]))","(array([0.05502044]), array([-0.03217934]))","(array([0.05332236]), array([-0.03347793]))","(array([0.0529158]), array([-0.03255699]))","(array([0.0530938]), array([-0.02872456]))","(array([0.05221796]), array([-0.0244223]))","(array([0.05034088]), array([-0.02210325]))","(array([0.04963835]), array([-0.01757226]))","(array([0.04838048]), array([-0.01518226]))","(array([0.04765805]), array([-0.01086658]))","(array([0.04636611]), array([-0.00962887]))"
(0.010671487558319013+0j),[0.15689591],[1.],[0.1270043],[1.],"(array([0.08376701]), array([0.00389279]))","(array([0.05332158]), array([-0.03347824]))","(array([0.05291507]), array([-0.03255733]))","(array([0.05309313]), array([-0.02872495]))","(array([0.05221734]), array([-0.02442273]))","(array([0.05034031]), array([-0.02210369]))","(array([0.04963785]), array([-0.01757275]))","(array([0.04838004]), array([-0.01518276]))","(array([0.04765768]), array([-0.01086712]))","(array([0.04636579]), array([-0.00962941]))","(array([0.04561332]), array([-0.00685975]))"
(0.010178227712367623+0j),[0.16306529],[1.],[0.11080799],[1.],"(array([0.08117237]), array([0.00184145]))","(array([0.05291432]), array([-0.03255762]))","(array([0.05309244]), array([-0.0287253]))","(array([0.05221671]), array([-0.02442312]))","(array([0.05033972]), array([-0.0221041]))","(array([0.04963733]), array([-0.0175732]))","(array([0.04837957]), array([-0.01518324]))","(array([0.04765728]), array([-0.01086763]))","(array([0.04636543]), array([-0.00962993]))","(array([0.04561303]), array([-0.00686028]))","(array([0.04451375]), array([-0.0064602]))"
(0.012061172314971565+0j),[0.16214273],[1.],[0.14130412],[1.],"(array([0.08135334]), array([0.00409439]))","(array([0.05309174]), array([-0.02872559]))","(array([0.05221607]), array([-0.02442346]))","(array([0.05033912]), array([-0.02210446]))","(array([0.0496368]), array([-0.01757361]))","(array([0.04837908]), array([-0.01518367]))","(array([0.04765686]), array([-0.01086809]))","(array([0.04636506]), array([-0.00963041]))","(array([0.04561271]), array([-0.00686077]))","(array([0.04451347]), array([-0.0064607]))","(array([0.04596164]), array([-0.00630344]))"
(0.014219115713613827+0j),[0.16083652],[1.],[0.16966261],[1.],"(array([0.08821352]), array([0.00762256]))","(array([0.05221544]), array([-0.02442372]))","(array([0.05033853]), array([-0.02210475]))","(array([0.04963627]), array([-0.01757395]))","(array([0.0483786]), array([-0.01518403]))","(array([0.04765643]), array([-0.0108685]))","(array([0.04636467]), array([-0.00963082]))","(array([0.04561238]), array([-0.00686121]))","(array([0.04451317]), array([-0.00646114]))","(array([0.04596141]), array([-0.0063039]))","(array([0.04903984]), array([-0.01224275]))"
(0.016601543872479103+0j),[0.15309362],[1.],[0.20102675],[1.],"(array([0.09357506]), array([0.01152471]))","(array([0.05033796]), array([-0.02210498]))","(array([0.04963575]), array([-0.01757423]))","(array([0.04837811]), array([-0.01518435]))","(array([0.04765601]), array([-0.01086886]))","(array([0.04636428]), array([-0.00963119]))","(array([0.04561204]), array([-0.00686161]))","(array([0.04451286]), array([-0.00646154]))","(array([0.04596116]), array([-0.00630433]))","(array([0.04903963]), array([-0.01224319]))","(array([0.05181255]), array([-0.01784468]))"
(0.016685196413084556+0j),[0.15942057],[1.],[0.19674138],[1.],"(array([0.09599122]), array([0.01207952]))","(array([0.04963523]), array([-0.01757447]))","(array([0.04837763]), array([-0.01518461]))","(array([0.04765557]), array([-0.01086917]))","(array([0.04636388]), array([-0.00963152]))","(array([0.04561169]), array([-0.00686196]))","(array([0.04451254]), array([-0.0064619]))","(array([0.0459609]), array([-0.00630472]))","(array([0.0490394]), array([-0.01224359]))","(array([0.05181236]), array([-0.0178451]))","(array([0.05243172]), array([-0.02244503]))"
(0.01668499008424149+0j),[0.15677712],[1.],[0.19874938],[1.],"(array([0.0943657]), array([0.01788994]))","(array([0.04837717]), array([-0.01518482]))","(array([0.04765515]), array([-0.01086942]))","(array([0.04636349]), array([-0.00963179]))","(array([0.04561134]), array([-0.00686226]))","(array([0.04451221]), array([-0.00646221]))","(array([0.04596063]), array([-0.00630506]))","(array([0.04903917]), array([-0.01224395]))","(array([0.05181216]), array([-0.01784547]))","(array([0.05243154]), array([-0.0224454]))","(array([0.05307872]), array([-0.02100586]))"
(0.016680203045428825+0j),[0.15030618],[1.],[0.20356795],[1.],"(array([0.09358157]), array([0.01963952]))","(array([0.04765468]), array([-0.01086965]))","(array([0.04636304]), array([-0.00963204]))","(array([0.04561094]), array([-0.00686254]))","(array([0.04451184]), array([-0.0064625]))","(array([0.04596031]), array([-0.0063054]))","(array([0.04903888]), array([-0.0122443]))","(array([0.05181192]), array([-0.01784584]))","(array([0.05243132]), array([-0.02244578]))","(array([0.05307855]), array([-0.02100625]))","(array([0.05276138]), array([-0.02173635]))"
(0.016464956850582156+0j),[0.15715215],[1.],[0.19619954],[1.],"(array([0.09375171]), array([0.0224266]))","(array([0.04636253]), array([-0.00963224]))","(array([0.04561047]), array([-0.00686279]))","(array([0.0445114]), array([-0.00646276]))","(array([0.04595992]), array([-0.00630571]))","(array([0.04903853]), array([-0.01224464]))","(array([0.05181161]), array([-0.0178462]))","(array([0.05243103]), array([-0.02244615]))","(array([0.05307832]), array([-0.02100665]))","(array([0.05276118]), array([-0.02173675]))","(array([0.05188433]), array([-0.02327347]))"
(0.016244621254235585+0j),[0.144613],[1.],[0.20351952],[1.],"(array([0.090873]), array([0.02513965]))","(array([0.04560992]), array([-0.00686299]))","(array([0.04451088]), array([-0.00646298]))","(array([0.04595945]), array([-0.006306]))","(array([0.04903811]), array([-0.01224497]))","(array([0.05181122]), array([-0.01784656]))","(array([0.05243068]), array([-0.02244651]))","(array([0.05307802]), array([-0.02100704]))","(array([0.05276092]), array([-0.02173716]))","(array([0.05188411]), array([-0.02327388]))","(array([0.05236899]), array([-0.02116168]))"
(0.01604949785173873+0j),[0.14791091],[1.],[0.19929009],[1.],"(array([0.09175118]), array([0.02508509]))","(array([0.04451036]), array([-0.00646315]))","(array([0.04595897]), array([-0.00630623]))","(array([0.04903766]), array([-0.01224524]))","(array([0.05181082]), array([-0.01784686]))","(array([0.05243031]), array([-0.02244684]))","(array([0.0530777]), array([-0.0210074]))","(array([0.05276064]), array([-0.02173754]))","(array([0.05188385]), array([-0.02327427]))","(array([0.05236879]), array([-0.02116208]))","(array([0.05073889]), array([-0.02398587]))"
(0.014974547299384548+0j),[0.1546684],[1.],[0.18310859],[1.],"(array([0.08876215]), array([0.02620165]))","(array([0.04595854]), array([-0.0063064]))","(array([0.04903726]), array([-0.01224544]))","(array([0.05181045]), array([-0.01784709]))","(array([0.05242996]), array([-0.02244709]))","(array([0.0530774]), array([-0.02100768]))","(array([0.05276036]), array([-0.02173784]))","(array([0.05188361]), array([-0.02327457]))","(array([0.05236859]), array([-0.02116241]))","(array([0.05073871]), array([-0.0239862]))","(array([0.05041476]), array([-0.02199113]))"
(0.013946577249728784+0j),[0.13424438],[1.],[0.18834908],[1.],"(array([0.08661838]), array([0.0278433]))","(array([0.04903689]), array([-0.01224558]))","(array([0.05181011]), array([-0.01784727]))","(array([0.05242964]), array([-0.02244728]))","(array([0.05307711]), array([-0.02100791]))","(array([0.0527601]), array([-0.02173808]))","(array([0.05188337]), array([-0.02327483]))","(array([0.0523684]), array([-0.02116269]))","(array([0.05073852]), array([-0.02398648]))","(array([0.05041462]), array([-0.02199142]))","(array([0.04990472]), array([-0.01813789]))"
(0.013034211826209067+0j),[0.13748463],[1.],[0.17635835],[1.],"(array([0.09077246]), array([0.01756102]))","(array([0.05180974]), array([-0.01784742]))","(array([0.05242929]), array([-0.02244745]))","(array([0.05307679]), array([-0.02100811]))","(array([0.05275981]), array([-0.02173831]))","(array([0.0518831]), array([-0.02327507]))","(array([0.05236817]), array([-0.02116296]))","(array([0.05073832]), array([-0.02398674]))","(array([0.05041445]), array([-0.02199171]))","(array([0.04990459]), array([-0.01813819]))","(array([0.04668135]), array([-0.02124106]))"
(0.012923733880195496+0j),[0.13887208],[1.],[0.17418267],[1.],"(array([0.09171598]), array([0.01281146]))","(array([0.05242887]), array([-0.0224476]))","(array([0.0530764]), array([-0.02100831]))","(array([0.05275945]), array([-0.02173853]))","(array([0.05188277]), array([-0.02327531]))","(array([0.05236788]), array([-0.02116323]))","(array([0.05073805]), array([-0.02398703]))","(array([0.05041422]), array([-0.02199201]))","(array([0.04990441]), array([-0.01813851]))","(array([0.04668117]), array([-0.02124137]))","(array([0.04650482]), array([-0.01923071]))"
(0.012875663205758732+0j),[0.13842309],[1.],[0.17410522],[1.],"(array([0.09183994]), array([0.00862989]))","(array([0.05307595]), array([-0.02100848]))","(array([0.05275903]), array([-0.02173874]))","(array([0.05188237]), array([-0.02327554]))","(array([0.05236753]), array([-0.02116351]))","(array([0.05073771]), array([-0.02398731]))","(array([0.05041393]), array([-0.02199232]))","(array([0.04990417]), array([-0.01813885]))","(array([0.04668094]), array([-0.0212417]))","(array([0.04650463]), array([-0.01923105]))","(array([0.04661977]), array([-0.01859262]))"
(0.012795660121755073+0j),[0.13887108],[1.],[0.17294867],[1.],"(array([0.09245417]), array([0.00993496]))","(array([0.0527586]), array([-0.0217389]))","(array([0.05188196]), array([-0.02327572]))","(array([0.05236716]), array([-0.02116374]))","(array([0.05073737]), array([-0.02398755]))","(array([0.05041362]), array([-0.0219926]))","(array([0.04990391]), array([-0.01813916]))","(array([0.04668069]), array([-0.021242]))","(array([0.04650441]), array([-0.01923137]))","(array([0.04661959]), array([-0.01859295]))","(array([0.04648724]), array([-0.01863116]))"
(0.011289709219853039+0j),[0.12788024],[1.],[0.16432014],[1.],"(array([0.08997018]), array([0.00932199]))","(array([0.0518816]), array([-0.02327584]))","(array([0.05236683]), array([-0.0211639]))","(array([0.05073705]), array([-0.02398772]))","(array([0.05041334]), array([-0.0219928]))","(array([0.04990366]), array([-0.01813939]))","(array([0.04668045]), array([-0.02124223]))","(array([0.04650421]), array([-0.01923161]))","(array([0.04661942]), array([-0.01859321]))","(array([0.04648709]), array([-0.01863143]))","(array([0.04550558]), array([-0.01669602]))"
(0.009970255642813544+0j),[0.12985846],[1.],[0.14621365],[1.],"(array([0.08721567]), array([0.00540854]))","(array([0.05236652]), array([-0.02116401]))","(array([0.05073676]), array([-0.02398785]))","(array([0.05041307]), array([-0.02199296]))","(array([0.04990343]), array([-0.01813958]))","(array([0.04668022]), array([-0.02124241]))","(array([0.046504]), array([-0.01923181]))","(array([0.04661924]), array([-0.01859342]))","(array([0.04648693]), array([-0.01863165]))","(array([0.04550544]), array([-0.01669625]))","(array([0.04250866]), array([-0.01625827]))"
(0.008808089320001534+0j),[0.12932044],[1.],[0.13045692],[1.],"(array([0.08370639]), array([0.00790556]))","(array([0.05073647]), array([-0.02398795]))","(array([0.0504128]), array([-0.02199309]))","(array([0.04990318]), array([-0.01813975]))","(array([0.04667998]), array([-0.02124258]))","(array([0.04650379]), array([-0.019232]))","(array([0.04661905]), array([-0.01859363]))","(array([0.04648677]), array([-0.01863186]))","(array([0.0455053]), array([-0.01669646]))","(array([0.04250852]), array([-0.01625848]))","(array([0.04084515]), array([-0.01260656]))"
(0.008393093333173545+0j),[0.11944255],[1.],[0.13378616],[1.],"(array([0.07959495]), array([0.00503439]))","(array([0.05041248]), array([-0.02199322]))","(array([0.04990289]), array([-0.01813992]))","(array([0.04667969]), array([-0.02124274]))","(array([0.04650353]), array([-0.01923219]))","(array([0.04661882]), array([-0.01859384]))","(array([0.04648656]), array([-0.01863209]))","(array([0.04550512]), array([-0.0166967]))","(array([0.04250835]), array([-0.01625871]))","(array([0.040845]), array([-0.0126068]))","(array([0.03956358]), array([-0.01048127]))"
(0.007971546297572926+0j),[0.11714123],[1.],[0.12979834],[1.],"(array([0.08001175]), array([0.00480802]))","(array([0.04990255]), array([-0.01814009]))","(array([0.04667936]), array([-0.0212429]))","(array([0.04650324]), array([-0.01923238]))","(array([0.04661855]), array([-0.01859405]))","(array([0.04648632]), array([-0.01863232]))","(array([0.0455049]), array([-0.01669694]))","(array([0.04250814]), array([-0.01625895]))","(array([0.04084483]), array([-0.01260704]))","(array([0.03956343]), array([-0.01048152]))","(array([0.03801048]), array([-0.01223336]))"
(0.00753852794091097+0j),[0.10828442],[1.],[0.13117009],[1.],"(array([0.07863882]), array([0.00806008]))","(array([0.04667904]), array([-0.02124304]))","(array([0.04650294]), array([-0.01923255]))","(array([0.04661828]), array([-0.01859425]))","(array([0.04648607]), array([-0.01863253]))","(array([0.04550468]), array([-0.01669717]))","(array([0.04250793]), array([-0.01625917]))","(array([0.04084464]), array([-0.01260728]))","(array([0.03956326]), array([-0.01048176]))","(array([0.03801032]), array([-0.01223359]))","(array([0.03705844]), array([-0.01178647]))"
(0.006849788315675748+0j),[0.10798793],[1.],[0.12088746],[1.],"(array([0.0751433]), array([0.00308664]))","(array([0.04650265]), array([-0.01923269]))","(array([0.04661802]), array([-0.01859441]))","(array([0.04648583]), array([-0.01863271]))","(array([0.04550446]), array([-0.01669736]))","(array([0.04250772]), array([-0.01625936]))","(array([0.04084445]), array([-0.01260747]))","(array([0.0395631]), array([-0.01048197]))","(array([0.03801016]), array([-0.01223379]))","(array([0.0370583]), array([-0.01178667]))","(array([0.03530249]), array([-0.01248615]))"
(0.006221624555949984+0j),[0.10222323],[1.],[0.11578909],[1.],"(array([0.07271083]), array([0.00498332]))","(array([0.04661777]), array([-0.01859453]))","(array([0.04648559]), array([-0.01863285]))","(array([0.04550424]), array([-0.01669752]))","(array([0.04250751]), array([-0.01625951]))","(array([0.04084427]), array([-0.01260764]))","(array([0.03956293]), array([-0.01048214]))","(array([0.03801]), array([-0.01223396]))","(array([0.03705815]), array([-0.01178685]))","(array([0.03530236]), array([-0.01248632]))","(array([0.03407599]), array([-0.01058912]))"
(0.005641218666884008+0j),[0.10165323],[1.],[0.10627624],[1.],"(array([0.07170249]), array([0.00433933]))","(array([0.04648535]), array([-0.01863298]))","(array([0.04550402]), array([-0.01669766]))","(array([0.04250729]), array([-0.01625966]))","(array([0.04084407]), array([-0.0126078]))","(array([0.03956275]), array([-0.01048231]))","(array([0.03800983]), array([-0.01223412]))","(array([0.037058]), array([-0.01178702]))","(array([0.03530221]), array([-0.01248648]))","(array([0.03407586]), array([-0.01058929]))","(array([0.0324039]), array([-0.01025725]))"
(0.005368882384159273+0j),[0.093848],[1.],[0.10864419],[1.],"(array([0.07000624]), array([0.0041775]))","(array([0.04550377]), array([-0.01669779]))","(array([0.04250705]), array([-0.01625979]))","(array([0.04084385]), array([-0.01260794]))","(array([0.03956255]), array([-0.01048247]))","(array([0.03800964]), array([-0.01223427]))","(array([0.03705783]), array([-0.01178717]))","(array([0.03530205]), array([-0.01248663]))","(array([0.03407572]), array([-0.01058945]))","(array([0.03240376]), array([-0.0102574]))","(array([0.03151513]), array([-0.00896462]))"
(0.005099191602335407+0j),[0.09018029],[1.],[0.10711336],[1.],"(array([0.06957041]), array([0.00434858]))","(array([0.04250682]), array([-0.0162599]))","(array([0.04084363]), array([-0.01260807]))","(array([0.03956235]), array([-0.0104826]))","(array([0.03800945]), array([-0.01223441]))","(array([0.03705765]), array([-0.01178731]))","(array([0.03530189]), array([-0.01248677]))","(array([0.03407557]), array([-0.01058959]))","(array([0.03240363]), array([-0.01025755]))","(array([0.03151501]), array([-0.00896476]))","(array([0.03026022]), array([-0.01031929]))"
(0.004879091801185391+0j),[0.08720697],[1.],[0.10574647],[1.],"(array([0.06631156]), array([0.00396878]))","(array([0.04084342]), array([-0.01260817]))","(array([0.03956216]), array([-0.01048272]))","(array([0.03800926]), array([-0.01223452]))","(array([0.03705748]), array([-0.01178743]))","(array([0.03530172]), array([-0.01248689]))","(array([0.03407542]), array([-0.01058972]))","(array([0.03240349]), array([-0.01025767]))","(array([0.03151489]), array([-0.00896489]))","(array([0.03026011]), array([-0.01031941]))","(array([0.02942111]), array([-0.01050133]))"
(0.00460960422504783+0j),[0.08452324],[1.],[0.10309054],[1.],"(array([0.0642858]), array([0.00687625]))","(array([0.03956198]), array([-0.0104828]))","(array([0.03800908]), array([-0.0122346]))","(array([0.03705732]), array([-0.01178752]))","(array([0.03530157]), array([-0.01248698]))","(array([0.03407528]), array([-0.01058982]))","(array([0.03240336]), array([-0.01025777]))","(array([0.03151477]), array([-0.00896499]))","(array([0.03026]), array([-0.01031951]))","(array([0.02942101]), array([-0.01050143]))","(array([0.02859536]), array([-0.01055962]))"
(0.004355145531612298+0j),[0.08746776],[1.],[0.09571808],[1.],"(array([0.06245284]), array([0.00835917]))","(array([0.03800892]), array([-0.01223466]))","(array([0.03705717]), array([-0.01178759]))","(array([0.03530143]), array([-0.01248705]))","(array([0.03407515]), array([-0.01058989]))","(array([0.03240324]), array([-0.01025784]))","(array([0.03151466]), array([-0.00896508]))","(array([0.0302599]), array([-0.01031959]))","(array([0.02942092]), array([-0.01050151]))","(array([0.02859527]), array([-0.0105597]))","(array([0.02776319]), array([-0.0104032]))"
(0.004156630736514013+0j),[0.09434953],[1.],[0.0846146],[1.],"(array([0.05931746]), array([0.0072985]))","(array([0.03705702]), array([-0.01178764]))","(array([0.03530129]), array([-0.0124871]))","(array([0.03407503]), array([-0.01058995]))","(array([0.03240312]), array([-0.0102579]))","(array([0.03151456]), array([-0.00896514]))","(array([0.0302598]), array([-0.01031966]))","(array([0.02942082]), array([-0.01050158]))","(array([0.02859519]), array([-0.01055977]))","(array([0.02776312]), array([-0.01040327]))","(array([0.0275706]), array([-0.00868726]))"
(0.004666721176627779+0j),[0.08523022],[1.],[0.10413418],[1.],"(array([0.05764456]), array([0.00924778]))","(array([0.03530115]), array([-0.01248714]))","(array([0.0340749]), array([-0.01059]))","(array([0.032403]), array([-0.01025795]))","(array([0.03151445]), array([-0.0089652]))","(array([0.03025969]), array([-0.01031971]))","(array([0.02942073]), array([-0.01050163]))","(array([0.0285951]), array([-0.01055983]))","(array([0.02776304]), array([-0.01040333]))","(array([0.02757053]), array([-0.00868733]))","(array([0.02851108]), array([-0.00731173]))"
(0.00530941112853475+0j),[0.08789373],[1.],[0.11379057],[1.],"(array([0.06022197]), array([0.0065595]))","(array([0.03407477]), array([-0.01059003]))","(array([0.03240288]), array([-0.01025799]))","(array([0.03151434]), array([-0.00896524]))","(array([0.03025959]), array([-0.01031975]))","(array([0.02942063]), array([-0.01050168]))","(array([0.02859501]), array([-0.01055988]))","(array([0.02776296]), array([-0.01040339]))","(array([0.02757047]), array([-0.00868739]))","(array([0.02851102]), array([-0.0073118]))","(array([0.02895536]), array([-0.01205884]))"
(0.005975865627531674+0j),[0.08411703],[1.],[0.12746587],[1.],"(array([0.06114668]), array([0.00899465]))","(array([0.03240275]), array([-0.01025801]))","(array([0.03151421]), array([-0.00896528]))","(array([0.03025948]), array([-0.01031979]))","(array([0.02942053]), array([-0.01050172]))","(array([0.02859491]), array([-0.01055992]))","(array([0.02776287]), array([-0.01040344]))","(array([0.02757039]), array([-0.00868745]))","(array([0.02851096]), array([-0.00731187]))","(array([0.0289553]), array([-0.01205891]))","(array([0.03049687]), array([-0.01365273]))"
(0.0060639781218855306+0j),[0.08032763],[1.],[0.13126061],[1.],"(array([0.06144441]), array([0.00848744]))","(array([0.03151407]), array([-0.00896531]))","(array([0.03025934]), array([-0.01031982]))","(array([0.0294204]), array([-0.01050176]))","(array([0.02859479]), array([-0.01055996]))","(array([0.02776276]), array([-0.01040348]))","(array([0.02757029]), array([-0.00868751]))","(array([0.02851088]), array([-0.00731194]))","(array([0.02895522]), array([-0.01205899]))","(array([0.03049681]), array([-0.01365281]))","(array([0.03075497]), array([-0.01577821]))"
(0.006157392098861326+0j),[0.07628906],[1.],[0.13506584],[1.],"(array([0.06141213]), array([0.00891506]))","(array([0.03025917]), array([-0.01031984]))","(array([0.02942024]), array([-0.01050178]))","(array([0.02859465]), array([-0.01056]))","(array([0.02776262]), array([-0.01040353]))","(array([0.02757017]), array([-0.00868757]))","(array([0.02851077]), array([-0.00731202]))","(array([0.02895512]), array([-0.01205906]))","(array([0.03049672]), array([-0.0136529]))","(array([0.03075489]), array([-0.0157783]))","(array([0.03043398]), array([-0.01695244]))"
(0.006285323951881763+0j),[0.07365088],[1.],[0.13839438],[1.],"(array([0.0610246]), array([0.00670592]))","(array([0.02942007]), array([-0.01050179]))","(array([0.02859449]), array([-0.01056002]))","(array([0.02776248]), array([-0.01040356]))","(array([0.02757003]), array([-0.00868761]))","(array([0.02851065]), array([-0.00731209]))","(array([0.02895501]), array([-0.01205913]))","(array([0.03049662]), array([-0.01365298]))","(array([0.0307548]), array([-0.01577838]))","(array([0.0304339]), array([-0.01695253]))","(array([0.03012754]), array([-0.01813091]))"
(0.008693392187368174+0j),[0.07143499],[1.],[0.17018945],[1.],"(array([0.0641749]), array([0.00594783]))","(array([0.02859434]), array([-0.01056003]))","(array([0.02776234]), array([-0.01040358]))","(array([0.02756991]), array([-0.00868765]))","(array([0.02851054]), array([-0.00731214]))","(array([0.0289549]), array([-0.01205919]))","(array([0.03049652]), array([-0.01365304]))","(array([0.03075471]), array([-0.01577845]))","(array([0.03043382]), array([-0.01695261]))","(array([0.03012747]), array([-0.01813099]))","(array([0.03162329]), array([-0.02187388]))"
(0.011470227985323277+0j),[0.07738551],[1.],[0.19734736],[1.],"(array([0.07033824]), array([0.00540195]))","(array([0.02776222]), array([-0.01040358]))","(array([0.02756979]), array([-0.00868767]))","(array([0.02851043]), array([-0.00731219]))","(array([0.0289548]), array([-0.01205923]))","(array([0.03049643]), array([-0.0136531]))","(array([0.03075462]), array([-0.01577851]))","(array([0.03043374]), array([-0.01695267]))","(array([0.03012739]), array([-0.01813106]))","(array([0.03162322]), array([-0.02187395]))","(array([0.03469549]), array([-0.0281704]))"
(0.014506454736907879+0j),[0.08834186],[1.],[0.22117292],[1.],"(array([0.07547254]), array([0.00686117]))","(array([0.02756968]), array([-0.00868769]))","(array([0.02851033]), array([-0.00731222]))","(array([0.02895471]), array([-0.01205926]))","(array([0.03049634]), array([-0.01365314]))","(array([0.03075454]), array([-0.01577856]))","(array([0.03043366]), array([-0.01695272]))","(array([0.03012732]), array([-0.01813111]))","(array([0.03162316]), array([-0.02187401]))","(array([0.03469543]), array([-0.02817046]))","(array([0.03880694]), array([-0.03268608]))"
(0.014409737637512422+0j),[0.08919854],[1.],[0.21985779],[1.],"(array([0.0774454]), array([0.01094354]))","(array([0.02851023]), array([-0.00731224]))","(array([0.02895461]), array([-0.01205929]))","(array([0.03049625]), array([-0.01365317]))","(array([0.03075446]), array([-0.0157786]))","(array([0.03043359]), array([-0.01695276]))","(array([0.03012725]), array([-0.01813116]))","(array([0.03162309]), array([-0.02187406]))","(array([0.03469537]), array([-0.02817052]))","(array([0.03880688]), array([-0.03268614]))","(array([0.04193905]), array([-0.03337812]))"
(0.014278895279254017+0j),[0.08671133],[1.],[0.2196046],[1.],"(array([0.07807435]), array([0.0124746]))","(array([0.02895452]), array([-0.0120593]))","(array([0.03049617]), array([-0.0136532]))","(array([0.03075437]), array([-0.01577863]))","(array([0.03043351]), array([-0.0169528]))","(array([0.03012718]), array([-0.0181312]))","(array([0.03162302]), array([-0.0218741]))","(array([0.03469531]), array([-0.02817057]))","(array([0.03880683]), array([-0.03268619]))","(array([0.04193901]), array([-0.03337818]))","(array([0.04191803]), array([-0.03303045]))"
(0.01419058372422172+0j),[0.09051112],[1.],[0.21719181],[1.],"(array([0.07845125]), array([0.00729634]))","(array([0.03049607]), array([-0.01365322]))","(array([0.03075428]), array([-0.01577865]))","(array([0.03043342]), array([-0.01695283]))","(array([0.03012709]), array([-0.01813124]))","(array([0.03162294]), array([-0.02187414]))","(array([0.03469524]), array([-0.02817061]))","(array([0.03880676]), array([-0.03268624]))","(array([0.04193895]), array([-0.03337824]))","(array([0.04191798]), array([-0.03303051]))","(array([0.0415109]), array([-0.0331877]))"
(0.013601239012500564+0j),[0.09272069],[1.],[0.21082444],[1.],"(array([0.07893515]), array([0.0065773]))","(array([0.03075417]), array([-0.01577867]))","(array([0.03043331]), array([-0.01695286]))","(array([0.03012699]), array([-0.01813127]))","(array([0.03162285]), array([-0.02187418]))","(array([0.03469515]), array([-0.02817066]))","(array([0.03880668]), array([-0.0326863]))","(array([0.04193888]), array([-0.0333783]))","(array([0.04191791]), array([-0.03303058]))","(array([0.04151084]), array([-0.03318777]))","(array([0.04173975]), array([-0.03183431]))"
(0.01306847436209941+0j),[0.10787132],[1.],[0.19827693],[1.],"(array([0.07778701]), array([0.00499002]))","(array([0.03043317]), array([-0.01695288]))","(array([0.03012685]), array([-0.0181313]))","(array([0.03162271]), array([-0.02187422]))","(array([0.03469502]), array([-0.02817071]))","(array([0.03880657]), array([-0.03268636]))","(array([0.04193877]), array([-0.03337837]))","(array([0.04191782]), array([-0.03303066]))","(array([0.04151076]), array([-0.03318785]))","(array([0.04173968]), array([-0.0318344]))","(array([0.04150272]), array([-0.03034742]))"
(0.012596669808082906+0j),[0.09780522],[1.],[0.19882168],[1.],"(array([0.07471502]), array([0.0071763]))","(array([0.03012665]), array([-0.01813132]))","(array([0.03162252]), array([-0.02187426]))","(array([0.03469484]), array([-0.02817076]))","(array([0.0388064]), array([-0.03268643]))","(array([0.04193862]), array([-0.03337846]))","(array([0.04191768]), array([-0.03303076]))","(array([0.04151063]), array([-0.03318796]))","(array([0.04173956]), array([-0.03183452]))","(array([0.04150262]), array([-0.03034754]))","(array([0.04303752]), array([-0.0262848]))"
(0.01379034759765989+0j),[0.08360757],[1.],[0.21618981],[1.],"(array([0.07628611]), array([0.00381278]))","(array([0.03162226]), array([-0.02187428]))","(array([0.03469459]), array([-0.0281708]))","(array([0.03880616]), array([-0.0326865]))","(array([0.0419384]), array([-0.03337857]))","(array([0.04191747]), array([-0.03303087]))","(array([0.04151044]), array([-0.03318809]))","(array([0.04173939]), array([-0.03183466]))","(array([0.04150246]), array([-0.03034769]))","(array([0.0430374]), array([-0.02628497]))","(array([0.04208402]), array([-0.02900345]))"
(0.015020289282082013+0j),[0.08134013],[1.],[0.22773383],[1.],"(array([0.08155657]), array([-0.00296186]))","(array([0.03469426]), array([-0.02817083]))","(array([0.03880585]), array([-0.03268656]))","(array([0.04193811]), array([-0.03337867]))","(array([0.0419172]), array([-0.033031]))","(array([0.04151019]), array([-0.03318822]))","(array([0.04173916]), array([-0.03183481]))","(array([0.04150225]), array([-0.03034786]))","(array([0.04303722]), array([-0.02628516]))","(array([0.04208385]), array([-0.02900364]))","(array([0.04134596]), array([-0.03378847]))"
(0.016220958156198353+0j),[0.086366],[1.],[0.23586064],[1.],"(array([0.08708339]), array([-0.00960394]))","(array([0.03880549]), array([-0.03268661]))","(array([0.04193777]), array([-0.03337876]))","(array([0.04191688]), array([-0.03303111]))","(array([0.04150988]), array([-0.03318836]))","(array([0.04173888]), array([-0.03183497]))","(array([0.041502]), array([-0.03034804]))","(array([0.043037]), array([-0.02628537]))","(array([0.04208364]), array([-0.02900386]))","(array([0.04134576]), array([-0.03378867]))","(array([0.04227415]), array([-0.0360872]))"
(0.018747307844619462+0j),[0.08632987],[1.],[0.25557887],[1.],"(array([0.09410661]), array([-0.01290564]))","(array([0.04193738]), array([-0.03337883]))","(array([0.04191651]), array([-0.03303122]))","(array([0.04150953]), array([-0.03318849]))","(array([0.04173855]), array([-0.03183513]))","(array([0.0415017]), array([-0.03034822]))","(array([0.04303674]), array([-0.02628559]))","(array([0.04208338]), array([-0.02900408]))","(array([0.04134551]), array([-0.03378889]))","(array([0.04227393]), array([-0.03608743]))","(array([0.04478161]), array([-0.03800203]))"
(0.021233536211671948+0j),[0.09149907],[1.],[0.27174399],[1.],"(array([0.10147781]), array([-0.01359299]))","(array([0.04191609]), array([-0.03303132]))","(array([0.04150914]), array([-0.03318861]))","(array([0.04173818]), array([-0.03183529]))","(array([0.04150135]), array([-0.0303484]))","(array([0.04303643]), array([-0.02628582]))","(array([0.04208309]), array([-0.0290043]))","(array([0.04134523]), array([-0.03378912]))","(array([0.04227367]), array([-0.03608766]))","(array([0.04478138]), array([-0.03800228]))","(array([0.04690552]), array([-0.04167095]))"
(0.023729752958801236+0j),[0.0599215],[1.],[0.2966824],[1.],"(array([0.10499262]), array([-0.01212236]))","(array([0.04150871]), array([-0.03318872]))","(array([0.04173778]), array([-0.03183543]))","(array([0.04150097]), array([-0.03034858]))","(array([0.04303609]), array([-0.02628604]))","(array([0.04208277]), array([-0.02900453]))","(array([0.04134492]), array([-0.03378934]))","(array([0.04227338]), array([-0.0360879]))","(array([0.04478111]), array([-0.03800253]))","(array([0.04690529]), array([-0.04167121]))","(array([0.04964625]), array([-0.04417175]))"
(0.02742793436219701+0j),[0.0523243],[1.],[0.32050457],[1.],"(array([0.11085682]), array([-0.01922537]))","(array([0.04173734]), array([-0.03183556]))","(array([0.04150056]), array([-0.03034874]))","(array([0.04303571]), array([-0.02628625]))","(array([0.04208241]), array([-0.02900475]))","(array([0.04134457]), array([-0.03378956]))","(array([0.04227306]), array([-0.03608813]))","(array([0.04478082]), array([-0.03800279]))","(array([0.04690502]), array([-0.04167148]))","(array([0.04964601]), array([-0.04417203]))","(array([0.04676698]), array([-0.05307591]))"
(0.031154883602440227+0j),[0.04542853],[1.],[0.3423206],[1.],"(array([0.1162848]), array([-0.01958226]))","(array([0.04150011]), array([-0.03034888]))","(array([0.0430353]), array([-0.02628646]))","(array([0.04208201]), array([-0.02900496]))","(array([0.04134419]), array([-0.03378977]))","(array([0.0422727]), array([-0.03608836]))","(array([0.0447805]), array([-0.03800304]))","(array([0.04690473]), array([-0.04167174]))","(array([0.04964575]), array([-0.04417231]))","(array([0.04676672]), array([-0.05307617]))","(array([0.04788573]), array([-0.05843371]))"
(0.03489288131234746+0j),[0.02676302],[1.],[0.36356829],[1.],"(array([0.12081738]), array([-0.01965417]))","(array([0.04303489]), array([-0.02628663]))","(array([0.04208162]), array([-0.02900514]))","(array([0.04134381]), array([-0.03378995]))","(array([0.04227234]), array([-0.03608856]))","(array([0.04478017]), array([-0.03800326]))","(array([0.04690443]), array([-0.04167198]))","(array([0.04964548]), array([-0.04417256]))","(array([0.04676645]), array([-0.05307641]))","(array([0.04788548]), array([-0.05843395]))","(array([0.04892085]), array([-0.06334376]))"
(0.037260058810995866+0j),[0.01951287],[1.],[0.37543556],[1.],"(array([0.12626647]), array([-0.01979802]))","(array([0.04208123]), array([-0.0290053]))","(array([0.04134343]), array([-0.03379012]))","(array([0.04227199]), array([-0.03608874]))","(array([0.04477985]), array([-0.03800347]))","(array([0.04690413]), array([-0.0416722]))","(array([0.04964521]), array([-0.0441728]))","(array([0.04676618]), array([-0.05307663]))","(array([0.04788523]), array([-0.05843417]))","(array([0.04892062]), array([-0.06334398]))","(array([0.04723543]), array([-0.06883664]))"
(0.03960065667141807+0j),[0.01903575],[1.],[0.3863038],[1.],"(array([0.12792698]), array([-0.02404967]))","(array([0.04134307]), array([-0.03379025]))","(array([0.04227165]), array([-0.0360889]))","(array([0.04477953]), array([-0.03800365]))","(array([0.04690383]), array([-0.0416724]))","(array([0.04964495]), array([-0.04417302]))","(array([0.04676592]), array([-0.05307683]))","(array([0.047885]), array([-0.05843438]))","(array([0.04892041]), array([-0.06334419]))","(array([0.04723522]), array([-0.06883684]))","(array([0.04721488]), array([-0.07186705]))"
(0.041918423730447435+0j),[0.03019334],[1.],[0.39595088],[1.],"(array([0.12957679]), array([-0.02882951]))","(array([0.04227126]), array([-0.03608905]))","(array([0.04477917]), array([-0.03800383]))","(array([0.0469035]), array([-0.0416726]))","(array([0.04964465]), array([-0.04417324]))","(array([0.04676562]), array([-0.05307703]))","(array([0.04788472]), array([-0.05843459]))","(array([0.04892015]), array([-0.0633444]))","(array([0.04723499]), array([-0.06883705]))","(array([0.04721467]), array([-0.07186726]))","(array([0.04841331]), array([-0.07393257]))"
(0.04210260085956945+0j),[0.01811231],[1.],[0.3970114],[1.],"(array([0.13153089]), array([-0.02862253]))","(array([0.04477875]), array([-0.038004]))","(array([0.04690311]), array([-0.04167279]))","(array([0.04964429]), array([-0.04417346]))","(array([0.04676527]), array([-0.05307723]))","(array([0.04788439]), array([-0.0584348]))","(array([0.04891986]), array([-0.06334462]))","(array([0.04723471]), array([-0.06883726]))","(array([0.04721442]), array([-0.07186747]))","(array([0.04841309]), array([-0.07393279]))","(array([0.05109635]), array([-0.07356818]))"
(0.042121944416542566+0j),[-0.00600514],[1.],[0.3970057],[1.],"(array([0.13421134]), array([-0.03314741]))","(array([0.04690264]), array([-0.04167298]))","(array([0.04964386]), array([-0.04417369]))","(array([0.04676485]), array([-0.05307744]))","(array([0.04788401]), array([-0.05843501]))","(array([0.0489195]), array([-0.06334484]))","(array([0.04723438]), array([-0.06883748]))","(array([0.04721412]), array([-0.0718677]))","(array([0.04841282]), array([-0.07393303]))","(array([0.05109612]), array([-0.07356843]))","(array([0.04892262]), array([-0.07502296]))"
(0.04194136084986751+0j),[0.00801022],[1.],[0.39574314],[1.],"(array([0.13628343]), array([-0.0420306]))","(array([0.0496434]), array([-0.04417389]))","(array([0.04676441]), array([-0.05307762]))","(array([0.04788359]), array([-0.05843521]))","(array([0.04891912]), array([-0.06334505]))","(array([0.04723402]), array([-0.06883769]))","(array([0.0472138]), array([-0.07186791]))","(array([0.04841253]), array([-0.07393325]))","(array([0.05109586]), array([-0.07356867]))","(array([0.04892239]), array([-0.0750232]))","(array([0.04438107]), array([-0.07758521]))"
(0.038732732971348806+0j),[0.04711205],[1.],[0.37742422],[1.],"(array([0.13709786]), array([-0.04138559]))","(array([0.04676394]), array([-0.05307778]))","(array([0.04788316]), array([-0.05843539]))","(array([0.04891871]), array([-0.06334525]))","(array([0.04723365]), array([-0.06883788]))","(array([0.04721346]), array([-0.07186812]))","(array([0.04841223]), array([-0.07393347]))","(array([0.0510956]), array([-0.07356891]))","(array([0.04892214]), array([-0.07502344]))","(array([0.04438084]), array([-0.07758543]))","(array([0.04614236]), array([-0.07434397]))"
(0.036158368306969765+0j),[0.0564669],[1.],[0.36309568],[1.],"(array([0.13026024]), array([-0.04147144]))","(array([0.04788272]), array([-0.05843554]))","(array([0.04891831]), array([-0.06334542]))","(array([0.04723327]), array([-0.06883806]))","(array([0.04721311]), array([-0.0718683]))","(array([0.04841191]), array([-0.07393368]))","(array([0.05109532]), array([-0.07356913]))","(array([0.04892189]), array([-0.07502366]))","(array([0.0443806]), array([-0.07758565]))","(array([0.04614216]), array([-0.07434419]))","(array([0.05179988]), array([-0.06650709]))"
(0.033847263973412485+0j),[0.06606753],[1.],[0.34932684],[1.],"(array([0.1282032]), array([-0.04463482]))","(array([0.04891792]), array([-0.06334556]))","(array([0.04723291]), array([-0.0688382]))","(array([0.04721278]), array([-0.07186846]))","(array([0.04841161]), array([-0.07393385]))","(array([0.05109505]), array([-0.07356932]))","(array([0.04892164]), array([-0.07502386]))","(array([0.04438037]), array([-0.07758583]))","(array([0.04614196]), array([-0.0743444]))","(array([0.05179972]), array([-0.06650731]))","(array([0.05211233]), array([-0.06265953]))"
(0.03429378052146924+0j),[0.05902854],[1.],[0.3529273],[1.],"(array([0.12771797]), array([-0.04730901]))","(array([0.04723257]), array([-0.06883831]))","(array([0.04721247]), array([-0.07186859]))","(array([0.04841133]), array([-0.073934]))","(array([0.0510948]), array([-0.07356949]))","(array([0.04892141]), array([-0.07502403]))","(array([0.04438015]), array([-0.077586]))","(array([0.04614177]), array([-0.07434457]))","(array([0.05179957]), array([-0.06650751]))","(array([0.0521122]), array([-0.06265973]))","(array([0.05328836]), array([-0.06022484]))"
(0.034792587568089624+0j),[0.07215689],[1.],[0.35305861],[1.],"(array([0.1268597]), array([-0.0542164]))","(array([0.04721219]), array([-0.07186869]))","(array([0.04841108]), array([-0.07393411]))","(array([0.05109457]), array([-0.07356963]))","(array([0.0489212]), array([-0.07502417]))","(array([0.04437996]), array([-0.07758613]))","(array([0.0461416]), array([-0.07434472]))","(array([0.05179943]), array([-0.06650767]))","(array([0.05211208]), array([-0.0626599]))","(array([0.05328826]), array([-0.06022502]))","(array([0.05247673]), array([-0.06164839]))"
(0.0353740009240396+0j),[0.10638749],[1.],[0.3473081],[1.],"(array([0.12686358]), array([-0.05428658]))","(array([0.04841086]), array([-0.07393419]))","(array([0.05109438]), array([-0.07356973]))","(array([0.04892102]), array([-0.07502428]))","(array([0.04437979]), array([-0.07758624]))","(array([0.04614145]), array([-0.07434484]))","(array([0.05179931]), array([-0.06650781]))","(array([0.05211197]), array([-0.06266004]))","(array([0.05328816]), array([-0.06022517]))","(array([0.05247665]), array([-0.06164854]))","(array([0.05505242]), array([-0.06018925]))"
(0.03815074545483511+0j),[0.08346339],[1.],[0.3675571],[1.],"(array([0.12797358]), array([-0.04877703]))","(array([0.0510942]), array([-0.07356981]))","(array([0.04892085]), array([-0.07502437]))","(array([0.04437963]), array([-0.07758633]))","(array([0.04614131]), array([-0.07434493]))","(array([0.05179919]), array([-0.06650792]))","(array([0.05211187]), array([-0.06266016]))","(array([0.05328807]), array([-0.06022529]))","(array([0.05247656]), array([-0.06164866]))","(array([0.05505235]), array([-0.06018938]))","(array([0.06156826]), array([-0.0563249]))"
(0.04064105604904578+0j),[0.10967444],[1.],[0.37279671],[1.],"(array([0.13502167]), array([-0.05347]))","(array([0.0489207]), array([-0.07502444]))","(array([0.04437948]), array([-0.0775864]))","(array([0.04614118]), array([-0.07434502]))","(array([0.05179908]), array([-0.06650802]))","(array([0.05211177]), array([-0.06266027]))","(array([0.05328799]), array([-0.0602254]))","(array([0.05247648]), array([-0.06164877]))","(array([0.05505228]), array([-0.0601895]))","(array([0.06156821]), array([-0.05632502]))","(array([0.05937083]), array([-0.06263353]))"
(0.043295790635038044+0j),[0.08470148],[1.],[0.39141207],[1.],"(array([0.13402953]), array([-0.04913503]))","(array([0.04437935]), array([-0.07758646]))","(array([0.04614106]), array([-0.07434508]))","(array([0.05179898]), array([-0.06650811]))","(array([0.05211168]), array([-0.06266036]))","(array([0.05328791]), array([-0.0602255]))","(array([0.05247641]), array([-0.06164887]))","(array([0.05505222]), array([-0.0601896]))","(array([0.06156816]), array([-0.05632513]))","(array([0.05937078]), array([-0.06263364]))","(array([0.06497542]), array([-0.06076181]))"
(0.03995911400122277+0j),[0.11921841],[1.],[0.36551843],[1.],"(array([0.13045848]), array([-0.05712947]))","(array([0.04614095]), array([-0.07434514]))","(array([0.05179888]), array([-0.06650818]))","(array([0.05211159]), array([-0.06266043]))","(array([0.05328783]), array([-0.06022558]))","(array([0.05247633]), array([-0.06164895]))","(array([0.05505215]), array([-0.06018968]))","(array([0.06156811]), array([-0.05632522]))","(array([0.05937072]), array([-0.06263373]))","(array([0.06497539]), array([-0.06076191]))","(array([0.06075593]), array([-0.06431831]))"
(0.03712135630481067+0j),[0.13989497],[1.],[0.34285763],[1.],"(array([0.12648579]), array([-0.04636764]))","(array([0.05179879]), array([-0.06650823]))","(array([0.0521115]), array([-0.06266049]))","(array([0.05328775]), array([-0.06022564]))","(array([0.05247626]), array([-0.06164902]))","(array([0.05505209]), array([-0.06018976]))","(array([0.06156806]), array([-0.0563253]))","(array([0.05937067]), array([-0.06263381]))","(array([0.06497534]), array([-0.06076199]))","(array([0.06075589]), array([-0.06431839]))","(array([0.06440173]), array([-0.055592]))"
(0.03438008920042452+0j),[0.14114455],[1.],[0.32698226],[1.],"(array([0.12702779]), array([-0.03416803]))","(array([0.05211141]), array([-0.06266055]))","(array([0.05328766]), array([-0.0602257]))","(array([0.05247618]), array([-0.06164908]))","(array([0.05505201]), array([-0.06018982]))","(array([0.061568]), array([-0.05632538]))","(array([0.05937061]), array([-0.06263388]))","(array([0.06497529]), array([-0.06076207]))","(array([0.06075584]), array([-0.06431846]))","(array([0.06440169]), array([-0.05559208]))","(array([0.06562203]), array([-0.04898019]))"
(0.03705067163620706+0j),[0.15013883],[1.],[0.33781818],[1.],"(array([0.12720484]), array([-0.03013926]))","(array([0.05328754]), array([-0.06022577]))","(array([0.05247607]), array([-0.06164915]))","(array([0.05505191]), array([-0.0601899]))","(array([0.0615679]), array([-0.05632547]))","(array([0.05937052]), array([-0.06263397]))","(array([0.06497522]), array([-0.06076216]))","(array([0.06075577]), array([-0.06431856]))","(array([0.06440163]), array([-0.05559218]))","(array([0.06562198]), array([-0.0489803]))","(array([0.06571109]), array([-0.04877226]))"
(0.03958823303346441+0j),[0.17900298],[1.],[0.33735837],[1.],"(array([0.13071402]), array([-0.02579499]))","(array([0.05247592]), array([-0.06164922]))","(array([0.05505177]), array([-0.06018999]))","(array([0.06156778]), array([-0.05632557]))","(array([0.0593704]), array([-0.06263407]))","(array([0.06497512]), array([-0.06076227]))","(array([0.06075566]), array([-0.06431866]))","(array([0.06440154]), array([-0.05559229]))","(array([0.06562191]), array([-0.04898041]))","(array([0.06571102]), array([-0.04877238]))","(array([0.0685313]), array([-0.04983802]))"
(0.04213053684304337+0j),[0.16496788],[1.],[0.35731577],[1.],"(array([0.12979865]), array([-0.0208447]))","(array([0.05505162]), array([-0.06019006]))","(array([0.06156764]), array([-0.05632567]))","(array([0.05937027]), array([-0.06263416]))","(array([0.06497499]), array([-0.06076238]))","(array([0.06075554]), array([-0.06431877]))","(array([0.06440144]), array([-0.0555924]))","(array([0.06562182]), array([-0.04898053]))","(array([0.06571095]), array([-0.0487725]))","(array([0.06853124]), array([-0.04983815]))","(array([0.07399925]), array([-0.04656131]))"
(0.042563735851974684+0j),[0.18635326],[1.],[0.34848228],[1.],"(array([0.13559664]), array([-0.02251272]))","(array([0.06156751]), array([-0.05632575]))","(array([0.05937013]), array([-0.06263424]))","(array([0.06497487]), array([-0.06076247]))","(array([0.06075542]), array([-0.06431886]))","(array([0.06440134]), array([-0.0555925]))","(array([0.06562173]), array([-0.04898064]))","(array([0.06571087]), array([-0.04877261]))","(array([0.06853117]), array([-0.04983826]))","(array([0.0739992]), array([-0.04656143]))","(array([0.07290218]), array([-0.05091548]))"
(0.04266700192448163+0j),[0.19653119],[1.],[0.3429929],[1.],"(array([0.14001546]), array([-0.01403888]))","(array([0.05937]), array([-0.06263431]))","(array([0.06497475]), array([-0.06076255]))","(array([0.0607553]), array([-0.06431893]))","(array([0.06440123]), array([-0.05559259]))","(array([0.06562163]), array([-0.04898073]))","(array([0.06571078]), array([-0.0487727]))","(array([0.0685311]), array([-0.04983836]))","(array([0.07399915]), array([-0.04656154]))","(array([0.07290213]), array([-0.05091558]))","(array([0.07584561]), array([-0.04679459]))"
(0.04301689284554187+0j),[0.19875733],[1.],[0.34312776],[1.],"(array([0.13665866]), array([-0.01795693]))","(array([0.06497463]), array([-0.06076262]))","(array([0.06075519]), array([-0.064319]))","(array([0.06440113]), array([-0.05559267]))","(array([0.06562154]), array([-0.04898082]))","(array([0.0657107]), array([-0.04877279]))","(array([0.06853102]), array([-0.04983845]))","(array([0.07399909]), array([-0.04656164]))","(array([0.07290207]), array([-0.05091568]))","(array([0.07584557]), array([-0.04679469]))","(array([0.07733619]), array([-0.04459536]))"
(0.03859664938801949+0j),[0.22042288],[1.],[0.30371007],[1.],"(array([0.13935037]), array([-0.01563496]))","(array([0.06075508]), array([-0.06431904]))","(array([0.06440103]), array([-0.05559272]))","(array([0.06562145]), array([-0.04898088]))","(array([0.06571061]), array([-0.04877285]))","(array([0.06853095]), array([-0.04983852]))","(array([0.07399903]), array([-0.04656172]))","(array([0.07290202]), array([-0.05091576]))","(array([0.07584552]), array([-0.04679477]))","(array([0.07733615]), array([-0.04459545]))","(array([0.07626966]), array([-0.04184753]))"
(0.03518353020830154+0j),[0.2013849],[1.],[0.2958572],[1.],"(array([0.12655791]), array([-0.01432998]))","(array([0.06440093]), array([-0.05559276]))","(array([0.06562136]), array([-0.04898093]))","(array([0.06571053]), array([-0.04877291]))","(array([0.06853087]), array([-0.04983858]))","(array([0.07399897]), array([-0.04656179]))","(array([0.07290196]), array([-0.05091583]))","(array([0.07584548]), array([-0.04679485]))","(array([0.07733612]), array([-0.04459553]))","(array([0.07626963]), array([-0.0418476]))","(array([0.07619329]), array([-0.03199248]))"
(0.0316641877604464+0j),[0.2009214],[1.],[0.27327976],[1.],"(array([0.12838822]), array([-0.00999528]))","(array([0.06562128]), array([-0.04898096]))","(array([0.06571045]), array([-0.04877294]))","(array([0.0685308]), array([-0.04983862]))","(array([0.07399891]), array([-0.04656184]))","(array([0.0729019]), array([-0.05091589]))","(array([0.07584543]), array([-0.04679491]))","(array([0.07733608]), array([-0.04459559]))","(array([0.0762696]), array([-0.04184767]))","(array([0.07619326]), array([-0.03199254]))","(array([0.07148229]), array([-0.03261594]))"
(0.032832561523848766+0j),[0.18537339],[1.],[0.29189993],[1.],"(array([0.12813798]), array([-0.003645]))","(array([0.06571038]), array([-0.04877297]))","(array([0.06853074]), array([-0.04983866]))","(array([0.07399885]), array([-0.04656188]))","(array([0.07290185]), array([-0.05091593]))","(array([0.07584539]), array([-0.04679496]))","(array([0.07733604]), array([-0.04459564]))","(array([0.07626957]), array([-0.04184772]))","(array([0.07619324]), array([-0.0319926]))","(array([0.07148226]), array([-0.03261599]))","(array([0.0705205]), array([-0.03147313]))"
(0.03399562508035435+0j),[0.18490062],[1.],[0.29972925],[1.],"(array([0.132312]), array([-0.00686595]))","(array([0.06853068]), array([-0.04983868]))","(array([0.0739988]), array([-0.04656192]))","(array([0.0729018]), array([-0.05091597]))","(array([0.07584534]), array([-0.046795]))","(array([0.077336]), array([-0.04459569]))","(array([0.07626953]), array([-0.04184777]))","(array([0.07619322]), array([-0.03199265]))","(array([0.07148224]), array([-0.03261604]))","(array([0.07052048]), array([-0.03147318]))","(array([0.0695934]), array([-0.03672524]))"
(0.03505170315756415+0j),[0.19248712],[1.],[0.30163599],[1.],"(array([0.13677895]), array([-0.00801137]))","(array([0.07399875]), array([-0.04656194]))","(array([0.07290175]), array([-0.05091599]))","(array([0.0758453]), array([-0.04679503]))","(array([0.07733596]), array([-0.04459572]))","(array([0.0762695]), array([-0.04184781]))","(array([0.07619319]), array([-0.03199269]))","(array([0.07148221]), array([-0.03261608]))","(array([0.07052046]), array([-0.03147322]))","(array([0.06959338]), array([-0.03672528]))","(array([0.07034769]), array([-0.03819113]))"
(0.03215220913224581+0j),[0.17141748],[1.],[0.29658603],[1.],"(array([0.13994122]), array([-0.00314322]))","(array([0.0729017]), array([-0.050916]))","(array([0.07584525]), array([-0.04679505]))","(array([0.07733592]), array([-0.04459575]))","(array([0.07626946]), array([-0.04184784]))","(array([0.07619315]), array([-0.03199272]))","(array([0.07148218]), array([-0.03261611]))","(array([0.07052043]), array([-0.03147325]))","(array([0.06959335]), array([-0.03672531]))","(array([0.07034766]), array([-0.03819117]))","(array([0.07057299]), array([-0.03539855]))"
(0.02955758043770655+0j),[0.17635718],[1.],[0.27699003],[1.],"(array([0.13776152]), array([-0.01201603]))","(array([0.0758452]), array([-0.04679506]))","(array([0.07733588]), array([-0.04459576]))","(array([0.07626942]), array([-0.04184785]))","(array([0.07619311]), array([-0.03199274]))","(array([0.07148214]), array([-0.03261613]))","(array([0.07052039]), array([-0.03147327]))","(array([0.06959332]), array([-0.03672534]))","(array([0.07034763]), array([-0.0381912]))","(array([0.07057297]), array([-0.03539858]))","(array([0.0661183]), array([-0.03672032]))"
(0.027099425047433803+0j),[0.18009765],[1.],[0.25768791],[1.],"(array([0.13632899]), array([-0.00690225]))","(array([0.07733584]), array([-0.04459576]))","(array([0.07626938]), array([-0.04184786]))","(array([0.07619308]), array([-0.03199275]))","(array([0.0714821]), array([-0.03261614]))","(array([0.07052036]), array([-0.03147329]))","(array([0.06959329]), array([-0.03672536]))","(array([0.07034761]), array([-0.03819122]))","(array([0.07057294]), array([-0.0353986]))","(array([0.06611827]), array([-0.03672034]))","(array([0.0647901]), array([-0.03243414]))"
(0.029213001060384162+0j),[0.17276959],[1.],[0.27788927],[1.],"(array([0.13715552]), array([-0.00393229]))","(array([0.07626935]), array([-0.04184786]))","(array([0.07619305]), array([-0.03199276]))","(array([0.07148207]), array([-0.03261615]))","(array([0.07052033]), array([-0.03147329]))","(array([0.06959326]), array([-0.03672536]))","(array([0.07034758]), array([-0.03819123]))","(array([0.07057292]), array([-0.03539861]))","(array([0.06611825]), array([-0.03672035]))","(array([0.06479008]), array([-0.03243415]))","(array([0.06512545]), array([-0.03147367]))"
(0.03135139977244077+0j),[0.17116777],[1.],[0.29321125],[1.],"(array([0.1405419]), array([-0.00287327]))","(array([0.07619302]), array([-0.03199275]))","(array([0.07148205]), array([-0.03261614]))","(array([0.0705203]), array([-0.03147329]))","(array([0.06959324]), array([-0.03672536]))","(array([0.07034756]), array([-0.03819123]))","(array([0.0705729]), array([-0.03539862]))","(array([0.06611823]), array([-0.03672036]))","(array([0.06479006]), array([-0.03243416]))","(array([0.06512544]), array([-0.03147368]))","(array([0.06588926]), array([-0.03617441]))"
(0.03329704253849014+0j),[0.18294192],[1.],[0.29867117],[1.],"(array([0.14382656]), array([0.00637911]))","(array([0.07148202]), array([-0.03261612]))","(array([0.07052028]), array([-0.03147327]))","(array([0.06959322]), array([-0.03672535]))","(array([0.07034754]), array([-0.03819122]))","(array([0.07057288]), array([-0.03539861]))","(array([0.06611822]), array([-0.03672035]))","(array([0.06479004]), array([-0.03243416]))","(array([0.06512542]), array([-0.03147368]))","(array([0.06588924]), array([-0.03617441]))","(array([0.06704778]), array([-0.03938647]))"
(0.03287798551991714+0j),[0.18384293],[1.],[0.29549713],[1.],"(array([0.1387047]), array([0.00835172]))","(array([0.07052026]), array([-0.03147325]))","(array([0.0695932]), array([-0.03672533]))","(array([0.07034752]), array([-0.03819121]))","(array([0.07057286]), array([-0.0353986]))","(array([0.0661182]), array([-0.03672035]))","(array([0.06479002]), array([-0.03243415]))","(array([0.0651254]), array([-0.03147368]))","(array([0.06588923]), array([-0.03617441]))","(array([0.06704776]), array([-0.03938647]))","(array([0.06909052]), array([-0.03773266]))"
(0.03249382623789849+0j),[0.2010654],[1.],[0.28154466],[1.],"(array([0.13707211]), array([0.0096657]))","(array([0.06959318]), array([-0.03672531]))","(array([0.0703475]), array([-0.03819119]))","(array([0.07057284]), array([-0.03539859]))","(array([0.06611818]), array([-0.03672033]))","(array([0.06479]), array([-0.03243414]))","(array([0.06512538]), array([-0.03147367]))","(array([0.06588921]), array([-0.0361744]))","(array([0.06704775]), array([-0.03938647]))","(array([0.06909051]), array([-0.03773266]))","(array([0.06890329]), array([-0.03706615]))"
(0.03227168586328462+0j),[0.18466283],[1.],[0.2910432],[1.],"(array([0.13309841]), array([0.00833049]))","(array([0.07034749]), array([-0.03819116]))","(array([0.07057282]), array([-0.03539857]))","(array([0.06611816]), array([-0.03672031]))","(array([0.06478999]), array([-0.03243412]))","(array([0.06512537]), array([-0.03147366]))","(array([0.06588919]), array([-0.03617439]))","(array([0.06704773]), array([-0.03938646]))","(array([0.06909049]), array([-0.03773265]))","(array([0.06890328]), array([-0.03706615]))","(array([0.07077207]), array([-0.03246928]))"
(0.029261581701139405+0j),[0.16740963],[1.],[0.28196364],[1.],"(array([0.13381213]), array([0.0032984]))","(array([0.07057281]), array([-0.03539854]))","(array([0.06611815]), array([-0.03672029]))","(array([0.06478997]), array([-0.0324341]))","(array([0.06512535]), array([-0.03147364]))","(array([0.06588918]), array([-0.03617438]))","(array([0.06704772]), array([-0.03938645]))","(array([0.06909048]), array([-0.03773264]))","(array([0.06890326]), array([-0.03706614]))","(array([0.07077206]), array([-0.03246928]))","(array([0.06766333]), array([-0.03421725]))"
(0.026425579890859825+0j),[0.17940871],[1.],[0.25452839],[1.],"(array([0.13203718]), array([0.00223694]))","(array([0.06611814]), array([-0.03672026]))","(array([0.06478996]), array([-0.03243408]))","(array([0.06512534]), array([-0.03147362]))","(array([0.06588916]), array([-0.03617436]))","(array([0.0670477]), array([-0.03938643]))","(array([0.06909046]), array([-0.03773263]))","(array([0.06890325]), array([-0.03706613]))","(array([0.07077204]), array([-0.03246927]))","(array([0.06766331]), array([-0.03421724]))","(array([0.06332545]), array([-0.034412]))"
(0.02413702743247231+0j),[0.16322431],[1.],[0.24855315],[1.],"(array([0.1216576]), array([0.00359025]))","(array([0.06478995]), array([-0.03243405]))","(array([0.06512533]), array([-0.03147359]))","(array([0.06588915]), array([-0.03617434]))","(array([0.06704769]), array([-0.03938641]))","(array([0.06909045]), array([-0.03773262]))","(array([0.06890323]), array([-0.03706612]))","(array([0.07077203]), array([-0.03246926]))","(array([0.0676633]), array([-0.03421723]))","(array([0.06332544]), array([-0.03441199]))","(array([0.06267964]), array([-0.02794336]))"
(0.02628708882904194+0j),[0.1752015],[1.],[0.2570391],[1.],"(array([0.12276592]), array([0.00421371]))","(array([0.06512531]), array([-0.03147357]))","(array([0.06588914]), array([-0.03617431]))","(array([0.06704768]), array([-0.0393864]))","(array([0.06909043]), array([-0.0377326]))","(array([0.06890322]), array([-0.03706611]))","(array([0.07077201]), array([-0.03246925]))","(array([0.06766328]), array([-0.03421722]))","(array([0.06332543]), array([-0.03441198]))","(array([0.06267963]), array([-0.02794335]))","(array([0.06072586]), array([-0.03188481]))"
(0.028369832233456828+0j),[0.17216093],[1.],[0.27403144],[1.],"(array([0.12494385]), array([0.00778078]))","(array([0.06588913]), array([-0.03617429]))","(array([0.06704767]), array([-0.03938637]))","(array([0.06909042]), array([-0.03773258]))","(array([0.06890321]), array([-0.03706609]))","(array([0.070772]), array([-0.03246924]))","(array([0.06766327]), array([-0.03421721]))","(array([0.06332541]), array([-0.03441197]))","(array([0.06267961]), array([-0.02794334]))","(array([0.06072585]), array([-0.0318848]))","(array([0.06390451]), array([-0.03217723]))"
(0.03055760369423278+0j),[0.17890135],[1.],[0.28456629],[1.],"(array([0.12940698]), array([0.00252345]))","(array([0.06704765]), array([-0.03938635]))","(array([0.06909041]), array([-0.03773256]))","(array([0.06890319]), array([-0.03706608]))","(array([0.07077198]), array([-0.03246923]))","(array([0.06766325]), array([-0.0342172]))","(array([0.0633254]), array([-0.03441196]))","(array([0.0626796]), array([-0.02794333]))","(array([0.06072583]), array([-0.03188479]))","(array([0.0639045]), array([-0.03217723]))","(array([0.06527214]), array([-0.03565923]))"
(0.029116324590448647+0j),[0.17338769],[1.],[0.27836356],[1.],"(array([0.13017026]), array([0.00087193]))","(array([0.0690904]), array([-0.03773254]))","(array([0.06890318]), array([-0.03706606]))","(array([0.07077197]), array([-0.03246921]))","(array([0.06766324]), array([-0.03421719]))","(array([0.06332538]), array([-0.03441195]))","(array([0.06267958]), array([-0.02794332]))","(array([0.06072582]), array([-0.03188479]))","(array([0.06390448]), array([-0.03217722]))","(array([0.06527212]), array([-0.03565923]))","(array([0.06642598]), array([-0.03453667]))"
(0.027674142218075973+0j),[0.18421872],[1.],[0.2612171],[1.],"(array([0.13080295]), array([0.00127841]))","(array([0.06890317]), array([-0.03706604]))","(array([0.07077195]), array([-0.0324692]))","(array([0.06766322]), array([-0.03421717]))","(array([0.06332537]), array([-0.03441193]))","(array([0.06267957]), array([-0.02794331]))","(array([0.0607258]), array([-0.03188478]))","(array([0.06390447]), array([-0.03217721]))","(array([0.06527211]), array([-0.03565922]))","(array([0.06642596]), array([-0.03453666]))","(array([0.06464074]), array([-0.03393919]))"
(0.026372373425606506+0j),[0.19682456],[1.],[0.24203329],[1.],"(array([0.12685289]), array([0.00431375]))","(array([0.07077194]), array([-0.03246918]))","(array([0.06766321]), array([-0.03421716]))","(array([0.06332535]), array([-0.03441192]))","(array([0.06267955]), array([-0.0279433]))","(array([0.06072579]), array([-0.03188476]))","(array([0.06390445]), array([-0.0321772]))","(array([0.06527209]), array([-0.03565921]))","(array([0.06642595]), array([-0.03453666]))","(array([0.06464073]), array([-0.03393918]))","(array([0.0648108]), array([-0.02949606]))"
(0.022786606849956304+0j),[0.20464877],[1.],[0.20478645],[1.],"(array([0.1223053]), array([0.01157623]))","(array([0.06766319]), array([-0.03421714]))","(array([0.06332534]), array([-0.0344119]))","(array([0.06267953]), array([-0.02794329]))","(array([0.06072577]), array([-0.03188475]))","(array([0.06390444]), array([-0.03217719]))","(array([0.06527208]), array([-0.03565921]))","(array([0.06642593]), array([-0.03453665]))","(array([0.06464071]), array([-0.03393918]))","(array([0.06481078]), array([-0.02949606]))","(array([0.06391112]), array([-0.02260652]))"
(0.019969457824021025+0j),[0.20529907],[1.],[0.17615134],[1.],"(array([0.11107344]), array([0.01159801]))","(array([0.06332532]), array([-0.03441188]))","(array([0.06267951]), array([-0.02794327]))","(array([0.06072575]), array([-0.03188473]))","(array([0.06390441]), array([-0.03217718]))","(array([0.06527205]), array([-0.0356592]))","(array([0.06642591]), array([-0.03453664]))","(array([0.06464069]), array([-0.03393917]))","(array([0.06481076]), array([-0.02949606]))","(array([0.0639111]), array([-0.02260652]))","(array([0.0613822]), array([-0.01468683]))"
(0.01771838119925014+0j),[0.19291068],[1.],[0.16567263],[1.],"(array([0.10053865]), array([0.01155535]))","(array([0.06267949]), array([-0.02794325]))","(array([0.06072573]), array([-0.03188472]))","(array([0.06390439]), array([-0.03217717]))","(array([0.06527203]), array([-0.03565918]))","(array([0.06642588]), array([-0.03453664]))","(array([0.06464067]), array([-0.03393917]))","(array([0.06481074]), array([-0.02949605]))","(array([0.06391108]), array([-0.02260652]))","(array([0.06138217]), array([-0.01468683]))","(array([0.05841544]), array([-0.0092441]))"
(0.019531497334558477+0j),[0.19687272],[1.],[0.18187761],[1.],"(array([0.1027606]), array([0.0151413]))","(array([0.0607257]), array([-0.03188469]))","(array([0.06390437]), array([-0.03217715]))","(array([0.06527201]), array([-0.03565917]))","(array([0.06642586]), array([-0.03453662]))","(array([0.06464064]), array([-0.03393916]))","(array([0.06481072]), array([-0.02949605]))","(array([0.06391105]), array([-0.02260651]))","(array([0.06138215]), array([-0.01468683]))","(array([0.05841542]), array([-0.00924411]))","(array([0.05735286]), array([-0.01316902]))"
(0.02158004669813054+0j),[0.19450292],[1.],[0.20481879],[1.],"(array([0.10440006]), array([0.01216224]))","(array([0.06390434]), array([-0.03217713]))","(array([0.06527198]), array([-0.03565915]))","(array([0.06642583]), array([-0.03453661]))","(array([0.06464062]), array([-0.03393915]))","(array([0.06481069]), array([-0.02949604]))","(array([0.06391102]), array([-0.02260651]))","(array([0.06138213]), array([-0.01468683]))","(array([0.0584154]), array([-0.00924411]))","(array([0.05735284]), array([-0.01316902]))","(array([0.05998293]), array([-0.01579968]))"
(0.02371317384870232+0j),[0.20415166],[1.],[0.21517236],[1.],"(array([0.11252739]), array([0.01135235]))","(array([0.06527195]), array([-0.03565913]))","(array([0.0664258]), array([-0.03453659]))","(array([0.06464058]), array([-0.03393913]))","(array([0.06481065]), array([-0.02949603]))","(array([0.06391099]), array([-0.02260651]))","(array([0.06138209]), array([-0.01468683]))","(array([0.05841536]), array([-0.00924411]))","(array([0.0573528]), array([-0.01316902]))","(array([0.0599829]), array([-0.01579968]))","(array([0.06200915]), array([-0.0203441]))"
(0.023656517079784445+0j),[0.18643609],[1.],[0.23019172],[1.],"(array([0.11401084]), array([0.01007508]))","(array([0.06642574]), array([-0.03453656]))","(array([0.06464053]), array([-0.0339391]))","(array([0.0648106]), array([-0.02949601]))","(array([0.06391093]), array([-0.02260649]))","(array([0.06138204]), array([-0.01468682]))","(array([0.05841531]), array([-0.00924411]))","(array([0.05735275]), array([-0.01316902]))","(array([0.05998285]), array([-0.01579969]))","(array([0.06200911]), array([-0.02034411]))","(array([0.06397642]), array([-0.01934209]))"
(0.023569546552866014+0j),[0.18869752],[1.],[0.22767853],[1.],"(array([0.11843929]), array([0.00727456]))","(array([0.06464044]), array([-0.03393905]))","(array([0.06481051]), array([-0.02949597]))","(array([0.06391084]), array([-0.02260647]))","(array([0.06138195]), array([-0.01468681]))","(array([0.05841522]), array([-0.0092441]))","(array([0.05735266]), array([-0.01316902]))","(array([0.05998277]), array([-0.0157997]))","(array([0.06200903]), array([-0.02034413]))","(array([0.06397635]), array([-0.01934211]))","(array([0.06221626]), array([-0.0241396]))"
(0.023519576616284302+0j),[0.18178122],[1.],[0.2328606],[1.],"(array([0.11614539]), array([0.00835303]))","(array([0.0648104]), array([-0.02949592]))","(array([0.06391073]), array([-0.02260643]))","(array([0.06138183]), array([-0.01468679]))","(array([0.05841511]), array([-0.00924409]))","(array([0.05735255]), array([-0.01316901]))","(array([0.05998266]), array([-0.0157997]))","(array([0.06200892]), array([-0.02034414]))","(array([0.06397625]), array([-0.01934214]))","(array([0.06221617]), array([-0.02413963]))","(array([0.06237849]), array([-0.02345869]))"
(0.02182380096564034+0j),[0.17844359],[1.],[0.22140679],[1.],"(array([0.11598439]), array([0.01116708]))","(array([0.06391061]), array([-0.02260639]))","(array([0.06138171]), array([-0.01468676]))","(array([0.05841498]), array([-0.00924407]))","(array([0.05735243]), array([-0.01316899]))","(array([0.05998255]), array([-0.0157997]))","(array([0.06200881]), array([-0.02034415]))","(array([0.06397615]), array([-0.01934216]))","(array([0.06221607]), array([-0.02413965]))","(array([0.0623784]), array([-0.02345872]))","(array([0.06080219]), array([-0.02398661]))"
(0.020161230233736165+0j),[0.18206613],[1.],[0.20367131],[1.],"(array([0.11259335]), array([0.0171563]))","(array([0.06138157]), array([-0.01468672]))","(array([0.05841485]), array([-0.00924404]))","(array([0.0573523]), array([-0.01316897]))","(array([0.05998242]), array([-0.01579969]))","(array([0.06200869]), array([-0.02034416]))","(array([0.06397603]), array([-0.01934218]))","(array([0.06221595]), array([-0.02413967]))","(array([0.06237829]), array([-0.02345875]))","(array([0.06080208]), array([-0.02398665]))","(array([0.05877688]), array([-0.0222793]))"
(0.018563328829904205+0j),[0.18278234],[1.],[0.18775944],[1.],"(array([0.10623238]), array([0.0256801]))","(array([0.0584147]), array([-0.009244]))","(array([0.05735216]), array([-0.01316893]))","(array([0.05998227]), array([-0.01579968]))","(array([0.06200855]), array([-0.02034415]))","(array([0.0639759]), array([-0.0193422]))","(array([0.06221583]), array([-0.02413969]))","(array([0.06237817]), array([-0.02345878]))","(array([0.06080197]), array([-0.02398668]))","(array([0.05877677]), array([-0.02227934]))","(array([0.05738413]), array([-0.01865868]))"
(0.01795381925275098+0j),[0.18688094],[1.],[0.17769518],[1.],"(array([0.10088576]), array([0.03114805]))","(array([0.05735201]), array([-0.01316889]))","(array([0.05998213]), array([-0.01579965]))","(array([0.06200841]), array([-0.02034414]))","(array([0.06397576]), array([-0.01934221]))","(array([0.0622157]), array([-0.0241397]))","(array([0.06237804]), array([-0.0234588]))","(array([0.06080185]), array([-0.02398671]))","(array([0.05877666]), array([-0.02227938]))","(array([0.05738402]), array([-0.01865873]))","(array([0.05621611]), array([-0.01658515]))"
(0.017465923491243693+0j),[0.18383784],[1.],[0.17595142],[1.],"(array([0.09763722]), array([0.02822168]))","(array([0.05998198]), array([-0.01579962]))","(array([0.06200827]), array([-0.02034413]))","(array([0.06397562]), array([-0.01934221]))","(array([0.06221556]), array([-0.02413971]))","(array([0.06237791]), array([-0.02345882]))","(array([0.06080172]), array([-0.02398674]))","(array([0.05877654]), array([-0.02227941]))","(array([0.05738391]), array([-0.01865877]))","(array([0.05621601]), array([-0.01658521]))","(array([0.05598792]), array([-0.01419289]))"
(0.017011309232098933+0j),[0.18214795],[1.],[0.17310144],[1.],"(array([0.09982038]), array([0.02498958]))","(array([0.0620081]), array([-0.0203441]))","(array([0.06397546]), array([-0.01934221]))","(array([0.06221541]), array([-0.0241397]))","(array([0.06237776]), array([-0.02345884]))","(array([0.06080158]), array([-0.02398676]))","(array([0.05877641]), array([-0.02227944]))","(array([0.05738379]), array([-0.01865882]))","(array([0.05621589]), array([-0.01658526]))","(array([0.05598782]), array([-0.01419296]))","(array([0.05524374]), array([-0.01410663]))"
(0.017505896184723514+0j),[0.17991271],[1.],[0.18110717],[1.],"(array([0.10222497]), array([0.02018713]))","(array([0.06397526]), array([-0.01934219]))","(array([0.06221521]), array([-0.02413969]))","(array([0.06237757]), array([-0.02345884]))","(array([0.0608014]), array([-0.02398677]))","(array([0.05877623]), array([-0.02227946]))","(array([0.05738362]), array([-0.01865886]))","(array([0.05621574]), array([-0.01658532]))","(array([0.05598768]), array([-0.01419304]))","(array([0.05524361]), array([-0.01410672]))","(array([0.05520957]), array([-0.01456342]))"
(0.017959101592166293+0j),[0.16523035],[1.],[0.19930928],[1.],"(array([0.10590207]), array([0.02067288]))","(array([0.06221494]), array([-0.02413965]))","(array([0.06237731]), array([-0.02345883]))","(array([0.06080114]), array([-0.02398677]))","(array([0.05877599]), array([-0.02227948]))","(array([0.05738339]), array([-0.01865891]))","(array([0.05621552]), array([-0.01658539]))","(array([0.05598748]), array([-0.01419313]))","(array([0.05524343]), array([-0.01410683]))","(array([0.05520941]), array([-0.01456354]))","(array([0.05561758]), array([-0.01630242]))"
(0.018635492394139835+0j),[0.17174874],[1.],[0.20053141],[1.],"(array([0.10818299]), array([0.01276233]))","(array([0.06237694]), array([-0.02345878]))","(array([0.06080078]), array([-0.02398675]))","(array([0.05877564]), array([-0.02227948]))","(array([0.05738306]), array([-0.01865894]))","(array([0.05621521]), array([-0.01658546]))","(array([0.05598719]), array([-0.01419324]))","(array([0.05524316]), array([-0.01410697]))","(array([0.05520916]), array([-0.0145637]))","(array([0.05561736]), array([-0.01630259]))","(array([0.05494219]), array([-0.02135889]))"
(0.018654160183717274+0j),[0.16073217],[1.],[0.20976223],[1.],"(array([0.10797074]), array([0.01485864]))","(array([0.06080028]), array([-0.02398667]))","(array([0.05877515]), array([-0.02227944]))","(array([0.05738259]), array([-0.01865896]))","(array([0.05621477]), array([-0.01658552]))","(array([0.05598678]), array([-0.01419336]))","(array([0.05524277]), array([-0.01410713]))","(array([0.0552088]), array([-0.01456389]))","(array([0.05561703]), array([-0.01630281]))","(array([0.05494188]), array([-0.02135911]))","(array([0.05598092]), array([-0.02032719]))"
(0.018749509028260388+0j),[0.15295733],[1.],[0.21647247],[1.],"(array([0.10846188]), array([0.01191996]))","(array([0.05877454]), array([-0.02227934]))","(array([0.05738199]), array([-0.01865892]))","(array([0.05621419]), array([-0.01658556]))","(array([0.05598623]), array([-0.01419348]))","(array([0.05524225]), array([-0.01410729]))","(array([0.05520832]), array([-0.0145641]))","(array([0.05561658]), array([-0.01630305]))","(array([0.05494145]), array([-0.02135936]))","(array([0.05598054]), array([-0.02032748]))","(array([0.05492703]), array([-0.02332346]))"
(0.018879666274630263+0j),[0.15418801],[1.],[0.21689564],[1.],"(array([0.10796135]), array([0.01187429]))","(array([0.05738121]), array([-0.01865882]))","(array([0.05621344]), array([-0.01658555]))","(array([0.05598551]), array([-0.01419357]))","(array([0.05524156]), array([-0.01410745]))","(array([0.05520767]), array([-0.01456433]))","(array([0.05561597]), array([-0.01630333]))","(array([0.05494087]), array([-0.02135965]))","(array([0.05598002]), array([-0.02032783]))","(array([0.05492653]), array([-0.02332382]))","(array([0.05417154]), array([-0.025521]))"
(0.01609803853855409+0j),[0.14464095],[1.],[0.19812182],[1.],"(array([0.10368282]), array([0.01567774]))","(array([0.05621244]), array([-0.01658546]))","(array([0.05598454]), array([-0.01419362]))","(array([0.05524064]), array([-0.01410759]))","(array([0.05520679]), array([-0.01456456]))","(array([0.05561515]), array([-0.01630364]))","(array([0.05494008]), array([-0.02135997]))","(array([0.05597929]), array([-0.02032823]))","(array([0.05492584]), array([-0.02332424]))","(array([0.05417089]), array([-0.02552145]))","(array([0.05288747]), array([-0.02293109]))"
(0.013666083372007184+0j),[0.13733893],[1.],[0.17895893],[1.],"(array([0.09840886]), array([0.01560557]))","(array([0.0559833]), array([-0.01419359]))","(array([0.05523943]), array([-0.01410768]))","(array([0.05520564]), array([-0.01456476]))","(array([0.05561406]), array([-0.01630394]))","(array([0.05493903]), array([-0.0213603]))","(array([0.05597833]), array([-0.02032868]))","(array([0.05492492]), array([-0.02332471]))","(array([0.05417002]), array([-0.02552195]))","(array([0.05288667]), array([-0.02293165]))","(array([0.04897691]), array([-0.02044888]))"
(0.01153341082689418+0j),[0.11550376],[1.],[0.17155395],[1.],"(array([0.09396707]), array([0.01633736]))","(array([0.05523797]), array([-0.01410769]))","(array([0.05520423]), array([-0.01456493]))","(array([0.05561271]), array([-0.01630423]))","(array([0.05493774]), array([-0.02136062]))","(array([0.05597712]), array([-0.02032915]))","(array([0.05492377]), array([-0.02332522]))","(array([0.05416893]), array([-0.0255225]))","(array([0.05288567]), array([-0.02293228]))","(array([0.04897596]), array([-0.02044952]))","(array([0.0454331]), array([-0.01763082]))"
(0.012163756870009602+0j),[0.10566124],[1.],[0.18519851],[1.],"(array([0.09498007]), array([0.01162203]))","(array([0.05520253]), array([-0.01456501]))","(array([0.05561109]), array([-0.01630448]))","(array([0.05493618]), array([-0.02136091]))","(array([0.05597566]), array([-0.02032962]))","(array([0.05492237]), array([-0.02332573]))","(array([0.0541676]), array([-0.02552308]))","(array([0.05288443]), array([-0.02293295]))","(array([0.04897478]), array([-0.02045021]))","(array([0.045432]), array([-0.01763154]))","(array([0.04215444]), array([-0.02155438]))"
(0.01284083274881714+0j),[0.0937919],[1.],[0.19880173],[1.],"(array([0.09794278]), array([0.00901135]))","(array([0.05560913]), array([-0.01630464]))","(array([0.05493429]), array([-0.02136113]))","(array([0.05597387]), array([-0.02033006]))","(array([0.05492065]), array([-0.02332624]))","(array([0.05416596]), array([-0.02552366]))","(array([0.0528829]), array([-0.02293366]))","(array([0.04897333]), array([-0.02045095]))","(array([0.04543063]), array([-0.01763232]))","(array([0.04215311]), array([-0.02155508]))","(array([0.04178885]), array([-0.02522774]))"
(0.013559093434036268+0j),[0.08668811],[1.],[0.20928993],[1.],"(array([0.10132709]), array([0.00470483]))","(array([0.05493213]), array([-0.02136126]))","(array([0.05597181]), array([-0.02033046]))","(array([0.05491867]), array([-0.02332671]))","(array([0.05416407]), array([-0.02552422]))","(array([0.05288112]), array([-0.02293436]))","(array([0.04897163]), array([-0.0204517]))","(array([0.04542903]), array([-0.01763312]))","(array([0.04215155]), array([-0.02155579]))","(array([0.0417874]), array([-0.02522848]))","(array([0.04105489]), array([-0.0290901]))"
(0.015999585386154928+0j),[0.09212904],[1.],[0.22902556],[1.],"(array([0.10457418]), array([-0.0017904]))","(array([0.05596953]), array([-0.02033077]))","(array([0.05491648]), array([-0.02332711]))","(array([0.05416197]), array([-0.02552473]))","(array([0.05287914]), array([-0.02293504]))","(array([0.04896973]), array([-0.02045243]))","(array([0.04542724]), array([-0.0176339]))","(array([0.04214982]), array([-0.02155648]))","(array([0.04178578]), array([-0.0252292]))","(array([0.04105338]), array([-0.02909083]))","(array([0.04177109]), array([-0.03320789]))"
(0.018486213387967635+0j),[0.0885924],[1.],[0.25059035],[1.],"(array([0.10990613]), array([0.00040883]))","(array([0.05491405]), array([-0.02332742]))","(array([0.05415964]), array([-0.02552516]))","(array([0.05287693]), array([-0.02293567]))","(array([0.04896762]), array([-0.02045312]))","(array([0.04542523]), array([-0.01763466]))","(array([0.04214787]), array([-0.02155714]))","(array([0.04178397]), array([-0.02522991]))","(array([0.04105169]), array([-0.02909156]))","(array([0.04176953]), array([-0.03320867]))","(array([0.04493076]), array([-0.03634274]))"
(0.021124282386433404+0j),[0.08716688],[1.],[0.27058721],[1.],"(array([0.11359735]), array([-0.00329523]))","(array([0.05415723]), array([-0.02552549]))","(array([0.05287463]), array([-0.0229362]))","(array([0.04896541]), array([-0.02045371]))","(array([0.04542313]), array([-0.01763533]))","(array([0.04214584]), array([-0.02155772]))","(array([0.04178207]), array([-0.02523055]))","(array([0.04104992]), array([-0.02909222]))","(array([0.0417679]), array([-0.03320939]))","(array([0.04492931]), array([-0.03634359]))","(array([0.04669145]), array([-0.04080721]))"
(0.023273932188753583+0j),[0.08923392],[1.],[0.28469293],[1.],"(array([0.11679236]), array([-0.00575598]))","(array([0.0528724]), array([-0.02293658]))","(array([0.04896327]), array([-0.02045417]))","(array([0.04542109]), array([-0.01763587]))","(array([0.04214388]), array([-0.02155817]))","(array([0.04178023]), array([-0.02523105]))","(array([0.0410482]), array([-0.02909276]))","(array([0.04176632]), array([-0.03321]))","(array([0.04492788]), array([-0.03634433]))","(array([0.04669016]), array([-0.04080801]))","(array([0.04843978]), array([-0.04436078]))"
(0.025432795700870973+0j),[0.10243878],[1.],[0.29440583],[1.],"(array([0.11862619]), array([-0.00277904]))","(array([0.0489611]), array([-0.02045452]))","(array([0.04541902]), array([-0.01763631]))","(array([0.04214189]), array([-0.02155852]))","(array([0.04177837]), array([-0.02523148]))","(array([0.04104645]), array([-0.02909323]))","(array([0.0417647]), array([-0.03321053]))","(array([0.04492643]), array([-0.036345]))","(array([0.04668885]), array([-0.04080876]))","(array([0.04843859]), array([-0.04436159]))","(array([0.0503352]), array([-0.04686748]))"
(0.027660348595371594+0j),[0.11580315],[1.],[0.30345024],[1.],"(array([0.11693062]), array([0.0025417]))","(array([0.04541682]), array([-0.01763665]))","(array([0.04213978]), array([-0.02155878]))","(array([0.04177638]), array([-0.02523181]))","(array([0.0410446]), array([-0.02909361]))","(array([0.04176298]), array([-0.033211]))","(array([0.04492487]), array([-0.03634563]))","(array([0.04668742]), array([-0.04080947]))","(array([0.04843731]), array([-0.04436237]))","(array([0.05033405]), array([-0.04686834]))","(array([0.05390142]), array([-0.0473671]))"
(0.02389257873043286+0j),[0.11860712],[1.],[0.27755875],[1.],"(array([0.1111496]), array([0.0082288]))","(array([0.04213744]), array([-0.0215589]))","(array([0.04177418]), array([-0.02523203]))","(array([0.04104253]), array([-0.02909389]))","(array([0.04176106]), array([-0.03321138]))","(array([0.04492311]), array([-0.0363462]))","(array([0.04668582]), array([-0.04081014]))","(array([0.04843584]), array([-0.04436314]))","(array([0.05033274]), array([-0.04686921]))","(array([0.0539003]), array([-0.04736809]))","(array([0.05526792]), array([-0.04399555]))"
(0.020756858589901322+0j),[0.11434393],[1.],[0.2569339],[1.],"(array([0.10224782]), array([0.00502194]))","(array([0.04177179]), array([-0.0252321]))","(array([0.04104029]), array([-0.02909404]))","(array([0.04175896]), array([-0.03321165]))","(array([0.04492119]), array([-0.03634668]))","(array([0.04668405]), array([-0.04081075]))","(array([0.04843423]), array([-0.04436386]))","(array([0.05033128]), array([-0.04687004]))","(array([0.05389903]), array([-0.04736906]))","(array([0.05526684]), array([-0.04399665]))","(array([0.05307608]), array([-0.03876891]))"
(0.018054490382297624+0j),[0.12298607],[1.],[0.23150192],[1.],"(array([0.09734923]), array([0.00050572]))","(array([0.04103783]), array([-0.02909402]))","(array([0.04175666]), array([-0.03321178]))","(array([0.04491906]), array([-0.03634706]))","(array([0.04668208]), array([-0.04081126]))","(array([0.04843242]), array([-0.04436452]))","(array([0.05032964]), array([-0.04687083]))","(array([0.05389758]), array([-0.04737003]))","(array([0.05526559]), array([-0.04399776]))","(array([0.05307498]), array([-0.0387701]))","(array([0.05007952]), array([-0.03526489]))"
(0.020964883663841215+0j),[0.11969564],[1.],[0.25608807],[1.],"(array([0.09582758]), array([-0.00136038]))","(array([0.04175387]), array([-0.03321173]))","(array([0.04491645]), array([-0.03634733]))","(array([0.04667966]), array([-0.04081173]))","(array([0.04843018]), array([-0.04436516]))","(array([0.05032759]), array([-0.04687165]))","(array([0.05389577]), array([-0.04737108]))","(array([0.05526399]), array([-0.043999]))","(array([0.05307356]), array([-0.03877146]))","(array([0.05007823]), array([-0.03526631]))","(array([0.05141419]), array([-0.03358519]))"
(0.02403227085511917+0j),[0.11854024],[1.],[0.27842315],[1.],"(array([0.10190421]), array([-0.00610545]))","(array([0.04491362]), array([-0.03634739]))","(array([0.04667702]), array([-0.04081202]))","(array([0.04842773]), array([-0.04436567]))","(array([0.05032534]), array([-0.04687236]))","(array([0.05389373]), array([-0.04737207]))","(array([0.05526219]), array([-0.0440002]))","(array([0.05307193]), array([-0.0387728]))","(array([0.05007673]), array([-0.03526772]))","(array([0.05141289]), array([-0.03358675]))","(array([0.05355115]), array([-0.03854134]))"
(0.027108582746951042+0j),[0.12426922],[1.],[0.29613322],[1.],"(array([0.10987005]), array([-0.00942307]))","(array([0.0466743]), array([-0.04081217]))","(array([0.04842518]), array([-0.04436605]))","(array([0.05032298]), array([-0.04687297]))","(array([0.0538916]), array([-0.04737297]))","(array([0.05526027]), array([-0.04400134]))","(array([0.05307019]), array([-0.03877409]))","(array([0.05007511]), array([-0.0352691]))","(array([0.05141148]), array([-0.03358829]))","(array([0.05354986]), array([-0.03854295]))","(array([0.05579673]), array([-0.04279433]))"
(0.026249324960383534+0j),[0.12052991],[1.],[0.29193658],[1.],"(array([0.11267165]), array([-0.01252126]))","(array([0.04842289]), array([-0.04436627]))","(array([0.05032084]), array([-0.04687341]))","(array([0.05388965]), array([-0.04737368]))","(array([0.05525851]), array([-0.04400228]))","(array([0.05306858]), array([-0.03877517]))","(array([0.05007361]), array([-0.03527026]))","(array([0.05141015]), array([-0.0335896]))","(array([0.05354865]), array([-0.03854433]))","(array([0.05579563]), array([-0.04279578]))","(array([0.05750056]), array([-0.04301205]))"
(0.0254312803875862+0j),[0.11022741],[1.],[0.29052532],[1.],"(array([0.11345558]), array([-0.01680784]))","(array([0.05031883]), array([-0.04687373]))","(array([0.05388781]), array([-0.04737426]))","(array([0.05525684]), array([-0.04400308]))","(array([0.05306704]), array([-0.03877611]))","(array([0.05007217]), array([-0.03527129]))","(array([0.05140886]), array([-0.03359077]))","(array([0.05354746]), array([-0.03854558]))","(array([0.05579456]), array([-0.04279708]))","(array([0.05749961]), array([-0.04301342]))","(array([0.05638382]), array([-0.04254256]))"
(0.02460654991403242+0j),[0.09937279],[1.],[0.28893993],[1.],"(array([0.11499555]), array([-0.02151674]))","(array([0.0538859]), array([-0.04737474]))","(array([0.0552551]), array([-0.0440038]))","(array([0.05306542]), array([-0.03877698]))","(array([0.05007065]), array([-0.03527224]))","(array([0.05140749]), array([-0.03359189]))","(array([0.05354619]), array([-0.03854678]))","(array([0.05579339]), array([-0.04279835]))","(array([0.05749858]), array([-0.04301475]))","(array([0.05638288]), array([-0.04254391]))","(array([0.05429937]), array([-0.04333486]))"
(0.02208520742068221+0j),[0.10105348],[1.],[0.27117752],[1.],"(array([0.11687909]), array([-0.0243883]))","(array([0.0552531]), array([-0.04400447]))","(array([0.05306356]), array([-0.03877782]))","(array([0.05006888]), array([-0.03527319]))","(array([0.05140589]), array([-0.03359303]))","(array([0.05354469]), array([-0.03854802]))","(array([0.05579201]), array([-0.04279968]))","(array([0.05749734]), array([-0.04301617]))","(array([0.05638173]), array([-0.04254535]))","(array([0.05429828]), array([-0.04333628]))","(array([0.05140485]), array([-0.04306215]))"
(0.01977665874784485+0j),[0.10791331],[1.],[0.25163404],[1.],"(array([0.11430767]), array([-0.02072738]))","(array([0.0530615]), array([-0.03877859]))","(array([0.05006692]), array([-0.03527408]))","(array([0.05140408]), array([-0.03359414]))","(array([0.05354299]), array([-0.03854924]))","(array([0.05579044]), array([-0.042801]))","(array([0.05749592]), array([-0.0430176]))","(array([0.0563804]), array([-0.04254681]))","(array([0.05429701]), array([-0.04333773]))","(array([0.05140364]), array([-0.04306356]))","(array([0.04968741]), array([-0.03950583]))"
(0.01776510804996176+0j),[0.1174775],[1.],[0.23133699],[1.],"(array([0.10787319]), array([-0.01412072]))","(array([0.05006468]), array([-0.03527494]))","(array([0.051402]), array([-0.03359525]))","(array([0.05354103]), array([-0.0385505]))","(array([0.05578861]), array([-0.04280239]))","(array([0.05749425]), array([-0.04301911]))","(array([0.05637884]), array([-0.04254836]))","(array([0.05429552]), array([-0.04333927]))","(array([0.05140222]), array([-0.04306506]))","(array([0.04968612]), array([-0.03950734]))","(array([0.04876198]), array([-0.03514105]))"
(0.019856401958877903+0j),[0.11086271],[1.],[0.25129878],[1.],"(array([0.10404273]), array([-0.00860177]))","(array([0.05139974]), array([-0.0335963]))","(array([0.0535389]), array([-0.0385517]))","(array([0.05578661]), array([-0.04280373]))","(array([0.05749242]), array([-0.0430206]))","(array([0.05637711]), array([-0.0425499]))","(array([0.05429387]), array([-0.0433408]))","(array([0.05140064]), array([-0.04306656]))","(array([0.04968468]), array([-0.03950885]))","(array([0.04876072]), array([-0.0351426]))","(array([0.05009055]), array([-0.03341148]))"
(0.021928268062113183+0j),[0.11518054],[1.],[0.26487092],[1.],"(array([0.10972007]), array([-0.00842269]))","(array([0.05353669]), array([-0.03855277]))","(array([0.05578453]), array([-0.04280495]))","(array([0.05749049]), array([-0.04302198]))","(array([0.05637529]), array([-0.04255134]))","(array([0.05429212]), array([-0.04334224]))","(array([0.05139897]), array([-0.04306797]))","(array([0.04968315]), array([-0.03951029]))","(array([0.04875936]), array([-0.03514407]))","(array([0.05008939]), array([-0.03341302]))","(array([0.0509631]), array([-0.03792165]))"
(0.023996910810072873+0j),[0.1182979],[1.],[0.27804843],[1.],"(array([0.11477345]), array([-0.01231033]))","(array([0.0557824]), array([-0.04280607]))","(array([0.05748851]), array([-0.04302326]))","(array([0.05637342]), array([-0.04255269]))","(array([0.05429033]), array([-0.04334359]))","(array([0.05139725]), array([-0.0430693]))","(array([0.04968157]), array([-0.03951164]))","(array([0.04875795]), array([-0.03514548]))","(array([0.05008818]), array([-0.0334145]))","(array([0.050962]), array([-0.03792312]))","(array([0.05334696]), array([-0.03991285]))"
(0.02418380630456255+0j),[0.11645578],[1.],[0.28002176],[1.],"(array([0.11845165]), array([-0.01577391]))","(array([0.05748683]), array([-0.04302423]))","(array([0.05637182]), array([-0.04255372]))","(array([0.05428879]), array([-0.04334462]))","(array([0.05139577]), array([-0.04307031]))","(array([0.0496802]), array([-0.03951269]))","(array([0.04875672]), array([-0.03514658]))","(array([0.05008712]), array([-0.03341567]))","(array([0.05096104]), array([-0.03792428]))","(array([0.05334614]), array([-0.03991404]))","(array([0.05474677]), array([-0.04075824]))"
(0.02430662305017234+0j),[0.15005228],[1.],[0.26435746],[1.],"(array([0.12054818]), array([-0.0163914]))","(array([0.05637026]), array([-0.04255463]))","(array([0.05428729]), array([-0.04334554]))","(array([0.05139433]), array([-0.04307123]))","(array([0.04967886]), array([-0.03951364]))","(array([0.04875552]), array([-0.03514758]))","(array([0.05008607]), array([-0.03341674]))","(array([0.05096008]), array([-0.03792536]))","(array([0.05334532]), array([-0.03991515]))","(array([0.05474608]), array([-0.04075936]))","(array([0.05459694]), array([-0.04129732]))"
(0.02450039560236607+0j),[0.14353148],[1.],[0.26918451],[1.],"(array([0.1160141]), array([-0.00854759]))","(array([0.05428577]), array([-0.04334637]))","(array([0.05139287]), array([-0.04307204]))","(array([0.04967751]), array([-0.03951449]))","(array([0.04875428]), array([-0.0351485]))","(array([0.05008498]), array([-0.03341774]))","(array([0.05095908]), array([-0.03792636]))","(array([0.05334446]), array([-0.03991619]))","(array([0.05474534]), array([-0.04076042]))","(array([0.0545963]), array([-0.04129837]))","(array([0.05927438]), array([-0.03465053]))"
(0.027621493320176736+0j),[0.13552882],[1.],[0.29395339],[1.],"(array([0.11722888]), array([-0.01075829]))","(array([0.05139124]), array([-0.04307279]))","(array([0.04967597]), array([-0.03951529]))","(array([0.04875288]), array([-0.03514937]))","(array([0.05008373]), array([-0.03341871]))","(array([0.05095793]), array([-0.03792735]))","(array([0.05334345]), array([-0.03991724]))","(array([0.05474446]), array([-0.04076151]))","(array([0.05459552]), array([-0.04129946]))","(array([0.05927385]), array([-0.03465169]))","(array([0.05969516]), array([-0.0382174]))"
(0.03091250549039602+0j),[0.14034093],[1.],[0.31189577],[1.],"(array([0.119821]), array([-0.01226078]))","(array([0.04967427]), array([-0.03951601]))","(array([0.0487513]), array([-0.03515019]))","(array([0.05008231]), array([-0.03341964]))","(array([0.05095662]), array([-0.03792832]))","(array([0.05334229]), array([-0.03991827]))","(array([0.05474343]), array([-0.04076259]))","(array([0.05459461]), array([-0.04130055]))","(array([0.05927318]), array([-0.03465289]))","(array([0.05969458]), array([-0.03821859]))","(array([0.06090033]), array([-0.04385716]))"
(0.0342160820081275+0j),[0.16412984],[1.],[0.31956347],[1.],"(array([0.1220621]), array([-0.00774138]))","(array([0.04874967]), array([-0.03515089]))","(array([0.05008082]), array([-0.03342047]))","(array([0.05095524]), array([-0.03792919]))","(array([0.05334106]), array([-0.03991923]))","(array([0.05474233]), array([-0.0407636]))","(array([0.05459362]), array([-0.04130158]))","(array([0.05927244]), array([-0.03465405]))","(array([0.05969392]), array([-0.03821975]))","(array([0.06089975]), array([-0.04385831]))","(array([0.06371295]), array([-0.04680362]))"
(0.03143873236328963+0j),[0.15915537],[1.],[0.30511636],[1.],"(array([0.11893146]), array([0.00174596]))","(array([0.05007941]), array([-0.03342113]))","(array([0.05095393]), array([-0.03792989]))","(array([0.05333987]), array([-0.03992003]))","(array([0.05474127]), array([-0.04076446]))","(array([0.05459266]), array([-0.04130247]))","(array([0.0592717]), array([-0.03465506]))","(array([0.05969325]), array([-0.03822078]))","(array([0.06089915]), array([-0.04385934]))","(array([0.06371246]), array([-0.04680467]))","(array([0.06704573]), array([-0.04233187]))"
(0.028839732375681118+0j),[0.1754196],[1.],[0.27883537],[1.],"(array([0.11705518]), array([0.00234714]))","(array([0.05095268]), array([-0.03793045]))","(array([0.05333874]), array([-0.03992067]))","(array([0.05474024]), array([-0.04076517]))","(array([0.05459173]), array([-0.04130321]))","(array([0.05927095]), array([-0.03465594]))","(array([0.05969258]), array([-0.03822166]))","(array([0.06089854]), array([-0.04386024]))","(array([0.06371195]), array([-0.0468056]))","(array([0.06704537]), array([-0.04233284]))","(array([0.06446522]), array([-0.0401195]))"
(0.026628339579880277+0j),[0.16365824],[1.],[0.27075059],[1.],"(array([0.11212761]), array([0.00153048]))","(array([0.05333756]), array([-0.0399212]))","(array([0.05473917]), array([-0.04076578]))","(array([0.05459075]), array([-0.04130386]))","(array([0.05927015]), array([-0.03465673]))","(array([0.05969184]), array([-0.03822248]))","(array([0.06089787]), array([-0.04386107]))","(array([0.06371137]), array([-0.04680647]))","(array([0.06704493]), array([-0.04233376]))","(array([0.06446485]), array([-0.04012043]))","(array([0.06476264]), array([-0.03324948]))"
(0.026961715222174484+0j),[0.16008116],[1.],[0.27512347],[1.],"(array([0.11462051]), array([-0.00299343]))","(array([0.05473793]), array([-0.04076629]))","(array([0.0545896]), array([-0.04130443]))","(array([0.05926918]), array([-0.03465749]))","(array([0.05969094]), array([-0.03822327]))","(array([0.06089704]), array([-0.04386189]))","(array([0.06371065]), array([-0.04680734]))","(array([0.06704436]), array([-0.04233471]))","(array([0.06446434]), array([-0.04012138]))","(array([0.06476227]), array([-0.03325048]))","(array([0.06262288]), array([-0.03460966]))"
(0.027251418344582935+0j),[0.15930767],[1.],[0.27749434],[1.],"(array([0.11694604]), array([-0.0046049]))","(array([0.05458832]), array([-0.04130491]))","(array([0.05926806]), array([-0.03465818]))","(array([0.05968991]), array([-0.038224]))","(array([0.06089608]), array([-0.04386266]))","(array([0.06370979]), array([-0.04680819]))","(array([0.06704366]), array([-0.04233566]))","(array([0.06446371]), array([-0.04012235]))","(array([0.06476178]), array([-0.03325149]))","(array([0.06262243]), array([-0.03461067]))","(array([0.06242177]), array([-0.0357941]))"
(0.027541494527043017+0j),[0.15792323],[1.],[0.28018002],[1.],"(array([0.11731957]), array([-0.00530145]))","(array([0.05926688]), array([-0.03465874]))","(array([0.05968881]), array([-0.03822462]))","(array([0.06089505]), array([-0.04386332]))","(array([0.06370886]), array([-0.04680893]))","(array([0.06704287]), array([-0.04233651]))","(array([0.064463]), array([-0.04012323]))","(array([0.0647612]), array([-0.03325244]))","(array([0.06262189]), array([-0.03461161]))","(array([0.0624213]), array([-0.03579505]))","(array([0.06254646]), array([-0.03632611]))"
(0.026725127142250164+0j),[0.1589357],[1.],[0.27404095],[1.],"(array([0.12185062]), array([0.00087922]))","(array([0.05968769]), array([-0.0382251]))","(array([0.060894]), array([-0.04386386]))","(array([0.06370791]), array([-0.04680956]))","(array([0.06704204]), array([-0.04233727]))","(array([0.06446223]), array([-0.04012402]))","(array([0.06476056]), array([-0.0332533]))","(array([0.06262129]), array([-0.03461247]))","(array([0.06242076]), array([-0.03579593]))","(array([0.062546]), array([-0.036327]))","(array([0.0620696]), array([-0.03643095]))"
(0.026017330125323753+0j),[0.15893574],[1.],[0.26913679],[1.],"(array([0.1209127]), array([-0.00237513]))","(array([0.06089293]), array([-0.04386428]))","(array([0.06370692]), array([-0.04681008]))","(array([0.06704117]), array([-0.04233792]))","(array([0.06446142]), array([-0.0401247]))","(array([0.06475986]), array([-0.03325407]))","(array([0.06262063]), array([-0.03461325]))","(array([0.06242016]), array([-0.03579673]))","(array([0.06254547]), array([-0.03632783]))","(array([0.06206913]), array([-0.03643178]))","(array([0.06166036]), array([-0.03509825]))"
(0.025425126696283926+0j),[0.15908681],[1.],[0.26487598],[1.],"(array([0.1210101]), array([-0.00787309]))","(array([0.06370594]), array([-0.04681049]))","(array([0.06704029]), array([-0.04233846]))","(array([0.0644606]), array([-0.04012529]))","(array([0.06475914]), array([-0.03325475]))","(array([0.06261994]), array([-0.03461394]))","(array([0.06241954]), array([-0.03579745]))","(array([0.06254491]), array([-0.03632857]))","(array([0.06206864]), array([-0.03643254]))","(array([0.06165993]), array([-0.03509901]))","(array([0.06122865]), array([-0.03406816]))"
(0.022297411772464443+0j),[0.15179062],[1.],[0.24611885],[1.],"(array([0.12063424]), array([-0.01070759]))","(array([0.06703948]), array([-0.04233888]))","(array([0.06445982]), array([-0.04012575]))","(array([0.06475845]), array([-0.0332553]))","(array([0.06261929]), array([-0.0346145]))","(array([0.06241893]), array([-0.03579804]))","(array([0.06254436]), array([-0.03632918]))","(array([0.06206814]), array([-0.03643317]))","(array([0.0616595]), array([-0.03509966]))","(array([0.06122828]), array([-0.03406882]))","(array([0.05973087]), array([-0.03125054]))"
(0.019377423180205026+0j),[0.15905237],[1.],[0.21742305],[1.],"(array([0.11975849]), array([-0.00794209]))","(array([0.06445913]), array([-0.04012607]))","(array([0.06475782]), array([-0.0332557]))","(array([0.06261869]), array([-0.03461492]))","(array([0.06241837]), array([-0.03579848]))","(array([0.06254385]), array([-0.03632966]))","(array([0.06206768]), array([-0.03643367]))","(array([0.06165909]), array([-0.03510018]))","(array([0.06122792]), array([-0.03406935]))","(array([0.05973056]), array([-0.03125107]))","(array([0.0561486]), array([-0.0284581]))"
(0.016970693324382093+0j),[0.1611382],[1.],[0.19362913],[1.],"(array([0.1109281]), array([-0.00418349]))","(array([0.06475716]), array([-0.03325605]))","(array([0.06261805]), array([-0.03461528]))","(array([0.06241778]), array([-0.03579888]))","(array([0.0625433]), array([-0.03633009]))","(array([0.06206717]), array([-0.03643412]))","(array([0.06165864]), array([-0.03510066]))","(array([0.06122752]), array([-0.03406984]))","(array([0.0597302]), array([-0.03125158]))","(array([0.05614827]), array([-0.0284586]))","(array([0.05436225]), array([-0.02227251]))"
(0.01571027323256983+0j),[0.16314117],[1.],[0.17931721],[1.],"(array([0.10709128]), array([0.00297829]))","(array([0.06261731]), array([-0.0346156]))","(array([0.06241708]), array([-0.03579924]))","(array([0.06254265]), array([-0.03633049]))","(array([0.06206657]), array([-0.03643456]))","(array([0.0616581]), array([-0.03510113]))","(array([0.06122702]), array([-0.03407034]))","(array([0.05972975]), array([-0.03125208]))","(array([0.05614785]), array([-0.02845909]))","(array([0.05436189]), array([-0.02227303]))","(array([0.05254756]), array([-0.01854578]))"
(0.014665819523911322+0j),[0.17180243],[1.],[0.15926644],[1.],"(array([0.10185791]), array([0.00209409]))","(array([0.06241626]), array([-0.03579955]))","(array([0.06254187]), array([-0.03633086]))","(array([0.06206585]), array([-0.03643497]))","(array([0.06165743]), array([-0.03510159]))","(array([0.06122641]), array([-0.03407083]))","(array([0.05972919]), array([-0.0312526]))","(array([0.05614733]), array([-0.0284596]))","(array([0.05436143]), array([-0.02227356]))","(array([0.05254716]), array([-0.01854632]))","(array([0.05141247]), array([-0.01562913]))"
(0.013804930051072145+0j),[0.1751079],[1.],[0.14493308],[1.],"(array([0.09725395]), array([0.0028466]))","(array([0.06254102]), array([-0.03633115]))","(array([0.06206505]), array([-0.0364353]))","(array([0.06165669]), array([-0.03510198]))","(array([0.06122573]), array([-0.03407126]))","(array([0.05972856]), array([-0.03125306]))","(array([0.05614673]), array([-0.02846006]))","(array([0.0543609]), array([-0.02227405]))","(array([0.05254669]), array([-0.01854683]))","(array([0.05141207]), array([-0.01562966]))","(array([0.05088803]), array([-0.01084791]))"
(0.01389842418767236+0j),[0.17670066],[1.],[0.14461552],[1.],"(array([0.09551257]), array([0.00305673]))","(array([0.06206425]), array([-0.03643556]))","(array([0.06165594]), array([-0.03510229]))","(array([0.06122503]), array([-0.03407162]))","(array([0.0597279]), array([-0.03125345]))","(array([0.05614611]), array([-0.02846046]))","(array([0.05436034]), array([-0.02227448]))","(array([0.05254618]), array([-0.01854729]))","(array([0.05141163]), array([-0.01563014]))","(array([0.05088767]), array([-0.01084843]))","(array([0.05059727]), array([-0.00886089]))"
(0.014001500852217358+0j),[0.18534116],[1.],[0.13513355],[1.],"(array([0.0949772]), array([0.00330466]))","(array([0.06165521]), array([-0.0351025]))","(array([0.06122434]), array([-0.03407188]))","(array([0.05972725]), array([-0.03125375]))","(array([0.05614549]), array([-0.02846076]))","(array([0.05435978]), array([-0.02227483]))","(array([0.05254567]), array([-0.01854766]))","(array([0.05141117]), array([-0.01563055]))","(array([0.05088728]), array([-0.01084887]))","(array([0.05059694]), array([-0.00886136]))","(array([0.05087303]), array([-0.00863394]))"
(0.01406679423611479+0j),[0.18200017],[1.],[0.14064767],[1.],"(array([0.09249302]), array([0.00650407]))","(array([0.0612237]), array([-0.03407204]))","(array([0.05972665]), array([-0.03125395]))","(array([0.05614491]), array([-0.02846097]))","(array([0.05435924]), array([-0.02227508]))","(array([0.05254518]), array([-0.01854795]))","(array([0.05141072]), array([-0.01563086]))","(array([0.05088689]), array([-0.01084923]))","(array([0.0505966]), array([-0.00886175]))","(array([0.05087274]), array([-0.00863435]))","(array([0.05145169]), array([-0.00590357]))"
(0.014536032343767333+0j),[0.17095691],[1.],[0.15978211],[1.],"(array([0.09389658]), array([0.00677357]))","(array([0.05972614]), array([-0.03125405]))","(array([0.05614442]), array([-0.02846109]))","(array([0.05435879]), array([-0.02227524]))","(array([0.05254475]), array([-0.01854813]))","(array([0.05141033]), array([-0.01563108]))","(array([0.05088655]), array([-0.01084949]))","(array([0.05059629]), array([-0.00886203]))","(array([0.05087247]), array([-0.00863466]))","(array([0.05145147]), array([-0.0059039]))","(array([0.0517101]), array([-0.00787316]))"
(0.015035027697965532+0j),[0.16614229],[1.],[0.17064528],[1.],"(array([0.09664165]), array([0.0070907]))","(array([0.05614402]), array([-0.02846114]))","(array([0.0543584]), array([-0.02227533]))","(array([0.05254439]), array([-0.01854825]))","(array([0.05140999]), array([-0.01563122]))","(array([0.05088624]), array([-0.01084967]))","(array([0.05059602]), array([-0.00886224]))","(array([0.05087223]), array([-0.00863488]))","(array([0.05145127]), array([-0.00590416]))","(array([0.05170992]), array([-0.00787342]))","(array([0.05166554]), array([-0.01279773]))"
(0.01557299713300684+0j),[0.15557517],[1.],[0.18607176],[1.],"(array([0.09553462]), array([0.00875211]))","(array([0.05435799]), array([-0.02227539]))","(array([0.052544]), array([-0.01854834]))","(array([0.05140963]), array([-0.01563135]))","(array([0.05088591]), array([-0.01084984]))","(array([0.05059572]), array([-0.00886244]))","(array([0.05087195]), array([-0.00863511]))","(array([0.05145103]), array([-0.00590441]))","(array([0.05170971]), array([-0.00787368]))","(array([0.05166533]), array([-0.012798]))","(array([0.05192316]), array([-0.015507]))"
(0.01565243232831126+0j),[0.15180012],[1.],[0.19007918],[1.],"(array([0.09669929]), array([0.01245934]))","(array([0.05254354]), array([-0.01854841]))","(array([0.05140919]), array([-0.01563145]))","(array([0.05088551]), array([-0.01085]))","(array([0.05059535]), array([-0.00886263]))","(array([0.05087162]), array([-0.00863533]))","(array([0.05145074]), array([-0.00590468]))","(array([0.05170944]), array([-0.00787396]))","(array([0.05166508]), array([-0.01279827]))","(array([0.05192293]), array([-0.01550729]))","(array([0.05125208]), array([-0.01930168]))"
(0.01571561743844699+0j),[0.14751905],[1.],[0.19417714],[1.],"(array([0.09581229]), array([0.01526367]))","(array([0.05140866]), array([-0.01563153]))","(array([0.05088501]), array([-0.01085014]))","(array([0.05059488]), array([-0.00886283]))","(array([0.05087118]), array([-0.00863556]))","(array([0.05145036]), array([-0.00590496]))","(array([0.05170908]), array([-0.00787426]))","(array([0.05166474]), array([-0.01279857]))","(array([0.05192262]), array([-0.0155076]))","(array([0.05125179]), array([-0.019302]))","(array([0.0509168]), array([-0.02056628]))"
(0.015766928775212297+0j),[0.14421764],[1.],[0.19729589],[1.],"(array([0.09560821]), array([0.01716755]))","(array([0.05088444]), array([-0.01085023]))","(array([0.05059435]), array([-0.00886297]))","(array([0.05087068]), array([-0.00863576]))","(array([0.0514499]), array([-0.00590522]))","(array([0.05170866]), array([-0.00787455]))","(array([0.05166433]), array([-0.01279886]))","(array([0.05192224]), array([-0.01550791]))","(array([0.05125143]), array([-0.01930231]))","(array([0.05091648]), array([-0.02056661]))","(array([0.05050492]), array([-0.0218789]))"
(0.017205149800113412+0j),[0.14331108],[1.],[0.21169782],[1.],"(array([0.09729912]), array([0.02110548]))","(array([0.05059376]), array([-0.00886308]))","(array([0.05087012]), array([-0.00863592]))","(array([0.05144939]), array([-0.00590546]))","(array([0.05170818]), array([-0.00787482]))","(array([0.05166387]), array([-0.01279913]))","(array([0.05192181]), array([-0.0155082]))","(array([0.05125102]), array([-0.0193026]))","(array([0.0509161]), array([-0.02056692]))","(array([0.05050458]), array([-0.02187924]))","(array([0.05088215]), array([-0.02421895]))"
(0.018669208610968237+0j),[0.14558419],[1.],[0.22328367],[1.],"(array([0.10017514]), array([0.02284396]))","(array([0.05086955]), array([-0.00863602]))","(array([0.05144885]), array([-0.00590564]))","(array([0.05170767]), array([-0.00787503]))","(array([0.05166338]), array([-0.01279935]))","(array([0.05192134]), array([-0.01550845]))","(array([0.05125058]), array([-0.01930286]))","(array([0.0509157]), array([-0.0205672]))","(array([0.05050421]), array([-0.02187954]))","(array([0.05088182]), array([-0.02421927]))","(array([0.05225014]), array([-0.02708572]))"
(0.020136408557600002+0j),[0.14607914],[1.],[0.23532678],[1.],"(array([0.10298367]), array([0.02356511]))","(array([0.0514483]), array([-0.00590578]))","(array([0.05170715]), array([-0.0078752]))","(array([0.05166287]), array([-0.01279953]))","(array([0.05192087]), array([-0.01550865]))","(array([0.05125013]), array([-0.01930308]))","(array([0.05091528]), array([-0.02056745]))","(array([0.05050383]), array([-0.0218798]))","(array([0.05088147]), array([-0.02421956]))","(array([0.05224984]), array([-0.02708603]))","(array([0.0539444]), array([-0.02903207]))"
(0.017192692166105982+0j),[0.14278892],[1.],[0.21224718],[1.],"(array([0.10212113]), array([0.02633988]))","(array([0.05170665]), array([-0.00787532]))","(array([0.0516624]), array([-0.01279965]))","(array([0.05192042]), array([-0.0155088]))","(array([0.0512497]), array([-0.01930324]))","(array([0.05091488]), array([-0.02056764]))","(array([0.05050345]), array([-0.02188002]))","(array([0.05088112]), array([-0.02421979]))","(array([0.05224953]), array([-0.0270863]))","(array([0.05394414]), array([-0.02903236]))","(array([0.05326231]), array([-0.02776154]))"
(0.014666132256548663+0j),[0.13610898],[1.],[0.192922],[1.],"(array([0.09729256]), array([0.02369907]))","(array([0.05166195]), array([-0.01279973]))","(array([0.05191999]), array([-0.0155089]))","(array([0.05124929]), array([-0.01930335]))","(array([0.05091449]), array([-0.02056778]))","(array([0.0505031]), array([-0.02188018]))","(array([0.0508808]), array([-0.02421998]))","(array([0.05224924]), array([-0.02708651]))","(array([0.05394388]), array([-0.0290326]))","(array([0.05326209]), array([-0.02776179]))","(array([0.05013747]), array([-0.02369173]))"
(0.012545575221278563+0j),[0.12950333],[1.],[0.17557451],[1.],"(array([0.09299377]), array([0.01742988]))","(array([0.05191959]), array([-0.01550897]))","(array([0.05124891]), array([-0.01930343]))","(array([0.05091413]), array([-0.02056788]))","(array([0.05050275]), array([-0.02188031]))","(array([0.05088048]), array([-0.02422013]))","(array([0.05224895]), array([-0.02708669]))","(array([0.05394363]), array([-0.0290328]))","(array([0.05326186]), array([-0.02776201]))","(array([0.05013727]), array([-0.02369196]))","(array([0.04684576]), array([-0.02067995]))"
(0.011738804095348995+0j),[0.12732378],[1.],[0.16836998],[1.],"(array([0.09077693]), array([0.01333766]))","(array([0.05124853]), array([-0.01930347]))","(array([0.05091377]), array([-0.02056795]))","(array([0.05050242]), array([-0.0218804]))","(array([0.05088017]), array([-0.02422025]))","(array([0.05224867]), array([-0.02708684]))","(array([0.05394337]), array([-0.02903298]))","(array([0.05326163]), array([-0.02776221]))","(array([0.05013707]), array([-0.02369217]))","(array([0.04684557]), array([-0.02068016]))","(array([0.0444108]), array([-0.01922846]))"
(0.011066377789448325+0j),[0.1243489],[1.],[0.16298833],[1.],"(array([0.08853797]), array([0.00915862]))","(array([0.05091341]), array([-0.02056798]))","(array([0.05050207]), array([-0.02188047]))","(array([0.05087984]), array([-0.02422035]))","(array([0.05224837]), array([-0.02708696]))","(array([0.0539431]), array([-0.02903313]))","(array([0.05326139]), array([-0.02776238]))","(array([0.05013685]), array([-0.02369236]))","(array([0.04684538]), array([-0.02068035]))","(array([0.04441062]), array([-0.01922866]))","(array([0.04329381]), array([-0.01806288]))"
(0.010470314735879905+0j),[0.11617309],[1.],[0.16214405],[1.],"(array([0.08702787]), array([0.00727232]))","(array([0.05050171]), array([-0.0218805]))","(array([0.0508795]), array([-0.02422041]))","(array([0.05224805]), array([-0.02708706]))","(array([0.05394281]), array([-0.02903326]))","(array([0.05326113]), array([-0.02776254]))","(array([0.05013661]), array([-0.02369253]))","(array([0.04684516]), array([-0.02068054]))","(array([0.04441042]), array([-0.01922885]))","(array([0.04329362]), array([-0.01806308]))","(array([0.04216784]), array([-0.01735621]))"
(0.009666119752584228+0j),[0.11330299],[1.],[0.15457093],[1.],"(array([0.08605602]), array([0.00419559]))","(array([0.05087913]), array([-0.02422046]))","(array([0.0522477]), array([-0.02708714]))","(array([0.05394249]), array([-0.02903338]))","(array([0.05326083]), array([-0.02776269]))","(array([0.05013634]), array([-0.0236927]))","(array([0.0468449]), array([-0.02068071]))","(array([0.04441019]), array([-0.01922904]))","(array([0.04329341]), array([-0.01806328]))","(array([0.04216765]), array([-0.01735642]))","(array([0.04035991]), array([-0.01775323]))"
(0.0089598068954934+0j),[0.11800417],[1.],[0.14186229],[1.],"(array([0.08475856]), array([0.0012843]))","(array([0.05224732]), array([-0.02708719]))","(array([0.05394213]), array([-0.02903348]))","(array([0.0532605]), array([-0.02776282]))","(array([0.05013603]), array([-0.02369285]))","(array([0.04684462]), array([-0.02068088]))","(array([0.04440992]), array([-0.01922921]))","(array([0.04329317]), array([-0.01806347]))","(array([0.04216742]), array([-0.01735662]))","(array([0.0403597]), array([-0.01775343]))","(array([0.03902769]), array([-0.01658842]))"
(0.008359262140375768+0j),[0.1190803],[1.],[0.13263273],[1.],"(array([0.08329818]), array([-0.00047539]))","(array([0.05394174]), array([-0.02903354]))","(array([0.05326014]), array([-0.02776292]))","(array([0.05013569]), array([-0.02369298]))","(array([0.0468443]), array([-0.02068102]))","(array([0.04440962]), array([-0.01922937]))","(array([0.04329289]), array([-0.01806365]))","(array([0.04216717]), array([-0.01735681]))","(array([0.04035946]), array([-0.01775363]))","(array([0.03902747]), array([-0.01658862]))","(array([0.03857214]), array([-0.01358528]))"
(0.010533278351666597+0j),[0.11461687],[1.],[0.16501443],[1.],"(array([0.08710757]), array([-0.00213637]))","(array([0.05325976]), array([-0.02776299]))","(array([0.05013533]), array([-0.02369308]))","(array([0.04684396]), array([-0.02068115]))","(array([0.0444093]), array([-0.01922951]))","(array([0.04329259]), array([-0.01806381]))","(array([0.04216689]), array([-0.01735699]))","(array([0.0403592]), array([-0.01775381]))","(array([0.03902722]), array([-0.01658881]))","(array([0.03857193]), array([-0.01358549]))","(array([0.03987678]), array([-0.0152742]))"
(0.01303476967233214+0j),[0.11787785],[1.],[0.19045813],[1.],"(array([0.09354153]), array([-0.00188378]))","(array([0.05013495]), array([-0.02369316]))","(array([0.0468436]), array([-0.02068125]))","(array([0.04440896]), array([-0.01922963]))","(array([0.04329227]), array([-0.01806395]))","(array([0.04216659]), array([-0.01735715]))","(array([0.04035891]), array([-0.01775397]))","(array([0.03902696]), array([-0.01658899]))","(array([0.03857169]), array([-0.01358569]))","(array([0.03987657]), array([-0.01527441]))","(array([0.04255318]), array([-0.02194575]))"
(0.01576281392152979+0j),[0.12397586],[1.],[0.21305071],[1.],"(array([0.09606606]), array([0.00279646]))","(array([0.04684326]), array([-0.02068131]))","(array([0.04440863]), array([-0.01922971]))","(array([0.04329197]), array([-0.01806406]))","(array([0.0421663]), array([-0.01735728]))","(array([0.04035863]), array([-0.0177541]))","(array([0.0390267]), array([-0.01658913]))","(array([0.03857146]), array([-0.01358586]))","(array([0.03987636]), array([-0.01527459]))","(array([0.04255299]), array([-0.02194594]))","(array([0.04590645]), array([-0.02653298]))"
(0.01774533008826507+0j),[0.11278028],[1.],[0.23592719],[1.],"(array([0.09693055]), array([0.00707009]))","(array([0.04440835]), array([-0.01922976]))","(array([0.0432917]), array([-0.01806413]))","(array([0.04216604]), array([-0.01735737]))","(array([0.04035839]), array([-0.0177542]))","(array([0.03902647]), array([-0.01658924]))","(array([0.03857125]), array([-0.01358599]))","(array([0.03987617]), array([-0.01527473]))","(array([0.04255281]), array([-0.02194609]))","(array([0.04590629]), array([-0.02653314]))","(array([0.04907724]), array([-0.0295014]))"
(0.01988329472170367+0j),[0.13010612],[1.],[0.24417217],[1.],"(array([0.09957163]), array([0.00602095]))","(array([0.04329146]), array([-0.01806418]))","(array([0.04216582]), array([-0.01735743]))","(array([0.04035818]), array([-0.01775427]))","(array([0.03902626]), array([-0.01658932]))","(array([0.03857106]), array([-0.01358608]))","(array([0.03987599]), array([-0.01527484]))","(array([0.04255265]), array([-0.0219462]))","(array([0.04590615]), array([-0.02653327]))","(array([0.04907711]), array([-0.02950154]))","(array([0.04944955]), array([-0.03514765]))"
(0.021984255004818522+0j),[0.14135141],[1.],[0.25400905],[1.],"(array([0.10028031]), array([0.01096543]))","(array([0.0421656]), array([-0.01735747]))","(array([0.04035797]), array([-0.01775432]))","(array([0.03902606]), array([-0.01658938]))","(array([0.03857087]), array([-0.01358616]))","(array([0.03987582]), array([-0.01527493]))","(array([0.04255249]), array([-0.0219463]))","(array([0.045906]), array([-0.02653338]))","(array([0.04907699]), array([-0.02950166]))","(array([0.04944943]), array([-0.03514777]))","(array([0.05363494]), array([-0.03483917]))"
(0.022029449119982496+0j),[0.1377262],[1.],[0.25611407],[1.],"(array([0.09966658]), array([0.01412613]))","(array([0.04035773]), array([-0.01775435]))","(array([0.03902584]), array([-0.01658943]))","(array([0.03857066]), array([-0.01358623]))","(array([0.03987562]), array([-0.01527501]))","(array([0.04255231]), array([-0.02194639]))","(array([0.04590584]), array([-0.02653348]))","(array([0.04907684]), array([-0.02950178]))","(array([0.04944929]), array([-0.03514789]))","(array([0.05363483]), array([-0.0348393]))","(array([0.05601623]), array([-0.03405571]))"
(0.022136764837167693+0j),[0.14811106],[1.],[0.25087295],[1.],"(array([0.09836495]), array([0.01294157]))","(array([0.03902559]), array([-0.01658945]))","(array([0.03857043]), array([-0.01358629]))","(array([0.0398754]), array([-0.01527509]))","(array([0.0425521]), array([-0.02194647]))","(array([0.04590565]), array([-0.02653359]))","(array([0.04907667]), array([-0.0295019]))","(array([0.04944913]), array([-0.03514801]))","(array([0.05363469]), array([-0.03483944]))","(array([0.05601611]), array([-0.03405586]))","(array([0.0555872]), array([-0.03488798]))"
(0.02223326187771511+0j),[0.14851177],[1.],[0.25118886],[1.],"(array([0.09591259]), array([0.0163619]))","(array([0.03857013]), array([-0.01358632]))","(array([0.03987512]), array([-0.01527514]))","(array([0.04255183]), array([-0.02194655]))","(array([0.0459054]), array([-0.02653368]))","(array([0.04907644]), array([-0.02950202]))","(array([0.04944892]), array([-0.03514814]))","(array([0.05363451]), array([-0.0348396]))","(array([0.05601596]), array([-0.03405603]))","(array([0.05558706]), array([-0.03488816]))","(array([0.05698036]), array([-0.03279018]))"
(0.019498590653312678+0j),[0.15149748],[1.],[0.22731394],[1.],"(array([0.09306751]), array([0.01938199]))","(array([0.03987475]), array([-0.01527518]))","(array([0.04255148]), array([-0.0219466]))","(array([0.04590507]), array([-0.02653377]))","(array([0.04907614]), array([-0.02950214]))","(array([0.04944863]), array([-0.03514827]))","(array([0.05363426]), array([-0.03483977]))","(array([0.05601574]), array([-0.03405623]))","(array([0.05558686]), array([-0.03488837]))","(array([0.05698019]), array([-0.03279041]))","(array([0.05580028]), array([-0.0307123]))"
(0.017106613127234202+0j),[0.14066093],[1.],[0.21359971],[1.],"(array([0.0890862]), array([0.01839452]))","(array([0.04255101]), array([-0.02194662]))","(array([0.04590463]), array([-0.02653384]))","(array([0.04907573]), array([-0.02950226]))","(array([0.04944825]), array([-0.0351484]))","(array([0.05363391]), array([-0.03483995]))","(array([0.05601543]), array([-0.03405645]))","(array([0.05558658]), array([-0.03488861]))","(array([0.05697995]), array([-0.03279067]))","(array([0.05580006]), array([-0.03071258]))","(array([0.05376477]), array([-0.02578394]))"
(0.015017339739847665+0j),[0.13558491],[1.],[0.19743634],[1.],"(array([0.08867584]), array([0.00950701]))","(array([0.04590408]), array([-0.02653387]))","(array([0.04907521]), array([-0.02950235]))","(array([0.04944775]), array([-0.03514851]))","(array([0.05363346]), array([-0.03484014]))","(array([0.05601502]), array([-0.03405669]))","(array([0.0555862]), array([-0.03488887]))","(array([0.05697961]), array([-0.03279098]))","(array([0.05579976]), array([-0.03071291]))","(array([0.05376451]), array([-0.02578429]))","(array([0.05030232]), array([-0.02421898]))"
(0.014756089132513825+0j),[0.13390054],[1.],[0.19616723],[1.],"(array([0.09022935]), array([0.00391956]))","(array([0.04907458]), array([-0.02950242]))","(array([0.04944716]), array([-0.0351486]))","(array([0.05363291]), array([-0.03484032]))","(array([0.05601451]), array([-0.03405694]))","(array([0.05558573]), array([-0.03488915]))","(array([0.05697919]), array([-0.0327913]))","(array([0.05579938]), array([-0.03071326]))","(array([0.05376417]), array([-0.02578467]))","(array([0.050302]), array([-0.02421936]))","(array([0.0485364]), array([-0.02316067]))"
(0.014484354348385537+0j),[0.13403395],[1.],[0.19352664],[1.],"(array([0.0930421]), array([0.00065505]))","(array([0.04944648]), array([-0.03514866]))","(array([0.05363227]), array([-0.03484048]))","(array([0.05601393]), array([-0.03405717]))","(array([0.05558518]), array([-0.03488942]))","(array([0.05697869]), array([-0.03279164]))","(array([0.05579892]), array([-0.03071364]))","(array([0.05376376]), array([-0.02578507]))","(array([0.05030161]), array([-0.02421977]))","(array([0.04853604]), array([-0.0231611]))","(array([0.04810127]), array([-0.02299886]))"
(0.01430805218153632+0j),[0.13225114],[1.],[0.1931115],[1.],"(array([0.09282295]), array([-0.00482178]))","(array([0.05363165]), array([-0.03484059]))","(array([0.05601335]), array([-0.03405737]))","(array([0.05558463]), array([-0.03488966]))","(array([0.05697819]), array([-0.03279194]))","(array([0.05579845]), array([-0.03071397]))","(array([0.05376334]), array([-0.02578544]))","(array([0.05030122]), array([-0.02422015]))","(array([0.04853567]), array([-0.02316148]))","(array([0.04810094]), array([-0.02299926]))","(array([0.04795242]), array([-0.02240226]))"
(0.016030402385105086+0j),[0.12033526],[1.],[0.2168454],[1.],"(array([0.09898854]), array([-0.00491292]))","(array([0.05601284]), array([-0.03405751]))","(array([0.05558415]), array([-0.03488983]))","(array([0.05697775]), array([-0.03279218]))","(array([0.05579804]), array([-0.03071424]))","(array([0.05376297]), array([-0.02578575]))","(array([0.05030086]), array([-0.02422046]))","(array([0.04853534]), array([-0.0231618]))","(array([0.04810063]), array([-0.02299959]))","(array([0.04795215]), array([-0.0224026]))","(array([0.04859691]), array([-0.02431681]))"
(0.01776427296710054+0j),[0.11218803],[1.],[0.23586965],[1.],"(array([0.10651784]), array([-0.00677256]))","(array([0.05558371]), array([-0.03488997]))","(array([0.05697735]), array([-0.03279237]))","(array([0.05579767]), array([-0.03071446]))","(array([0.05376262]), array([-0.025786]))","(array([0.05030053]), array([-0.02422071]))","(array([0.04853503]), array([-0.02316207]))","(array([0.04810035]), array([-0.02299987]))","(array([0.04795189]), array([-0.02240289]))","(array([0.04859668]), array([-0.02431711]))","(array([0.04888228]), array([-0.03009648]))"
(0.019556535503870504+0j),[0.12007882],[1.],[0.24634767],[1.],"(array([0.1102702]), array([-0.00938042]))","(array([0.05697691]), array([-0.03279254]))","(array([0.05579726]), array([-0.03071467]))","(array([0.05376225]), array([-0.02578624]))","(array([0.05030017]), array([-0.02422096]))","(array([0.04853469]), array([-0.02316233]))","(array([0.04810004]), array([-0.02300015]))","(array([0.04795161]), array([-0.02240318]))","(array([0.04859642]), array([-0.02431741]))","(array([0.04888204]), array([-0.03009678]))","(array([0.0494355]), array([-0.03460545]))"
(0.018555957807531335+0j),[0.11848924],[1.],[0.23915332],[1.],"(array([0.11156346]), array([-0.00560161]))","(array([0.0557967]), array([-0.0307149]))","(array([0.05376173]), array([-0.02578652]))","(array([0.05029967]), array([-0.02422126]))","(array([0.04853422]), array([-0.02316264]))","(array([0.0480996]), array([-0.02300048]))","(array([0.04795121]), array([-0.02240354]))","(array([0.04859605]), array([-0.02431778]))","(array([0.04888168]), array([-0.03009714]))","(array([0.04943517]), array([-0.03460581]))","(array([0.05084176]), array([-0.03367828]))"
(0.01763644938391071+0j),[0.1363481],[1.],[0.22157607],[1.],"(array([0.10883246]), array([-0.00392471]))","(array([0.05376101]), array([-0.02578683]))","(array([0.05029898]), array([-0.02422159]))","(array([0.04853356]), array([-0.023163]))","(array([0.04809899]), array([-0.02300088]))","(array([0.04795064]), array([-0.02240396]))","(array([0.04859552]), array([-0.02431822]))","(array([0.04888118]), array([-0.03009757]))","(array([0.04943471]), array([-0.03460625]))","(array([0.05084136]), array([-0.03367874]))","(array([0.04971946]), array([-0.03253575]))"
(0.016805812518386146+0j),[0.14817526],[1.],[0.20621829],[1.],"(array([0.10298482]), array([0.00480865]))","(array([0.05029815]), array([-0.02422191]))","(array([0.04853277]), array([-0.02316336]))","(array([0.04809825]), array([-0.02300128]))","(array([0.04794994]), array([-0.02240441]))","(array([0.04859487]), array([-0.02431869]))","(array([0.04888056]), array([-0.03009804]))","(array([0.04943413]), array([-0.03460672]))","(array([0.05084086]), array([-0.03367925]))","(array([0.04971901]), array([-0.03253626]))","(array([0.05110906]), array([-0.02733193]))"
(0.0178909862665443+0j),[0.14499722],[1.],[0.21824786],[1.],"(array([0.09808242]), array([0.00893416]))","(array([0.04853192]), array([-0.0231637]))","(array([0.04809744]), array([-0.02300166]))","(array([0.04794919]), array([-0.02240483]))","(array([0.04859417]), array([-0.02431915]))","(array([0.04887989]), array([-0.0300985]))","(array([0.0494335]), array([-0.03460718]))","(array([0.0508403]), array([-0.03367975]))","(array([0.04971851]), array([-0.03253677]))","(array([0.05110866]), array([-0.02733248]))","(array([0.05260683]), array([-0.02480498]))"
(0.019019756439907366+0j),[0.14576638],[1.],[0.22742741],[1.],"(array([0.09899876]), array([0.00926484]))","(array([0.04809657]), array([-0.02300201]))","(array([0.04794837]), array([-0.02240524]))","(array([0.0485934]), array([-0.02431959]))","(array([0.04887916]), array([-0.03009893]))","(array([0.04943282]), array([-0.03460763]))","(array([0.05083969]), array([-0.03368024]))","(array([0.04971796]), array([-0.03253728]))","(array([0.05110822]), array([-0.02733304]))","(array([0.05260648]), array([-0.02480558]))","(array([0.05331807]), array([-0.02749195]))"
(0.020149962288613082+0j),[0.12583867],[1.],[0.24784809],[1.],"(array([0.10058653]), array([0.00958991]))","(array([0.04794752]), array([-0.0224056]))","(array([0.04859259]), array([-0.02432]))","(array([0.04887839]), array([-0.03009934]))","(array([0.0494321]), array([-0.03460805]))","(array([0.05083905]), array([-0.03368071]))","(array([0.04971738]), array([-0.03253776]))","(array([0.05110774]), array([-0.02733358]))","(array([0.0526061]), array([-0.02480616]))","(array([0.05331774]), array([-0.02749254]))","(array([0.05447113]), array([-0.02916231]))"
(0.0182808033070396+0j),[0.13224155],[1.],[0.22926749],[1.],"(array([0.10223515]), array([0.00579012]))","(array([0.04859185]), array([-0.02432032]))","(array([0.04887768]), array([-0.03009967]))","(array([0.04943143]), array([-0.03460839]))","(array([0.05083845]), array([-0.0336811]))","(array([0.04971683]), array([-0.03253817]))","(array([0.05110728]), array([-0.02733405]))","(array([0.05260572]), array([-0.02480667]))","(array([0.05331742]), array([-0.02749306]))","(array([0.05447086]), array([-0.02916284]))","(array([0.05156267]), array([-0.03291715]))"
(0.016638238819005696+0j),[0.14169891],[1.],[0.2088948],[1.],"(array([0.09877824]), array([0.00533449]))","(array([0.04887706]), array([-0.0300999]))","(array([0.04943085]), array([-0.03460864]))","(array([0.05083792]), array([-0.0336814]))","(array([0.04971634]), array([-0.03253849]))","(array([0.05110686]), array([-0.02733441]))","(array([0.05260538]), array([-0.02480708]))","(array([0.05331712]), array([-0.02749348]))","(array([0.05447061]), array([-0.02916328]))","(array([0.05156242]), array([-0.03291757]))","(array([0.05077554]), array([-0.02863575]))"
(0.015286800028174601+0j),[0.13566174],[1.],[0.20022863],[1.],"(array([0.09457526]), array([0.00178043]))","(array([0.04943026]), array([-0.03460884]))","(array([0.05083738]), array([-0.03368164]))","(array([0.04971584]), array([-0.03253875]))","(array([0.05110643]), array([-0.02733474]))","(array([0.05260501]), array([-0.02480745]))","(array([0.05331679]), array([-0.02749387]))","(array([0.05447033]), array([-0.02916369]))","(array([0.05156216]), array([-0.03291797]))","(array([0.05077532]), array([-0.02863615]))","(array([0.05045875]), array([-0.0236361]))"
(0.015122129170423911+0j),[0.13078375],[1.],[0.20192481],[1.],"(array([0.09434944]), array([-0.00394223]))","(array([0.05083672]), array([-0.03368188]))","(array([0.04971523]), array([-0.03253902]))","(array([0.05110589]), array([-0.02733508]))","(array([0.05260454]), array([-0.02480784]))","(array([0.05331637]), array([-0.02749429]))","(array([0.05446997]), array([-0.02916413]))","(array([0.05156181]), array([-0.03291841]))","(array([0.05077503]), array([-0.02863661]))","(array([0.05045852]), array([-0.02363658]))","(array([0.04901816]), array([-0.02356838]))"
(0.014915180480762+0j),[0.12766758],[1.],[0.20200346],[1.],"(array([0.09609445]), array([-0.00411022]))","(array([0.04971448]), array([-0.03253927]))","(array([0.05110521]), array([-0.02733542]))","(array([0.05260395]), array([-0.02480827]))","(array([0.05331583]), array([-0.02749475]))","(array([0.05446949]), array([-0.02916463]))","(array([0.05156135]), array([-0.03291889]))","(array([0.05077464]), array([-0.02863712]))","(array([0.05045821]), array([-0.02363712]))","(array([0.04901787]), array([-0.02356893]))","(array([0.04823925]), array([-0.02440911]))"
(0.014725374148470236+0j),[0.1352665],[1.],[0.19519757],[1.],"(array([0.0950175]), array([-0.00368143]))","(array([0.05110442]), array([-0.02733575]))","(array([0.05260324]), array([-0.0248087]))","(array([0.05331518]), array([-0.02749522]))","(array([0.05446891]), array([-0.02916515]))","(array([0.05156079]), array([-0.0329194]))","(array([0.05077416]), array([-0.02863767]))","(array([0.05045781]), array([-0.02363771]))","(array([0.04901751]), array([-0.02356952]))","(array([0.04823892]), array([-0.02440971]))","(array([0.04764375]), array([-0.02480531]))"
(0.016242478009197467+0j),[0.14436495],[1.],[0.20362534],[1.],"(array([0.0968259]), array([0.00306395]))","(array([0.05260245]), array([-0.02480909]))","(array([0.05331446]), array([-0.02749567]))","(array([0.05446826]), array([-0.02916565]))","(array([0.05156016]), array([-0.03291989]))","(array([0.05077361]), array([-0.02863822]))","(array([0.05045734]), array([-0.0236383]))","(array([0.04901708]), array([-0.02357013]))","(array([0.04823853]), array([-0.02441031]))","(array([0.0476434]), array([-0.02480592]))","(array([0.04918834]), array([-0.02439673]))"
(0.017664171992993007+0j),[0.13440674],[1.],[0.22301073],[1.],"(array([0.10013165]), array([0.00752702]))","(array([0.05331371]), array([-0.02749604]))","(array([0.05446757]), array([-0.02916609]))","(array([0.05155951]), array([-0.03292032]))","(array([0.05077302]), array([-0.0286387]))","(array([0.05045683]), array([-0.02363885]))","(array([0.04901661]), array([-0.02357068]))","(array([0.0482381]), array([-0.02441087]))","(array([0.04764301]), array([-0.02480648]))","(array([0.04918801]), array([-0.02439732]))","(array([0.05176917]), array([-0.02499398]))"
(0.01917514835849109+0j),[0.13085363],[1.],[0.23764548],[1.],"(array([0.1050778]), array([0.00271401]))","(array([0.05446678]), array([-0.02916651]))","(array([0.05155874]), array([-0.03292074]))","(array([0.05077233]), array([-0.02863919]))","(array([0.05045623]), array([-0.0236394]))","(array([0.04901604]), array([-0.02357125]))","(array([0.04823757]), array([-0.02441146]))","(array([0.04764253]), array([-0.02480708]))","(array([0.04918761]), array([-0.02439795]))","(array([0.05176886]), array([-0.02499464]))","(array([0.05204545]), array([-0.02972457]))"
(0.018131967642954692+0j),[0.13664985],[1.],[0.22557715],[1.],"(array([0.10709313]), array([0.00030232]))","(array([0.0515578]), array([-0.03292116]))","(array([0.05077147]), array([-0.02863969]))","(array([0.05045545]), array([-0.02363999]))","(array([0.04901531]), array([-0.02357186]))","(array([0.04823689]), array([-0.02441209]))","(array([0.0476419]), array([-0.02480773]))","(array([0.04918707]), array([-0.02439864]))","(array([0.05176842]), array([-0.02499538]))","(array([0.05204505]), array([-0.0297253]))","(array([0.05183477]), array([-0.03084199]))"
(0.017319706881637455+0j),[0.13985716],[1.],[0.21643102],[1.],"(array([0.10160164]), array([-0.00208522]))","(array([0.05077043]), array([-0.02864018]))","(array([0.0504545]), array([-0.0236406]))","(array([0.04901441]), array([-0.02357251]))","(array([0.04823604]), array([-0.02441276]))","(array([0.04764111]), array([-0.02480842]))","(array([0.04918639]), array([-0.0243994]))","(array([0.05176785]), array([-0.02499619]))","(array([0.05204453]), array([-0.02972612]))","(array([0.05183432]), array([-0.0308428]))","(array([0.05172753]), array([-0.02792206]))"
(0.016530220869052203+0j),[0.13733452],[1.],[0.21091939],[1.],"(array([0.09882488]), array([0.00279631]))","(array([0.05045351]), array([-0.02364116]))","(array([0.04901347]), array([-0.0235731]))","(array([0.04823515]), array([-0.02441338]))","(array([0.04764028]), array([-0.02480908]))","(array([0.04918566]), array([-0.02440012]))","(array([0.05176724]), array([-0.02499698]))","(array([0.05204397]), array([-0.02972691]))","(array([0.05183382]), array([-0.0308436]))","(array([0.05172712]), array([-0.02792287]))","(array([0.05125294]), array([-0.02589886]))"
(0.0185101274846496+0j),[0.14147679],[1.],[0.22576758],[1.],"(array([0.10009603]), array([0.00711724]))","(array([0.04901259]), array([-0.02357359]))","(array([0.04823431]), array([-0.0244139]))","(array([0.04763949]), array([-0.02480963]))","(array([0.04918496]), array([-0.02440075]))","(array([0.05176664]), array([-0.02499767]))","(array([0.05204342]), array([-0.0297276]))","(array([0.05183334]), array([-0.03084431]))","(array([0.05172672]), array([-0.02792359]))","(array([0.05125261]), array([-0.02589959]))","(array([0.05145968]), array([-0.02761306]))"
(0.020558984074835283+0j),[0.13122377],[1.],[0.24819006],[1.],"(array([0.10194089]), array([0.00809024]))","(array([0.04823352]), array([-0.02441434]))","(array([0.04763875]), array([-0.0248101]))","(array([0.04918429]), array([-0.02440128]))","(array([0.05176607]), array([-0.02499827]))","(array([0.05204289]), array([-0.02972821]))","(array([0.05183286]), array([-0.03084492]))","(array([0.05172632]), array([-0.02792423]))","(array([0.05125228]), array([-0.02590024]))","(array([0.0514594]), array([-0.0276137]))","(array([0.05388659]), array([-0.03000586]))"
(0.022740613269919274+0j),[0.11435895],[1.],[0.27205433],[1.],"(array([0.10609554]), array([0.00501178]))","(array([0.04763797]), array([-0.02481053]))","(array([0.04918359]), array([-0.02440179]))","(array([0.05176546]), array([-0.02499885]))","(array([0.05204232]), array([-0.02972879]))","(array([0.05183235]), array([-0.03084553]))","(array([0.05172589]), array([-0.02792486]))","(array([0.05125191]), array([-0.02590088]))","(array([0.05145908]), array([-0.02761435]))","(array([0.05388635]), array([-0.03000652]))","(array([0.05441553]), array([-0.03539744]))"
(0.021968074324575225+0j),[0.12189213],[1.],[0.26308125],[1.],"(array([0.10837143]), array([0.00091476]))","(array([0.04918282]), array([-0.02440225]))","(array([0.05176477]), array([-0.0249994]))","(array([0.05204169]), array([-0.02972936]))","(array([0.05183177]), array([-0.03084611]))","(array([0.05172539]), array([-0.02792548]))","(array([0.05125147]), array([-0.02590152]))","(array([0.0514587]), array([-0.027615]))","(array([0.05388606]), array([-0.03000718]))","(array([0.05441527]), array([-0.0353981]))","(array([0.05264623]), array([-0.03973462]))"
(0.021202742539346623+0j),[0.13000298],[1.],[0.25337025],[1.],"(array([0.10790791]), array([0.00297188]))","(array([0.05176402]), array([-0.02499991]))","(array([0.05204099]), array([-0.02972989]))","(array([0.05183113]), array([-0.03084667]))","(array([0.05172483]), array([-0.02792607]))","(array([0.05125098]), array([-0.02590214]))","(array([0.05145827]), array([-0.02761563]))","(array([0.0538857]), array([-0.03000784]))","(array([0.05441495]), array([-0.03539875]))","(array([0.05264594]), array([-0.03973526]))","(array([0.05307001]), array([-0.03717088]))"
(0.020430770150254015+0j),[0.14337064],[1.],[0.2399218],[1.],"(array([0.10829267]), array([0.00417511]))","(array([0.05204024]), array([-0.02973038]))","(array([0.05183044]), array([-0.0308472]))","(array([0.05172421]), array([-0.02792665]))","(array([0.05125044]), array([-0.02590274]))","(array([0.05145778]), array([-0.02761625]))","(array([0.0538853]), array([-0.03000849]))","(array([0.05441459]), array([-0.03539941]))","(array([0.0526456]), array([-0.0397359]))","(array([0.05306975]), array([-0.03717153]))","(array([0.05353144]), array([-0.0343682]))"
(0.01792548693330391+0j),[0.14083663],[1.],[0.22055261],[1.],"(array([0.10382926]), array([0.00250303]))","(array([0.05182973]), array([-0.03084765]))","(array([0.05172357]), array([-0.02792715]))","(array([0.05124986]), array([-0.02590328]))","(array([0.05145726]), array([-0.02761682]))","(array([0.05388485]), array([-0.0300091]))","(array([0.05441419]), array([-0.03540001]))","(array([0.05264522]), array([-0.0397365]))","(array([0.05306945]), array([-0.03717214]))","(array([0.05353122]), array([-0.03436882]))","(array([0.0538102]), array([-0.02873436]))"
(0.01575915769874146+0j),[0.13433358],[1.],[0.20517424],[1.],"(array([0.09936125]), array([0.00086052]))","(array([0.0517229]), array([-0.0279276]))","(array([0.05124925]), array([-0.02590377]))","(array([0.0514567]), array([-0.02761733]))","(array([0.05388437]), array([-0.03000966]))","(array([0.05441375]), array([-0.03540059]))","(array([0.05264481]), array([-0.03973707]))","(array([0.05306911]), array([-0.03717273]))","(array([0.05353095]), array([-0.03436942]))","(array([0.05381002]), array([-0.02873497]))","(array([0.05122654]), array([-0.02530986]))"
(0.01380240131198341+0j),[0.13514772],[1.],[0.18535397],[1.],"(array([0.09587374]), array([0.00228239]))","(array([0.05124863]), array([-0.02590419]))","(array([0.05145614]), array([-0.02761778]))","(array([0.05388388]), array([-0.03001015]))","(array([0.0544133]), array([-0.03540109]))","(array([0.05264438]), array([-0.03973757]))","(array([0.05306875]), array([-0.03717326]))","(array([0.05353066]), array([-0.03436997]))","(array([0.05380982]), array([-0.02873553]))","(array([0.05122638]), array([-0.02531042]))","(array([0.04823869]), array([-0.02313115]))"
(0.01279377167105289+0j),[0.13432093],[1.],[0.17532841],[1.],"(array([0.0919397]), array([0.00443773]))","(array([0.05145561]), array([-0.02761814]))","(array([0.05388341]), array([-0.03001056]))","(array([0.05441287]), array([-0.03540152]))","(array([0.05264397]), array([-0.03973799]))","(array([0.0530684]), array([-0.03717371]))","(array([0.05353038]), array([-0.03437044]))","(array([0.0538096]), array([-0.02873602]))","(array([0.0512262]), array([-0.02531091]))","(array([0.04823854]), array([-0.02313163]))","(array([0.04662297]), array([-0.02006887]))"
(0.011906006641811392+0j),[0.1349143],[1.],[0.16494313],[1.],"(array([0.08993771]), array([0.00258691]))","(array([0.05388301]), array([-0.03001085]))","(array([0.05441249]), array([-0.03540182]))","(array([0.05264362]), array([-0.0397383]))","(array([0.05306809]), array([-0.03717404]))","(array([0.05353012]), array([-0.0343708]))","(array([0.0538094]), array([-0.0287364]))","(array([0.05122602]), array([-0.02531129]))","(array([0.04823838]), array([-0.023132]))","(array([0.04662285]), array([-0.02006924]))","(array([0.04539983]), array([-0.01822422]))"
(0.011103599542776708+0j),[0.13500268],[1.],[0.1553625],[1.],"(array([0.09002208]), array([0.00038727]))","(array([0.05441214]), array([-0.03540206]))","(array([0.05264328]), array([-0.03973854]))","(array([0.05306779]), array([-0.03717431]))","(array([0.05352986]), array([-0.03437109]))","(array([0.05380919]), array([-0.02873671]))","(array([0.05122584]), array([-0.0253116]))","(array([0.04823821]), array([-0.02313231]))","(array([0.04662271]), array([-0.02006955]))","(array([0.04539972]), array([-0.01822453]))","(array([0.04439546]), array([-0.01609851]))"
(0.012766053773553932+0j),[0.14633457],[1.],[0.1658439],[1.],"(array([0.09159465]), array([-0.00484985]))","(array([0.05264297]), array([-0.03973872]))","(array([0.05306751]), array([-0.03717452]))","(array([0.05352961]), array([-0.03437132]))","(array([0.05380898]), array([-0.02873697]))","(array([0.05122565]), array([-0.02531186]))","(array([0.04823804]), array([-0.02313257]))","(array([0.04662257]), array([-0.02006982]))","(array([0.0453996]), array([-0.0182248]))","(array([0.04439536]), array([-0.01609878]))","(array([0.04505056]), array([-0.01692509]))"
(0.014559931134793138+0j),[0.15096486],[1.],[0.18196683],[1.],"(array([0.09215976]), array([-0.00659138]))","(array([0.05306725]), array([-0.03717468]))","(array([0.05352938]), array([-0.0343715]))","(array([0.05380878]), array([-0.02873717]))","(array([0.05122546]), array([-0.02531207]))","(array([0.04823787]), array([-0.02313278]))","(array([0.04662242]), array([-0.02007004]))","(array([0.04539947]), array([-0.01822502]))","(array([0.04439525]), array([-0.016099]))","(array([0.04505047]), array([-0.01692532]))","(array([0.04846509]), array([-0.01764907]))"
(0.01635872047707797+0j),[0.16341439],[1.],[0.19010895],[1.],"(array([0.09610504]), array([-0.00307736]))","(array([0.05352914]), array([-0.03437165]))","(array([0.05380857]), array([-0.02873735]))","(array([0.05122527]), array([-0.02531225]))","(array([0.04823769]), array([-0.02313297]))","(array([0.04662225]), array([-0.02007023]))","(array([0.04539933]), array([-0.01822522]))","(array([0.04439513]), array([-0.01609921]))","(array([0.04505037]), array([-0.01692553]))","(array([0.04846502]), array([-0.01764928]))","(array([0.05104828]), array([-0.02022333]))"
(0.017233998729708464+0j),[0.1577763],[1.],[0.20316791],[1.],"(array([0.09743028]), array([0.00239006]))","(array([0.05380834]), array([-0.0287375]))","(array([0.05122506]), array([-0.02531241]))","(array([0.04823749]), array([-0.02313313]))","(array([0.04662207]), array([-0.0200704]))","(array([0.04539916]), array([-0.0182254]))","(array([0.04439499]), array([-0.01609939]))","(array([0.04505025]), array([-0.01692572]))","(array([0.04846493]), array([-0.01764949]))","(array([0.05104821]), array([-0.02022354]))","(array([0.05378738]), array([-0.01963881]))"
(0.018014763507220165+0j),[0.14813362],[1.],[0.21721733],[1.],"(array([0.10057111]), array([0.0066428]))","(array([0.05122484]), array([-0.02531254]))","(array([0.04823728]), array([-0.02313327]))","(array([0.04662188]), array([-0.02007055]))","(array([0.04539899]), array([-0.01822556]))","(array([0.04439483]), array([-0.01609956]))","(array([0.04505011]), array([-0.01692589]))","(array([0.04846482]), array([-0.01764967]))","(array([0.05104812]), array([-0.02022373]))","(array([0.05378732]), array([-0.01963901]))","(array([0.05402184]), array([-0.02280774]))"
(0.01882593502828496+0j),[0.15575602],[1.],[0.21894088],[1.],"(array([0.10113738]), array([0.00785989]))","(array([0.04823705]), array([-0.02313339]))","(array([0.04662167]), array([-0.02007069]))","(array([0.04539879]), array([-0.0182257]))","(array([0.04439465]), array([-0.01609972]))","(array([0.04504995]), array([-0.01692606]))","(array([0.04846469]), array([-0.01764986]))","(array([0.05104801]), array([-0.02022393]))","(array([0.05378724]), array([-0.01963922]))","(array([0.05402177]), array([-0.02280795]))","(array([0.05368466]), array([-0.02663947]))"
(0.017506815422303625+0j),[0.14320126],[1.],[0.21575957],[1.],"(array([0.09648631]), array([0.01166031]))","(array([0.04662142]), array([-0.02007081]))","(array([0.04539856]), array([-0.01822584]))","(array([0.04439444]), array([-0.01609987]))","(array([0.04504975]), array([-0.01692623]))","(array([0.04846453]), array([-0.01765005]))","(array([0.05104787]), array([-0.02022413]))","(array([0.05378713]), array([-0.01963943]))","(array([0.05402167]), array([-0.02280816]))","(array([0.05368458]), array([-0.02663968]))","(array([0.05425708]), array([-0.02438842]))"
(0.016270077003089193+0j),[0.13127527],[1.],[0.21221778],[1.],"(array([0.09421311]), array([0.01188907]))","(array([0.04539831]), array([-0.01822596]))","(array([0.04439421]), array([-0.01610001]))","(array([0.04504954]), array([-0.01692638]))","(array([0.04846434]), array([-0.01765022]))","(array([0.05104771]), array([-0.02022432]))","(array([0.053787]), array([-0.01963964]))","(array([0.05402156]), array([-0.02280837]))","(array([0.05368447]), array([-0.02663989]))","(array([0.054257]), array([-0.02438864]))","(array([0.05147413]), array([-0.02523586]))"
(0.01512490467322869+0j),[0.1198295],[1.],[0.20856087],[1.],"(array([0.09224323]), array([0.01106826]))","(array([0.04439395]), array([-0.01610013]))","(array([0.0450493]), array([-0.01692652]))","(array([0.04846414]), array([-0.01765039]))","(array([0.05104752]), array([-0.0202245]))","(array([0.05378684]), array([-0.01963984]))","(array([0.05402142]), array([-0.02280858]))","(array([0.05368434]), array([-0.0266401]))","(array([0.0542569]), array([-0.02438885]))","(array([0.05147404]), array([-0.02523607]))","(array([0.04879222]), array([-0.02592197]))"
(0.01498287309517021+0j),[0.10185681],[1.],[0.21674112],[1.],"(array([0.09145006]), array([0.01062661]))","(array([0.04504906]), array([-0.01692663]))","(array([0.04846392]), array([-0.01765054]))","(array([0.05104732]), array([-0.02022467]))","(array([0.05378668]), array([-0.01964003]))","(array([0.05402127]), array([-0.02280877]))","(array([0.0536842]), array([-0.02664029]))","(array([0.05425679]), array([-0.02438906]))","(array([0.05147394]), array([-0.02523627]))","(array([0.04879213]), array([-0.02592217]))","(array([0.0466743]), array([-0.02738859]))"
(0.014857447511613069+0j),[0.10553958],[1.],[0.21397957],[1.],"(array([0.09388887]), array([0.00586948]))","(array([0.04846369]), array([-0.01765067]))","(array([0.05104711]), array([-0.02022481]))","(array([0.05378649]), array([-0.0196402]))","(array([0.0540211]), array([-0.02280895]))","(array([0.05368405]), array([-0.02664048]))","(array([0.05425666]), array([-0.02438925]))","(array([0.05147381]), array([-0.02523646]))","(array([0.04879201]), array([-0.02592235]))","(array([0.0466742]), array([-0.02738878]))","(array([0.04416213]), array([-0.03089864]))"
(0.014661918296497668+0j),[0.11964023],[1.],[0.20474645],[1.],"(array([0.09661361]), array([0.00597514]))","(array([0.05104688]), array([-0.02022495]))","(array([0.05378629]), array([-0.01964037]))","(array([0.05402091]), array([-0.02280912]))","(array([0.05368387]), array([-0.02664065]))","(array([0.05425651]), array([-0.02438944]))","(array([0.05147367]), array([-0.02523664]))","(array([0.04879188]), array([-0.02592254]))","(array([0.04667408]), array([-0.02738896]))","(array([0.04416201]), array([-0.03089881]))","(array([0.04453573]), array([-0.02988631]))"
(0.013907946107030042+0j),[0.12354967],[1.],[0.19520047],[1.],"(array([0.09652071]), array([0.00656683]))","(array([0.05378605]), array([-0.01964052]))","(array([0.05402069]), array([-0.02280928]))","(array([0.05368366]), array([-0.02664081]))","(array([0.05425633]), array([-0.02438962]))","(array([0.0514735]), array([-0.02523683]))","(array([0.04879172]), array([-0.02592272]))","(array([0.04667392]), array([-0.02738914]))","(array([0.04416186]), array([-0.03089899]))","(array([0.04453561]), array([-0.02988649]))","(array([0.04593951]), array([-0.02598577]))"
(0.013150281603690799+0j),[0.1289438],[1.],[0.18402203],[1.],"(array([0.09709497]), array([0.00799905]))","(array([0.05402042]), array([-0.02280943]))","(array([0.05368341]), array([-0.02664097]))","(array([0.05425611]), array([-0.0243898]))","(array([0.05147329]), array([-0.02523701]))","(array([0.04879152]), array([-0.0259229]))","(array([0.04667374]), array([-0.02738932]))","(array([0.04416169]), array([-0.03089916]))","(array([0.04453546]), array([-0.02988668]))","(array([0.04593939]), array([-0.02598597]))","(array([0.04559128]), array([-0.02368701]))"
(0.01250167094276216+0j),[0.1256595],[1.],[0.17953892],[1.],"(array([0.09486621]), array([0.00609588]))","(array([0.05368317]), array([-0.02664109]))","(array([0.05425589]), array([-0.02438995]))","(array([0.05147308]), array([-0.02523716]))","(array([0.04879132]), array([-0.02592305]))","(array([0.04667355]), array([-0.02738947]))","(array([0.04416151]), array([-0.03089931]))","(array([0.0445353]), array([-0.02988684]))","(array([0.04593926]), array([-0.02598615]))","(array([0.04559118]), array([-0.02368719]))","(array([0.04545585]), array([-0.02092101]))"
(0.012597852293613848+0j),[0.11860502],[1.],[0.18542611],[1.],"(array([0.09433782]), array([0.00163747]))","(array([0.05425569]), array([-0.02439005]))","(array([0.05147289]), array([-0.02523726]))","(array([0.04879114]), array([-0.02592316]))","(array([0.04667338]), array([-0.02738958]))","(array([0.04416134]), array([-0.03089942]))","(array([0.04453516]), array([-0.02988696]))","(array([0.04593914]), array([-0.02598628]))","(array([0.04559108]), array([-0.02368733]))","(array([0.04545577]), array([-0.02092115]))","(array([0.04481745]), array([-0.02106882]))"
(0.012651574205340634+0j),[0.12289862],[1.],[0.18332053],[1.],"(array([0.09619087]), array([0.00228157]))","(array([0.05147272]), array([-0.02523733]))","(array([0.04879098]), array([-0.02592323]))","(array([0.04667323]), array([-0.02738966]))","(array([0.04416119]), array([-0.0308995]))","(array([0.04453502]), array([-0.02988705]))","(array([0.04593903]), array([-0.02598639]))","(array([0.04559098]), array([-0.02368745]))","(array([0.04545569]), array([-0.02092127]))","(array([0.04481738]), array([-0.02106894]))","(array([0.04406603]), array([-0.02298124]))"
(0.012772577212272629+0j),[0.11390874],[1.],[0.19036021],[1.],"(array([0.09301303]), array([0.00239784]))","(array([0.04879082]), array([-0.02592329]))","(array([0.04667308]), array([-0.02738972]))","(array([0.04416105]), array([-0.03089955]))","(array([0.04453489]), array([-0.02988712]))","(array([0.04593892]), array([-0.02598647]))","(array([0.04559088]), array([-0.02368754]))","(array([0.04545561]), array([-0.02092137]))","(array([0.04481731]), array([-0.02106905]))","(array([0.04406597]), array([-0.02298135]))","(array([0.04470304]), array([-0.02215749]))"
(0.012666550620019156+0j),[0.10224033],[1.],[0.19588186],[1.],"(array([0.09160468]), array([-0.00024921]))","(array([0.04667293]), array([-0.02738976]))","(array([0.04416091]), array([-0.03089959]))","(array([0.04453476]), array([-0.02988717]))","(array([0.0459388]), array([-0.02598654]))","(array([0.04559078]), array([-0.02368762]))","(array([0.04545552]), array([-0.02092146]))","(array([0.04481722]), array([-0.02106914]))","(array([0.04406589]), array([-0.02298144]))","(array([0.04470298]), array([-0.02215759]))","(array([0.04364144]), array([-0.02424097]))"
(0.012624372318694052+0j),[0.09671205],[1.],[0.19831163],[1.],"(array([0.09075271]), array([-0.00424574]))","(array([0.04416076]), array([-0.03089962]))","(array([0.04453463]), array([-0.02988721]))","(array([0.04593868]), array([-0.0259866]))","(array([0.04559067]), array([-0.02368769]))","(array([0.04545542]), array([-0.02092154]))","(array([0.04481714]), array([-0.02106922]))","(array([0.04406581]), array([-0.02298152]))","(array([0.04470291]), array([-0.02215768]))","(array([0.04364137]), array([-0.02424106]))","(array([0.04208329]), array([-0.02660232]))"
(0.012676009414106855+0j),[0.10792968],[1.],[0.1929917],[1.],"(array([0.0888355]), array([-0.00888491]))","(array([0.04453449]), array([-0.02988723]))","(array([0.04593855]), array([-0.02598664]))","(array([0.04559055]), array([-0.02368774]))","(array([0.04545532]), array([-0.0209216]))","(array([0.04481704]), array([-0.02106929]))","(array([0.04406572]), array([-0.02298159]))","(array([0.04470283]), array([-0.02215776]))","(array([0.0436413]), array([-0.02424114]))","(array([0.04208323]), array([-0.0266024]))","(array([0.04140275]), array([-0.02768223]))"
(0.01242084375647472+0j),[0.11263662],[1.],[0.18767218],[1.],"(array([0.08769227]), array([-0.00543036]))","(array([0.04593843]), array([-0.02598668]))","(array([0.04559044]), array([-0.02368779]))","(array([0.04545521]), array([-0.02092166]))","(array([0.04481694]), array([-0.02106935]))","(array([0.04406563]), array([-0.02298166]))","(array([0.04470275]), array([-0.02215783]))","(array([0.04364123]), array([-0.02424121]))","(array([0.04208315]), array([-0.02660247]))","(array([0.04140268]), array([-0.0276823]))","(array([0.04275924]), array([-0.02514741]))"
(0.012109304835634984+0j),[0.11133594],[1.],[0.18524084],[1.],"(array([0.08789339]), array([-0.0005901]))","(array([0.04559032]), array([-0.02368782]))","(array([0.0454551]), array([-0.0209217]))","(array([0.04481684]), array([-0.0210694]))","(array([0.04406554]), array([-0.02298171]))","(array([0.04470267]), array([-0.02215789]))","(array([0.04364114]), array([-0.02424128]))","(array([0.04208308]), array([-0.02660254]))","(array([0.04140261]), array([-0.02768237]))","(array([0.04275918]), array([-0.02514748]))","(array([0.04297164]), array([-0.02363587]))"
(0.011794904242396698+0j),[0.10314816],[1.],[0.18672837],[1.],"(array([0.08702047]), array([0.00136654]))","(array([0.04545497]), array([-0.02092174]))","(array([0.04481672]), array([-0.02106945]))","(array([0.04406542]), array([-0.02298176]))","(array([0.04470256]), array([-0.02215795]))","(array([0.04364104]), array([-0.02424134]))","(array([0.04208298]), array([-0.0266026]))","(array([0.04140252]), array([-0.02768243]))","(array([0.04275909]), array([-0.02514755]))","(array([0.04297157]), array([-0.02363595]))","(array([0.04241288]), array([-0.0233525]))"
(0.013668356677070245+0j),[0.09488481],[1.],[0.20935854],[1.],"(array([0.08970422]), array([0.00226343]))","(array([0.04481653]), array([-0.02106949]))","(array([0.04406524]), array([-0.02298181]))","(array([0.04470239]), array([-0.02215802]))","(array([0.04364089]), array([-0.02424141]))","(array([0.04208283]), array([-0.02660267]))","(array([0.04140238]), array([-0.02768251]))","(array([0.04275897]), array([-0.02514765]))","(array([0.04297146]), array([-0.02363606]))","(array([0.04241278]), array([-0.0233526]))","(array([0.0422037]), array([-0.02672854]))"
(0.015670549140174912+0j),[0.09843778],[1.],[0.22565458],[1.],"(array([0.09404429]), array([0.0002996]))","(array([0.04406501]), array([-0.02298186]))","(array([0.04470218]), array([-0.02215809]))","(array([0.04364068]), array([-0.02424149]))","(array([0.04208263]), array([-0.02660275]))","(array([0.04140219]), array([-0.0276826]))","(array([0.0427588]), array([-0.02514775]))","(array([0.0429713]), array([-0.02363617]))","(array([0.04241264]), array([-0.02335272]))","(array([0.04220357]), array([-0.02672867]))","(array([0.04312021]), array([-0.03194814]))"
(0.01775387488077225+0j),[0.09825893],[1.],[0.24285608],[1.],"(array([0.09687984]), array([-0.00078722]))","(array([0.0447019]), array([-0.02215815]))","(array([0.04364042]), array([-0.02424156]))","(array([0.04208238]), array([-0.02660282]))","(array([0.04140195]), array([-0.02768268]))","(array([0.04275858]), array([-0.02514786]))","(array([0.0429711]), array([-0.0236363]))","(array([0.04241245]), array([-0.02335286]))","(array([0.0422034]), array([-0.0267288]))","(array([0.04312005]), array([-0.03194828]))","(array([0.0456287]), array([-0.0346419]))"
(0.0184343583808471+0j),[0.09060166],[1.],[0.25100788],[1.],"(array([0.10006286]), array([-2.47282796e-05]))","(array([0.04364011]), array([-0.02424162]))","(array([0.04208208]), array([-0.02660289]))","(array([0.04140167]), array([-0.02768276]))","(array([0.04275832]), array([-0.02514797]))","(array([0.04297086]), array([-0.02363643]))","(array([0.04241223]), array([-0.023353]))","(array([0.04220318]), array([-0.02672895]))","(array([0.04311986]), array([-0.03194843]))","(array([0.04562853]), array([-0.03464207]))","(array([0.04684879]), array([-0.03687754]))"
(0.019152058822095974+0j),[0.103996],[1.],[0.25122016],[1.],"(array([0.10081569]), array([-0.00374219]))","(array([0.04208172]), array([-0.02660294]))","(array([0.04140132]), array([-0.02768282]))","(array([0.04275799]), array([-0.02514808]))","(array([0.04297055]), array([-0.02363656]))","(array([0.04241194]), array([-0.02335315]))","(array([0.04220292]), array([-0.02672911]))","(array([0.04311961]), array([-0.03194859]))","(array([0.04562831]), array([-0.03464225]))","(array([0.04684859]), array([-0.03687773]))","(array([0.04634104]), array([-0.03926611]))"
(0.01990975862942742+0j),[0.09794256],[1.],[0.25918981],[1.],"(array([0.09933764]), array([-0.00310194]))","(array([0.04140092]), array([-0.02768286]))","(array([0.04275762]), array([-0.02514817]))","(array([0.0429702]), array([-0.02363668]))","(array([0.04241161]), array([-0.02335329]))","(array([0.04220261]), array([-0.02672926]))","(array([0.04311932]), array([-0.03194875]))","(array([0.04562805]), array([-0.03464243]))","(array([0.04684836]), array([-0.03687793]))","(array([0.04634083]), array([-0.0392663]))","(array([0.04898064]), array([-0.03783493]))"
(0.01828667135608537+0j),[0.08254569],[1.],[0.25231415],[1.],"(array([0.09839552]), array([-0.00548669]))","(array([0.04275723]), array([-0.02514823]))","(array([0.04296983]), array([-0.02363679]))","(array([0.04241127]), array([-0.02335342]))","(array([0.04220228]), array([-0.02672939]))","(array([0.04311902]), array([-0.03194889]))","(array([0.04562777]), array([-0.03464259]))","(array([0.04684811]), array([-0.03687811]))","(array([0.0463406]), array([-0.03926649]))","(array([0.04898045]), array([-0.03783514]))","(array([0.04771997]), array([-0.03826103]))"
(0.016712736043443994+0j),[0.0816465],[1.],[0.24026833],[1.],"(array([0.09820824]), array([-0.0063969]))","(array([0.04296945]), array([-0.02363687]))","(array([0.04241091]), array([-0.02335352]))","(array([0.04220194]), array([-0.0267295]))","(array([0.0431187]), array([-0.03194902]))","(array([0.04562748]), array([-0.03464275]))","(array([0.04684784]), array([-0.03687828]))","(array([0.04634035]), array([-0.03926667]))","(array([0.04898024]), array([-0.03783534]))","(array([0.04771977]), array([-0.03826124]))","(array([0.04396488]), array([-0.03864665]))"
(0.015270034895578311+0j),[0.0931636],[1.],[0.22394725],[1.],"(array([0.0957678]), array([-0.00511784]))","(array([0.04241056]), array([-0.0233536]))","(array([0.04220162]), array([-0.0267296]))","(array([0.04311839]), array([-0.03194913]))","(array([0.0456272]), array([-0.03464288]))","(array([0.04684759]), array([-0.03687843]))","(array([0.04634011]), array([-0.03926683]))","(array([0.04898003]), array([-0.03783552]))","(array([0.04771958]), array([-0.03826142]))","(array([0.0439647]), array([-0.03864682]))","(array([0.04243735]), array([-0.03646548]))"
(0.013413437480672733+0j),[0.09992471],[1.],[0.20414061],[1.],"(array([0.0910136]), array([-0.00230659]))","(array([0.04220132]), array([-0.02672965]))","(array([0.04311812]), array([-0.0319492]))","(array([0.04562695]), array([-0.03464298]))","(array([0.04684735]), array([-0.03687854]))","(array([0.0463399]), array([-0.03926695]))","(array([0.04897984]), array([-0.03783566]))","(array([0.04771941]), array([-0.03826157]))","(array([0.04396453]), array([-0.03864697]))","(array([0.0424372]), array([-0.03646563]))","(array([0.04252896]), array([-0.0315682]))"
(0.011851642066787741+0j),[0.10822934],[1.],[0.18413668],[1.],"(array([0.08645203]), array([-0.00410978]))","(array([0.04311786]), array([-0.03194925]))","(array([0.04562671]), array([-0.03464305]))","(array([0.04684714]), array([-0.03687863]))","(array([0.04633969]), array([-0.03926705]))","(array([0.04897966]), array([-0.03783578]))","(array([0.04771924]), array([-0.03826169]))","(array([0.04396437]), array([-0.0386471]))","(array([0.04243705]), array([-0.03646576]))","(array([0.04252883]), array([-0.03156834]))","(array([0.04171491]), array([-0.02701252]))"
(0.010567657549640426+0j),[0.10416055],[1.],[0.17263848],[1.],"(array([0.08294519]), array([-0.00737104]))","(array([0.04562647]), array([-0.03464311]))","(array([0.04684691]), array([-0.03687871]))","(array([0.04633948]), array([-0.03926713]))","(array([0.04897947]), array([-0.0378359]))","(array([0.04771906]), array([-0.03826181]))","(array([0.0439642]), array([-0.03864721]))","(array([0.0424369]), array([-0.03646588]))","(array([0.0425287]), array([-0.03156848]))","(array([0.04171479]), array([-0.02701266]))","(array([0.04119918]), array([-0.02220258]))"
(0.013327303448299847+0j),[0.11043065],[1.],[0.19818435],[1.],"(array([0.0876784]), array([-0.01089191]))","(array([0.04684666]), array([-0.03687878]))","(array([0.04633925]), array([-0.03926722]))","(array([0.04897925]), array([-0.037836]))","(array([0.04771886]), array([-0.03826193]))","(array([0.043964]), array([-0.03864733]))","(array([0.04243672]), array([-0.036466]))","(array([0.04252854]), array([-0.03156862]))","(array([0.04171466]), array([-0.02701281]))","(array([0.04119906]), array([-0.02220273]))","(array([0.04159529]), array([-0.02454265]))"
(0.0162899101758414+0j),[0.1143965],[1.],[0.2233379],[1.],"(array([0.09445876]), array([-0.01169835]))","(array([0.04633899]), array([-0.03926728]))","(array([0.04897902]), array([-0.0378361]))","(array([0.04771864]), array([-0.03826203]))","(array([0.04396379]), array([-0.03864743]))","(array([0.04243653]), array([-0.03646612]))","(array([0.04252837]), array([-0.03156875]))","(array([0.04171451]), array([-0.02701296]))","(array([0.04119893]), array([-0.02220289]))","(array([0.04159517]), array([-0.0245428]))","(array([0.04561313]), array([-0.02864328]))"
(0.019465432772707136+0j),[0.11478266],[1.],[0.24895282],[1.],"(array([0.09946527]), array([-0.0131622]))","(array([0.04897873]), array([-0.03783619]))","(array([0.04771836]), array([-0.03826213]))","(array([0.04396353]), array([-0.03864753]))","(array([0.04243628]), array([-0.03646623]))","(array([0.04252815]), array([-0.03156889]))","(array([0.04171431]), array([-0.02701311]))","(array([0.04119876]), array([-0.02220306]))","(array([0.04159501]), array([-0.02454298]))","(array([0.04561299]), array([-0.02864347]))","(array([0.04917099]), array([-0.03295641]))"
(0.021013022619510185+0j),[0.10471637],[1.],[0.26463114],[1.],"(array([0.10628739]), array([-0.01168649]))","(array([0.04771801]), array([-0.03826222]))","(array([0.04396319]), array([-0.03864762]))","(array([0.04243596]), array([-0.03646634]))","(array([0.04252786]), array([-0.03156903]))","(array([0.04171404]), array([-0.02701328]))","(array([0.04119852]), array([-0.02220325]))","(array([0.04159478]), array([-0.02454318]))","(array([0.04561279]), array([-0.02864368]))","(array([0.04917082]), array([-0.03295664]))","(array([0.05130087]), array([-0.0365562]))"
(0.022589796503528003+0j),[0.12190142],[1.],[0.26841854],[1.],"(array([0.10849451]), array([-0.01431999]))","(array([0.04396277]), array([-0.03864767]))","(array([0.04243557]), array([-0.03646642]))","(array([0.04252749]), array([-0.03156916]))","(array([0.04171371]), array([-0.02701344]))","(array([0.04119821]), array([-0.02220345]))","(array([0.04159449]), array([-0.02454338]))","(array([0.04561253]), array([-0.02864391]))","(array([0.04917059]), array([-0.03295688]))","(array([0.05130067]), array([-0.03655645]))","(array([0.0511231]), array([-0.04066323]))"
(0.02425066749018609+0j),[0.125393],[1.],[0.27814208],[1.],"(array([0.10565251]), array([-0.01092233]))","(array([0.04243515]), array([-0.03646646]))","(array([0.0425271]), array([-0.03156925]))","(array([0.04171334]), array([-0.02701357]))","(array([0.04119787]), array([-0.02220362]))","(array([0.04159417]), array([-0.02454356]))","(array([0.04561224]), array([-0.02864412]))","(array([0.04917033]), array([-0.03295711]))","(array([0.05130043]), array([-0.03655669]))","(array([0.05112287]), array([-0.04066347]))","(array([0.05485595]), array([-0.03956258]))"
(0.02593452258554596+0j),[0.12025734],[1.],[0.2912816],[1.],"(array([0.1063176]), array([-0.00803101]))","(array([0.04252672]), array([-0.03156931]))","(array([0.04171298]), array([-0.02701367]))","(array([0.04119753]), array([-0.02220375]))","(array([0.04159385]), array([-0.02454371]))","(array([0.04561195]), array([-0.02864429]))","(array([0.04917006]), array([-0.03295731]))","(array([0.05130018]), array([-0.0365569]))","(array([0.05112264]), array([-0.04066368]))","(array([0.05485576]), array([-0.03956282]))","(array([0.05656726]), array([-0.04110645]))"
(0.027522087029346602+0j),[0.13030705],[1.],[0.29690356],[1.],"(array([0.10928759]), array([-0.00438598]))","(array([0.04171264]), array([-0.02701372]))","(array([0.04119721]), array([-0.02220384]))","(array([0.04159354]), array([-0.02454381]))","(array([0.04561166]), array([-0.02864443]))","(array([0.0491698]), array([-0.03295746]))","(array([0.05129994]), array([-0.03655708]))","(array([0.05112242]), array([-0.04066386]))","(array([0.05485556]), array([-0.03956301]))","(array([0.05656709]), array([-0.04110665]))","(array([0.05692208]), array([-0.04422525]))"
(0.029018015764027575+0j),[0.1613868],[1.],[0.29074654],[1.],"(array([0.10972163]), array([0.00226594]))","(array([0.04119688]), array([-0.0222039]))","(array([0.04159323]), array([-0.02454389]))","(array([0.04561137]), array([-0.02864454]))","(array([0.04916953]), array([-0.0329576]))","(array([0.05129969]), array([-0.03655723]))","(array([0.05112218]), array([-0.04066401]))","(array([0.05485535]), array([-0.03956319]))","(array([0.0565669]), array([-0.04110685]))","(array([0.05692191]), array([-0.04422544]))","(array([0.05936162]), array([-0.04425797]))"
(0.030209096957212873+0j),[0.13862902],[1.],[0.30924521],[1.],"(array([0.10778338]), array([0.0137917]))","(array([0.04159288]), array([-0.02454395]))","(array([0.04561104]), array([-0.02864464]))","(array([0.04916922]), array([-0.03295772]))","(array([0.0512994]), array([-0.03655737]))","(array([0.05112191]), array([-0.04066416]))","(array([0.05485511]), array([-0.03956337]))","(array([0.05656668]), array([-0.04110704]))","(array([0.0569217]), array([-0.04422564]))","(array([0.05936145]), array([-0.04425818]))","(array([0.06446658]), array([-0.03966809]))"
(0.031470737740092944+0j),[0.14020032],[1.],[0.31578394],[1.],"(array([0.11222935]), array([0.00650225]))","(array([0.04561068]), array([-0.02864472]))","(array([0.04916888]), array([-0.03295784]))","(array([0.05129908]), array([-0.03655751]))","(array([0.0511216]), array([-0.0406643]))","(array([0.05485484]), array([-0.03956355]))","(array([0.05656643]), array([-0.04110723]))","(array([0.05692147]), array([-0.04422585]))","(array([0.05936124]), array([-0.0442584]))","(array([0.06446642]), array([-0.03966834]))","(array([0.06220526]), array([-0.0456502]))"
(0.03260651339834402+0j),[0.16335179],[1.],[0.31100858],[1.],"(array([0.11758008]), array([0.00284539]))","(array([0.04916853]), array([-0.03295792]))","(array([0.05129875]), array([-0.03655762]))","(array([0.05112129]), array([-0.04066442]))","(array([0.05485455]), array([-0.0395637]))","(array([0.05656617]), array([-0.04110741]))","(array([0.05692122]), array([-0.04422603]))","(array([0.05936103]), array([-0.04425861]))","(array([0.06446625]), array([-0.03966857]))","(array([0.0622051]), array([-0.04565043]))","(array([0.06325617]), array([-0.04658258]))"
(0.031547997281517914+0j),[0.18507781],[1.],[0.2915273],[1.],"(array([0.11860906]), array([0.00372782]))","(array([0.05129844]), array([-0.03655769]))","(array([0.051121]), array([-0.04066451]))","(array([0.05485428]), array([-0.03956383]))","(array([0.05656591]), array([-0.04110755]))","(array([0.05692099]), array([-0.04422618]))","(array([0.05936082]), array([-0.04425878]))","(array([0.06446608]), array([-0.03966878]))","(array([0.06220494]), array([-0.04565063]))","(array([0.06325603]), array([-0.04658278]))","(array([0.06649125]), array([-0.04179465]))"
(0.030581688260391003+0j),[0.17073779],[1.],[0.29375643],[1.],"(array([0.11640473]), array([0.00499507]))","(array([0.05112072]), array([-0.04066456]))","(array([0.05485403]), array([-0.03956392]))","(array([0.05656567]), array([-0.04110766]))","(array([0.05692076]), array([-0.0442263]))","(array([0.05936061]), array([-0.04425892]))","(array([0.06446591]), array([-0.03966895]))","(array([0.06220477]), array([-0.0456508]))","(array([0.06325588]), array([-0.04658297]))","(array([0.06649114]), array([-0.04179485]))","(array([0.06853907]), array([-0.03560755]))"
(0.029746487370143043+0j),[0.16404213],[1.],[0.29199155],[1.],"(array([0.11672109]), array([-0.00216414]))","(array([0.05485376]), array([-0.03956399]))","(array([0.05656543]), array([-0.04110775]))","(array([0.05692053]), array([-0.04422641]))","(array([0.0593604]), array([-0.04425905]))","(array([0.06446573]), array([-0.03966911]))","(array([0.0622046]), array([-0.04565096]))","(array([0.06325573]), array([-0.04658314]))","(array([0.06649102]), array([-0.04179504]))","(array([0.06853898]), array([-0.03560775]))","(array([0.0661427]), array([-0.03756161]))"
(0.02930064592476417+0j),[0.13829643],[1.],[0.30210567],[1.],"(array([0.12033913]), array([-0.00256071]))","(array([0.05656516]), array([-0.04110783]))","(array([0.05692028]), array([-0.0442265]))","(array([0.05936017]), array([-0.04425916]))","(array([0.06446553]), array([-0.03966926]))","(array([0.06220441]), array([-0.04565111]))","(array([0.06325556]), array([-0.0465833]))","(array([0.06649088]), array([-0.04179522]))","(array([0.06853887]), array([-0.03560795]))","(array([0.0661426]), array([-0.03756181]))","(array([0.06478865]), array([-0.03821058]))"
(0.028809127578066227+0j),[0.13921373],[1.],[0.29849831],[1.],"(array([0.12423335]), array([-0.0097275]))","(array([0.05692002]), array([-0.04422656]))","(array([0.05935993]), array([-0.04425926]))","(array([0.06446532]), array([-0.0396694]))","(array([0.06220421]), array([-0.04565125]))","(array([0.06325538]), array([-0.04658345]))","(array([0.06649072]), array([-0.04179539]))","(array([0.06853875]), array([-0.03560814]))","(array([0.06614248]), array([-0.037562]))","(array([0.06478854]), array([-0.03821077]))","(array([0.06101044]), array([-0.04291242]))"
(0.02838666707456457+0j),[0.12131076],[1.],[0.30351703],[1.],"(array([0.12378594]), array([-0.0125679]))","(array([0.05935966]), array([-0.04425933]))","(array([0.06446508]), array([-0.03966952]))","(array([0.06220398]), array([-0.04565138]))","(array([0.06325517]), array([-0.0465836]))","(array([0.06649054]), array([-0.04179556]))","(array([0.0685386]), array([-0.03560833]))","(array([0.06614234]), array([-0.03756219]))","(array([0.06478841]), array([-0.03821096]))","(array([0.06101031]), array([-0.04291261]))","(array([0.06085035]), array([-0.04207848]))"
(0.028776191053549886+0j),[0.10996561],[1.],[0.31014456],[1.],"(array([0.1279147]), array([-0.01653614]))","(array([0.06446479]), array([-0.03966963]))","(array([0.0622037]), array([-0.0456515]))","(array([0.06325491]), array([-0.04658374]))","(array([0.06649032]), array([-0.04179574]))","(array([0.06853841]), array([-0.03560853]))","(array([0.06614215]), array([-0.03756239]))","(array([0.06478825]), array([-0.03821117]))","(array([0.06101014]), array([-0.04291281]))","(array([0.0608502]), array([-0.04207869]))","(array([0.05828672]), array([-0.04550905]))"
(0.02888274300613808+0j),[0.13023617],[1.],[0.30286681],[1.],"(array([0.13435399]), array([-0.0145527]))","(array([0.06220337]), array([-0.0456516]))","(array([0.0632546]), array([-0.04658387]))","(array([0.06649004]), array([-0.04179592]))","(array([0.06853816]), array([-0.03560875]))","(array([0.06614192]), array([-0.03756261]))","(array([0.06478803]), array([-0.03821139]))","(array([0.06100992]), array([-0.04291303]))","(array([0.06085001]), array([-0.04207891]))","(array([0.05828653]), array([-0.04550927]))","(array([0.05669676]), array([-0.04796761]))"
(0.0291847282135868+0j),[0.11681058],[1.],[0.31007257],[1.],"(array([0.13054443]), array([-0.01593261]))","(array([0.06325426]), array([-0.04658399]))","(array([0.06648973]), array([-0.04179608]))","(array([0.06853789]), array([-0.03560895]))","(array([0.06614166]), array([-0.03756282]))","(array([0.06478778]), array([-0.03821161]))","(array([0.06100968]), array([-0.04291323]))","(array([0.06084979]), array([-0.04207913]))","(array([0.05828632]), array([-0.04550948]))","(array([0.05669656]), array([-0.04796782]))","(array([0.05990819]), array([-0.04432588]))"
(0.03001069602780727+0j),[0.09586156],[1.],[0.32197441],[1.],"(array([0.13355269]), array([-0.0197954]))","(array([0.06648943]), array([-0.0417962]))","(array([0.06853761]), array([-0.03560912]))","(array([0.06614139]), array([-0.03756299]))","(array([0.06478753]), array([-0.03821179]))","(array([0.06100944]), array([-0.04291341]))","(array([0.06084957]), array([-0.04207931]))","(array([0.05828611]), array([-0.04550966]))","(array([0.05669636]), array([-0.047968]))","(array([0.05990802]), array([-0.04432608]))","(array([0.05834904]), array([-0.04748618]))"
(0.0305844659691483+0j),[0.09927463],[1.],[0.3242552],[1.],"(array([0.13932541]), array([-0.01973242]))","(array([0.06853734]), array([-0.03560925]))","(array([0.06614113]), array([-0.03756313]))","(array([0.06478728]), array([-0.03821194]))","(array([0.0610092]), array([-0.04291355]))","(array([0.06084934]), array([-0.04207947]))","(array([0.05828589]), array([-0.04550982]))","(array([0.05669616]), array([-0.04796815]))","(array([0.05990785]), array([-0.04432625]))","(array([0.05834889]), array([-0.04748636]))","(array([0.05552602]), array([-0.05204614]))"
(0.030989833360659972+0j),[0.10390833],[1.],[0.32514181],[1.],"(array([0.14182698]), array([-0.01294681]))","(array([0.06614085]), array([-0.03756326]))","(array([0.06478701]), array([-0.03821208]))","(array([0.06100893]), array([-0.04291369]))","(array([0.0608491]), array([-0.04207962]))","(array([0.05828565]), array([-0.04550997]))","(array([0.05669594]), array([-0.0479683]))","(array([0.05990766]), array([-0.04432643]))","(array([0.05834871]), array([-0.04748653]))","(array([0.05552585]), array([-0.0520463]))","(array([0.05627133]), array([-0.05213967]))"
(0.027469412457007347+0j),[0.10901544],[1.],[0.30231969],[1.],"(array([0.13697942]), array([-0.01383438]))","(array([0.06478668]), array([-0.03821221]))","(array([0.06100861]), array([-0.04291381]))","(array([0.06084879]), array([-0.04207976]))","(array([0.05828536]), array([-0.04551011]))","(array([0.05669567]), array([-0.04796845]))","(array([0.05990742]), array([-0.0443266]))","(array([0.05834848]), array([-0.0474867]))","(array([0.05552564]), array([-0.05204647]))","(array([0.05627114]), array([-0.05213985]))","(array([0.05596937]), array([-0.04948381]))"
(0.024433073752597238+0j),[0.12513576],[1.],[0.27604957],[1.],"(array([0.1306389]), array([-0.01333836]))","(array([0.06100822]), array([-0.04291392]))","(array([0.06084843]), array([-0.0420799]))","(array([0.05828501]), array([-0.04551025]))","(array([0.05669534]), array([-0.04796859]))","(array([0.05990713]), array([-0.04432678]))","(array([0.05834821]), array([-0.04748688]))","(array([0.05552537]), array([-0.05204664]))","(array([0.05627091]), array([-0.05214003]))","(array([0.05596917]), array([-0.04948401]))","(array([0.0544678]), array([-0.04459306]))"
(0.022018120787623635+0j),[0.12013321],[1.],[0.26137801],[1.],"(array([0.12117359]), array([-0.01437535]))","(array([0.06084803]), array([-0.04208001]))","(array([0.05828463]), array([-0.04551036]))","(array([0.05669498]), array([-0.04796872]))","(array([0.0599068]), array([-0.04432695]))","(array([0.0583479]), array([-0.04748705]))","(array([0.05552508]), array([-0.0520468]))","(array([0.05627065]), array([-0.05214021]))","(array([0.05596894]), array([-0.04948419]))","(array([0.0544676]), array([-0.04459326]))","(array([0.05479809]), array([-0.03783579]))"
(0.021982313676073263+0j),[0.12147361],[1.],[0.26071844],[1.],"(array([0.1196227]), array([-0.01465808]))","(array([0.05828425]), array([-0.04551044]))","(array([0.05669462]), array([-0.04796881]))","(array([0.05990647]), array([-0.04432708]))","(array([0.05834759]), array([-0.04748719]))","(array([0.05552479]), array([-0.05204694]))","(array([0.05627038]), array([-0.05214036]))","(array([0.0559687]), array([-0.04948436]))","(array([0.05446739]), array([-0.04459344]))","(array([0.05479791]), array([-0.03783598]))","(array([0.05313568]), array([-0.03718971]))"
(0.02208150044840237+0j),[0.13213874],[1.],[0.25636995],[1.],"(array([0.11697507]), array([-0.01770979]))","(array([0.05669425]), array([-0.04796886]))","(array([0.05990614]), array([-0.04432718]))","(array([0.05834727]), array([-0.0474873]))","(array([0.05552449]), array([-0.05204705]))","(array([0.05627011]), array([-0.05214049]))","(array([0.05596846]), array([-0.04948451]))","(array([0.05446717]), array([-0.0445936]))","(array([0.05479773]), array([-0.03783616]))","(array([0.05313551]), array([-0.03718989]))","(array([0.0534217]), array([-0.03692773]))"
(0.022286899242617262+0j),[0.13126884],[1.],[0.25840911],[1.],"(array([0.11446595]), array([-0.01776232]))","(array([0.05990582]), array([-0.04432725]))","(array([0.05834697]), array([-0.04748738]))","(array([0.05552421]), array([-0.05204713]))","(array([0.05626985]), array([-0.05214058]))","(array([0.05596822]), array([-0.04948462]))","(array([0.05446696]), array([-0.04459373]))","(array([0.05479754]), array([-0.03783631]))","(array([0.05313534]), array([-0.03719004]))","(array([0.05342155]), array([-0.03692789]))","(array([0.05504567]), array([-0.03492877]))"
(0.01931544312798374+0j),[0.14794925],[1.],[0.22540467],[1.],"(array([0.1154042]), array([-0.01439742]))","(array([0.05834671]), array([-0.04748742]))","(array([0.05552396]), array([-0.05204717]))","(array([0.05626962]), array([-0.05214065]))","(array([0.05596802]), array([-0.0494847]))","(array([0.05446677]), array([-0.04459382]))","(array([0.05479737]), array([-0.03783642]))","(array([0.05313519]), array([-0.03719016]))","(array([0.05342141]), array([-0.03692802]))","(array([0.05504555]), array([-0.03492891]))","(array([0.05366935]), array([-0.03309832]))"
(0.017001943369622515+0j),[0.15927255],[1.],[0.19620167],[1.],"(array([0.10662068]), array([-0.01380408]))","(array([0.05552374]), array([-0.05204719]))","(array([0.05626942]), array([-0.05214069]))","(array([0.05596783]), array([-0.04948475]))","(array([0.0544666]), array([-0.04459389]))","(array([0.05479722]), array([-0.03783651]))","(array([0.05313505]), array([-0.03719025]))","(array([0.05342129]), array([-0.03692812]))","(array([0.05504544]), array([-0.03492903]))","(array([0.05366924]), array([-0.03309844]))","(array([0.05330774]), array([-0.02496501]))"
(0.0152845118988344+0j),[0.16306663],[1.],[0.17519827],[1.],"(array([0.09744143]), array([-0.01575451]))","(array([0.05626924]), array([-0.0521407]))","(array([0.05596767]), array([-0.04948479]))","(array([0.05446644]), array([-0.04459393]))","(array([0.05479708]), array([-0.03783657]))","(array([0.05313492]), array([-0.03719032]))","(array([0.05342117]), array([-0.0369282]))","(array([0.05504533]), array([-0.03492912]))","(array([0.05366915]), array([-0.03309853]))","(array([0.05330766]), array([-0.02496512]))","(array([0.05238932]), array([-0.01815561]))"
(0.01548031400531957+0j),[0.16517886],[1.],[0.17558348],[1.],"(array([0.09569753]), array([-0.0150067]))","(array([0.05596751]), array([-0.0494848]))","(array([0.0544663]), array([-0.04459396]))","(array([0.05479695]), array([-0.03783662]))","(array([0.05313479]), array([-0.03719037]))","(array([0.05342105]), array([-0.03692826]))","(array([0.05504523]), array([-0.03492919]))","(array([0.05366905]), array([-0.03309861]))","(array([0.05330758]), array([-0.02496521]))","(array([0.05238925]), array([-0.01815571]))","(array([0.05187322]), array([-0.01557904]))"
(0.015625337047351664+0j),[0.16826106],[1.],[0.17441662],[1.],"(array([0.09548646]), array([-0.01195306]))","(array([0.05446615]), array([-0.04459398]))","(array([0.05479681]), array([-0.03783665]))","(array([0.05313466]), array([-0.03719042]))","(array([0.05342093]), array([-0.03692831]))","(array([0.05504512]), array([-0.03492925]))","(array([0.05366895]), array([-0.03309868]))","(array([0.05330749]), array([-0.02496528]))","(array([0.05238917]), array([-0.0181558]))","(array([0.05187315]), array([-0.01557913]))","(array([0.052263]), array([-0.01545868]))"
(0.015701536502873013+0j),[0.17220395],[1.],[0.17152825],[1.],"(array([0.09376438]), array([-0.00650796]))","(array([0.05479667]), array([-0.03783667]))","(array([0.05313452]), array([-0.03719044]))","(array([0.0534208]), array([-0.03692835]))","(array([0.055045]), array([-0.03492931]))","(array([0.05366884]), array([-0.03309874]))","(array([0.05330739]), array([-0.02496536]))","(array([0.05238908]), array([-0.01815588]))","(array([0.05187307]), array([-0.01557922]))","(array([0.05226292]), array([-0.01545877]))","(array([0.05263265]), array([-0.01499039]))"
(0.014094382566861314+0j),[0.15863535],[1.],[0.16655539],[1.],"(array([0.0913757]), array([0.00094905]))","(array([0.05313436]), array([-0.03719045]))","(array([0.05342064]), array([-0.03692837]))","(array([0.05504485]), array([-0.03492935]))","(array([0.05366869]), array([-0.03309879]))","(array([0.05330726]), array([-0.02496542]))","(array([0.05238896]), array([-0.01815596]))","(array([0.05187295]), array([-0.0155793]))","(array([0.05226282]), array([-0.01545886]))","(array([0.05263256]), array([-0.01499049]))","(array([0.05187902]), array([-0.01228567]))"
(0.012624538141972038+0j),[0.15057998],[1.],[0.15688162],[1.],"(array([0.08865923]), array([-0.00140103]))","(array([0.05342045]), array([-0.03692838]))","(array([0.05504466]), array([-0.03492937]))","(array([0.05366851]), array([-0.03309883]))","(array([0.05330709]), array([-0.02496548]))","(array([0.0523888]), array([-0.01815604]))","(array([0.05187281]), array([-0.01557939]))","(array([0.05226268]), array([-0.01545896]))","(array([0.05263243]), array([-0.01499059]))","(array([0.0518789]), array([-0.01228578]))","(array([0.04875707]), array([-0.01287092]))"
(0.011299016186830562+0j),[0.14649282],[1.],[0.14415311],[1.],"(array([0.08681031]), array([-0.00291288]))","(array([0.05504445]), array([-0.03492938]))","(array([0.05366831]), array([-0.03309885]))","(array([0.05330689]), array([-0.02496553]))","(array([0.05238861]), array([-0.0181561]))","(array([0.05187263]), array([-0.01557947]))","(array([0.05226251]), array([-0.01545905]))","(array([0.05263227]), array([-0.01499069]))","(array([0.05187876]), array([-0.01228589]))","(array([0.04875692]), array([-0.01287103]))","(array([0.04615331]), array([-0.01190893]))"
(0.011180719818471066+0j),[0.14165574],[1.],[0.14783349],[1.],"(array([0.08738399]), array([-0.00185965]))","(array([0.05366807]), array([-0.03309885]))","(array([0.05330666]), array([-0.02496557]))","(array([0.0523884]), array([-0.01815616]))","(array([0.05187242]), array([-0.01557955]))","(array([0.05226231]), array([-0.01545914]))","(array([0.05263208]), array([-0.01499079]))","(array([0.05187858]), array([-0.012286]))","(array([0.04875675]), array([-0.01287113]))","(array([0.04615315]), array([-0.01190903]))","(array([0.04480911]), array([-0.01147222]))"
(0.011058104549188373+0j),[0.13784002],[1.],[0.15025243],[1.],"(array([0.08685146]), array([-0.00113923]))","(array([0.05330642]), array([-0.02496558]))","(array([0.05238816]), array([-0.01815621]))","(array([0.05187219]), array([-0.01557961]))","(array([0.05226209]), array([-0.01545921]))","(array([0.05263188]), array([-0.01499088]))","(array([0.05187839]), array([-0.01228611]))","(array([0.04875656]), array([-0.01287123]))","(array([0.04615297]), array([-0.01190913]))","(array([0.04480894]), array([-0.01147232]))","(array([0.04426964]), array([-0.01275808]))"
(0.01081612975506733+0j),[0.13250278],[1.],[0.1523669],[1.],"(array([0.08703215]), array([0.00595199]))","(array([0.05238792]), array([-0.01815623]))","(array([0.05187196]), array([-0.01557965]))","(array([0.05226187]), array([-0.01545927]))","(array([0.05263167]), array([-0.01499095]))","(array([0.05187819]), array([-0.01228619]))","(array([0.04875637]), array([-0.01287131]))","(array([0.04615278]), array([-0.0119092]))","(array([0.04480876]), array([-0.0114724]))","(array([0.04426948]), array([-0.01275816]))","(array([0.04363838]), array([-0.01374877]))"
(0.012065343218238106+0j),[0.13033715],[1.],[0.16972476],[1.],"(array([0.08874759]), array([0.0114172]))","(array([0.05187175]), array([-0.01557967]))","(array([0.05226166]), array([-0.0154593]))","(array([0.05263147]), array([-0.014991]))","(array([0.051878]), array([-0.01228625]))","(array([0.04875618]), array([-0.01287137]))","(array([0.0461526]), array([-0.01190926]))","(array([0.0448086]), array([-0.01147246]))","(array([0.04426932]), array([-0.01275823]))","(array([0.04363824]), array([-0.01374884]))","(array([0.04379128]), array([-0.01670186]))"
(0.013377616106453317+0j),[0.12442518],[1.],[0.18851656],[1.],"(array([0.09205449]), array([0.01345116]))","(array([0.05226147]), array([-0.01545931]))","(array([0.05263128]), array([-0.01499103]))","(array([0.05187783]), array([-0.01228629]))","(array([0.04875601]), array([-0.0128714]))","(array([0.04615244]), array([-0.0119093]))","(array([0.04480844]), array([-0.01147251]))","(array([0.04426917]), array([-0.01275827]))","(array([0.0436381]), array([-0.01374889]))","(array([0.04379115]), array([-0.01670192]))","(array([0.0452329]), array([-0.02028404]))"
(0.01477552976089979+0j),[0.12428461],[1.],[0.20271332],[1.],"(array([0.09655976]), array([0.01226682]))","(array([0.0526311]), array([-0.01499104]))","(array([0.05187765]), array([-0.01228632]))","(array([0.04875584]), array([-0.01287143]))","(array([0.04615228]), array([-0.01190932]))","(array([0.04480828]), array([-0.01147253]))","(array([0.04426903]), array([-0.01275831]))","(array([0.04363796]), array([-0.01374893]))","(array([0.04379102]), array([-0.01670196]))","(array([0.04523278]), array([-0.02028409]))","(array([0.04616077]), array([-0.02450054]))"
(0.015609983663252681+0j),[0.12390043],[1.],[0.21091342],[1.],"(array([0.09943694]), array([0.01269151]))","(array([0.05187748]), array([-0.01228633]))","(array([0.04875567]), array([-0.01287143]))","(array([0.04615211]), array([-0.01190933]))","(array([0.04480812]), array([-0.01147255]))","(array([0.04426887]), array([-0.01275833]))","(array([0.04363782]), array([-0.01374895]))","(array([0.04379089]), array([-0.016702]))","(array([0.04523266]), array([-0.02028413]))","(array([0.04616066]), array([-0.02450059]))","(array([0.04737679]), array([-0.02669393]))"
(0.016425661263795327+0j),[0.1194918],[1.],[0.22081773],[1.],"(array([0.10050258]), array([0.01524436]))","(array([0.04875549]), array([-0.01287142]))","(array([0.04615193]), array([-0.01190932]))","(array([0.04480795]), array([-0.01147254]))","(array([0.04426871]), array([-0.01275833]))","(array([0.04363766]), array([-0.01374896]))","(array([0.04379075]), array([-0.01670201]))","(array([0.04523253]), array([-0.02028416]))","(array([0.04616053]), array([-0.02450063]))","(array([0.04737668]), array([-0.02669398]))","(array([0.04815491]), array([-0.0283454]))"
(0.01734491484703265+0j),[0.11171504],[1.],[0.23265318],[1.],"(array([0.09963129]), array([0.01370202]))","(array([0.04615175]), array([-0.01190928]))","(array([0.04480778]), array([-0.01147251]))","(array([0.04426854]), array([-0.01275831]))","(array([0.0436375]), array([-0.01374895]))","(array([0.0437906]), array([-0.01670201]))","(array([0.04523239]), array([-0.02028417]))","(array([0.0461604]), array([-0.02450065]))","(array([0.04737656]), array([-0.02669402]))","(array([0.0481548]), array([-0.02834545]))","(array([0.04845123]), array([-0.0307732]))"
(0.018087670267333184+0j),[0.10052327],[1.],[0.24366004],[1.],"(array([0.09945862]), array([0.0129292]))","(array([0.0448076]), array([-0.01147247]))","(array([0.04426838]), array([-0.01275827]))","(array([0.04363734]), array([-0.01374892]))","(array([0.04379045]), array([-0.01670199]))","(array([0.04523225]), array([-0.02028417]))","(array([0.04616027]), array([-0.02450066]))","(array([0.04737644]), array([-0.02669404]))","(array([0.04815469]), array([-0.02834548]))","(array([0.04845113]), array([-0.03077325]))","(array([0.04816424]), array([-0.03374605]))"
(0.018880858319379416+0j),[0.10561138],[1.],[0.24773551],[1.],"(array([0.10056486]), array([0.01089411]))","(array([0.04426821]), array([-0.01275821]))","(array([0.04363719]), array([-0.01374888]))","(array([0.0437903]), array([-0.01670196]))","(array([0.04523211]), array([-0.02028415]))","(array([0.04616014]), array([-0.02450065]))","(array([0.04737631]), array([-0.02669405]))","(array([0.04815457]), array([-0.0283455]))","(array([0.04845102]), array([-0.03077328]))","(array([0.04816414]), array([-0.03374609]))","(array([0.04724868]), array([-0.0371041]))"
(0.019674046726768403+0j),[0.09737586],[1.],[0.25704545],[1.],"(array([0.100931]), array([0.01075855]))","(array([0.04363703]), array([-0.01374881]))","(array([0.04379015]), array([-0.01670191]))","(array([0.04523196]), array([-0.02028411]))","(array([0.04616]), array([-0.02450063]))","(array([0.04737618]), array([-0.02669404]))","(array([0.04815445]), array([-0.02834551]))","(array([0.04845091]), array([-0.0307733]))","(array([0.04816403]), array([-0.03374611]))","(array([0.04724858]), array([-0.03710413]))","(array([0.04869753]), array([-0.03731322]))"
(0.01881532382135769+0j),[0.09703802],[1.],[0.25063902],[1.],"(array([0.10094597]), array([0.00798156]))","(array([0.04378999]), array([-0.01670183]))","(array([0.04523181]), array([-0.02028406]))","(array([0.04615986]), array([-0.02450059]))","(array([0.04737605]), array([-0.02669402]))","(array([0.04815432]), array([-0.02834551]))","(array([0.04845078]), array([-0.0307733]))","(array([0.04816392]), array([-0.03374613]))","(array([0.04724847]), array([-0.03710416]))","(array([0.04869742]), array([-0.03731326]))","(array([0.04747353]), array([-0.03876601]))"
(0.0180440168946817+0j),[0.10329275],[1.],[0.24205893],[1.],"(array([0.09968682]), array([0.005028]))","(array([0.04523165]), array([-0.02028399]))","(array([0.04615971]), array([-0.02450054]))","(array([0.0473759]), array([-0.02669399]))","(array([0.04815418]), array([-0.02834549]))","(array([0.04845065]), array([-0.0307733]))","(array([0.0481638]), array([-0.03374614]))","(array([0.04724836]), array([-0.03710417]))","(array([0.04869731]), array([-0.03731328]))","(array([0.04747343]), array([-0.03876604]))","(array([0.04676701]), array([-0.03754335]))"
(0.017330940030369186+0j),[0.10376271],[1.],[0.23611386],[1.],"(array([0.09920642]), array([0.00291081]))","(array([0.04615956]), array([-0.02450047]))","(array([0.04737576]), array([-0.02669393]))","(array([0.04815404]), array([-0.02834546]))","(array([0.04845052]), array([-0.03077328]))","(array([0.04816367]), array([-0.03374613]))","(array([0.04724823]), array([-0.03710417]))","(array([0.0486972]), array([-0.0373133]))","(array([0.04747332]), array([-0.03876607]))","(array([0.0467669]), array([-0.03754338]))","(array([0.04707467]), array([-0.0351463]))"
(0.01738653807738736+0j),[0.08665628],[1.],[0.2433714],[1.],"(array([0.09944973]), array([-0.00109773]))","(array([0.04737561]), array([-0.02669387]))","(array([0.0481539]), array([-0.02834541]))","(array([0.04845038]), array([-0.03077325]))","(array([0.04816353]), array([-0.03374611]))","(array([0.04724811]), array([-0.03710417]))","(array([0.04869707]), array([-0.03731331]))","(array([0.0474732]), array([-0.03876609]))","(array([0.04676679]), array([-0.03754341]))","(array([0.04707457]), array([-0.03514634]))","(array([0.04691245]), array([-0.03444945]))"
(0.01742073348421813+0j),[0.07907022],[1.],[0.24624726],[1.],"(array([0.10223067]), array([-0.00699833]))","(array([0.04815375]), array([-0.02834534]))","(array([0.04845024]), array([-0.0307732]))","(array([0.04816339]), array([-0.03374608]))","(array([0.04724797]), array([-0.03710414]))","(array([0.04869694]), array([-0.03731331]))","(array([0.04747307]), array([-0.03876609]))","(array([0.04676667]), array([-0.03754343]))","(array([0.04707445]), array([-0.03514637]))","(array([0.04691234]), array([-0.03444949]))","(array([0.04448436]), array([-0.03765828]))"
(0.017438317096829775+0j),[0.1004574],[1.],[0.23851653],[1.],"(array([0.10362138]), array([-0.01027692]))","(array([0.04845009]), array([-0.03077314]))","(array([0.04816325]), array([-0.03374603]))","(array([0.04724783]), array([-0.03710411]))","(array([0.04869681]), array([-0.03731329]))","(array([0.04747294]), array([-0.03876609]))","(array([0.04676654]), array([-0.03754343]))","(array([0.04707433]), array([-0.03514639]))","(array([0.04691222]), array([-0.03444952]))","(array([0.04448425]), array([-0.03765831]))","(array([0.04338154]), array([-0.03900234]))"
(0.015978191179164977+0j),[0.08492823],[1.],[0.23269083],[1.],"(array([0.10078706]), array([-0.00794102]))","(array([0.0481631]), array([-0.03374597]))","(array([0.04724769]), array([-0.03710406]))","(array([0.04869666]), array([-0.03731326]))","(array([0.0474728]), array([-0.03876607]))","(array([0.04676641]), array([-0.03754343]))","(array([0.0470742]), array([-0.0351464]))","(array([0.0469121]), array([-0.03444955]))","(array([0.04448413]), array([-0.03765834]))","(array([0.04338142]), array([-0.03900237]))","(array([0.04594169]), array([-0.03390926]))"
(0.014645825465839044+0j),[0.09838037],[1.],[0.21577598],[1.],"(array([0.09922576]), array([-0.01425308]))","(array([0.04724755]), array([-0.037104]))","(array([0.04869653]), array([-0.03731323]))","(array([0.04747267]), array([-0.03876604]))","(array([0.04676627]), array([-0.03754342]))","(array([0.04707407]), array([-0.03514641]))","(array([0.04691197]), array([-0.03444956]))","(array([0.044484]), array([-0.03765835]))","(array([0.04338131]), array([-0.03900239]))","(array([0.04594158]), array([-0.0339093]))","(array([0.04241267]), array([-0.03447527]))"
(0.013559784161000878+0j),[0.09055998],[1.],[0.20942756],[1.],"(array([0.09461288]), array([-0.01456814]))","(array([0.04869637]), array([-0.03731317]))","(array([0.04747251]), array([-0.038766]))","(array([0.04676612]), array([-0.03754339]))","(array([0.04707392]), array([-0.0351464]))","(array([0.04691182]), array([-0.03444957]))","(array([0.04448387]), array([-0.03765836]))","(array([0.04338117]), array([-0.0390024]))","(array([0.04594145]), array([-0.03390933]))","(array([0.04241255]), array([-0.03447531]))","(array([0.04319931]), array([-0.02975182]))"
(0.012568828439258255+0j),[0.093612],[1.],[0.19874635],[1.],"(array([0.09468625]), array([-0.01648942]))","(array([0.04747233]), array([-0.03876594]))","(array([0.04676594]), array([-0.03754335]))","(array([0.04707373]), array([-0.03514638]))","(array([0.04691164]), array([-0.03444956]))","(array([0.04448369]), array([-0.03765836]))","(array([0.043381]), array([-0.03900241]))","(array([0.04594129]), array([-0.03390936]))","(array([0.0424124]), array([-0.03447533]))","(array([0.04319916]), array([-0.02975186]))","(array([0.04102886]), array([-0.02941673]))"
(0.011731691463628891+0j),[0.10462712],[1.],[0.18468919],[1.],"(array([0.09114386]), array([-0.01723389]))","(array([0.04676571]), array([-0.03754327]))","(array([0.04707351]), array([-0.03514632]))","(array([0.04691142]), array([-0.03444953]))","(array([0.04448347]), array([-0.03765833]))","(array([0.04338079]), array([-0.03900239]))","(array([0.04594109]), array([-0.03390938]))","(array([0.0424122]), array([-0.03447535]))","(array([0.04319897]), array([-0.0297519]))","(array([0.04102868]), array([-0.02941677]))","(array([0.04048309]), array([-0.02705488]))"
(0.011023629482282884+0j),[0.09868319],[1.],[0.1805701],[1.],"(array([0.0873641]), array([-0.01361845]))","(array([0.04707324]), array([-0.03514624]))","(array([0.04691115]), array([-0.03444948]))","(array([0.04448322]), array([-0.03765828]))","(array([0.04338054]), array([-0.03900235]))","(array([0.04594085]), array([-0.03390938]))","(array([0.04241197]), array([-0.03447535]))","(array([0.04319875]), array([-0.02975193]))","(array([0.04102846]), array([-0.0294168]))","(array([0.04048288]), array([-0.02705492]))","(array([0.04101873]), array([-0.02319712]))"
(0.010139235002420838+0j),[0.10736881],[1.],[0.16558654],[1.],"(array([0.08651757]), array([-0.01258664]))","(array([0.04691086]), array([-0.03444939]))","(array([0.04448293]), array([-0.0376582]))","(array([0.04338027]), array([-0.03900229]))","(array([0.04594058]), array([-0.03390936]))","(array([0.0424117]), array([-0.03447533]))","(array([0.04319849]), array([-0.02975194]))","(array([0.04102821]), array([-0.02941682]))","(array([0.04048265]), array([-0.02705495]))","(array([0.04101851]), array([-0.02319717]))","(array([0.0392594]), array([-0.0228803]))"
(0.009385699496631924+0j),[0.09310589],[1.],[0.16547981],[1.],"(array([0.08306488]), array([-0.00999563]))","(array([0.04448262]), array([-0.03765808]))","(array([0.04337996]), array([-0.03900219]))","(array([0.04594027]), array([-0.03390931]))","(array([0.04241141]), array([-0.03447529]))","(array([0.04319821]), array([-0.02975193]))","(array([0.04102794]), array([-0.02941682]))","(array([0.04048238]), array([-0.02705497]))","(array([0.04101826]), array([-0.02319722]))","(array([0.03925916]), array([-0.02288035]))","(array([0.03925464]), array([-0.01908376]))"
(0.008729597934981145+0j),[0.09442227],[1.],[0.15691668],[1.],"(array([0.08067321]), array([-0.01625986]))","(array([0.04337965]), array([-0.03900207]))","(array([0.04593996]), array([-0.03390924]))","(array([0.04241111]), array([-0.03447522]))","(array([0.04319791]), array([-0.0297519]))","(array([0.04102765]), array([-0.02941679]))","(array([0.0404821]), array([-0.02705497]))","(array([0.04101799]), array([-0.02319724]))","(array([0.03925891]), array([-0.02288038]))","(array([0.0392544]), array([-0.01908382]))","(array([0.03662674]), array([-0.02064321]))"
(0.008580990968482397+0j),[0.09277072],[1.],[0.1562145],[1.],"(array([0.07830063]), array([-0.01727994]))","(array([0.04593966]), array([-0.03390916]))","(array([0.04241082]), array([-0.03447514]))","(array([0.04319763]), array([-0.02975186]))","(array([0.04102738]), array([-0.02941676]))","(array([0.04048184]), array([-0.02705495]))","(array([0.04101774]), array([-0.02319726]))","(array([0.03925867]), array([-0.0228804]))","(array([0.03925417]), array([-0.01908386]))","(array([0.03662652]), array([-0.02064325]))","(array([0.03627244]), array([-0.0193817]))"
(0.008338114096258245+0j),[0.0969454],[1.],[0.15072795],[1.],"(array([0.08064386]), array([-0.01267596]))","(array([0.04241056]), array([-0.03447505]))","(array([0.04319736]), array([-0.02975181]))","(array([0.04102712]), array([-0.02941671]))","(array([0.04048159]), array([-0.02705492]))","(array([0.0410175]), array([-0.02319726]))","(array([0.03925844]), array([-0.02288041]))","(array([0.03925396]), array([-0.01908389]))","(array([0.03662631]), array([-0.02064327]))","(array([0.03627224]), array([-0.01938173]))","(array([0.03574065]), array([-0.0194384]))"
(0.008192083601519106+0j),[0.10324145],[1.],[0.14467182],[1.],"(array([0.07599584]), array([-0.01231034]))","(array([0.04319712]), array([-0.02975174]))","(array([0.04102689]), array([-0.02941665]))","(array([0.04048137]), array([-0.02705488]))","(array([0.04101728]), array([-0.02319724]))","(array([0.03925822]), array([-0.0228804]))","(array([0.03925375]), array([-0.01908391]))","(array([0.03662611]), array([-0.02064328]))","(array([0.03627205]), array([-0.01938175]))","(array([0.03574047]), array([-0.01943843]))","(array([0.03598788]), array([-0.01800361]))"
(0.010360221547045042+0j),[0.11165004],[1.],[0.16633494],[1.],"(array([0.07877452]), array([-0.00632096]))","(array([0.04102668]), array([-0.02941658]))","(array([0.04048116]), array([-0.02705483]))","(array([0.04101708]), array([-0.02319722]))","(array([0.03925803]), array([-0.02288038]))","(array([0.03925357]), array([-0.01908391]))","(array([0.03662593]), array([-0.02064327]))","(array([0.03627188]), array([-0.01938176]))","(array([0.03574031]), array([-0.01943844]))","(array([0.03598772]), array([-0.01800364]))","(array([0.03808039]), array([-0.01909577]))"
(0.012737803844921838+0j),[0.12002199],[1.],[0.1871171],[1.],"(array([0.0814019]), array([-0.00414969]))","(array([0.04048097]), array([-0.02705478]))","(array([0.04101689]), array([-0.02319718]))","(array([0.03925785]), array([-0.02288035]))","(array([0.03925339]), array([-0.0190839]))","(array([0.03662576]), array([-0.02064326]))","(array([0.03627172]), array([-0.01938176]))","(array([0.03574015]), array([-0.01943845]))","(array([0.03598758]), array([-0.01800366]))","(array([0.03808026]), array([-0.0190958]))","(array([0.04206942]), array([-0.02233273]))"
(0.015231986028412014+0j),[0.11421067],[1.],[0.2145535],[1.],"(array([0.08541918]), array([-9.72454279e-06]))","(array([0.04101666]), array([-0.02319713]))","(array([0.03925762]), array([-0.0228803]))","(array([0.03925317]), array([-0.01908388]))","(array([0.03662556]), array([-0.02064323]))","(array([0.03627152]), array([-0.01938175]))","(array([0.03573996]), array([-0.01943844]))","(array([0.0359874]), array([-0.01800367]))","(array([0.03808009]), array([-0.01909583]))","(array([0.04206926]), array([-0.02233278]))","(array([0.04589085]), array([-0.02539535]))"
(0.017600599231100397+0j),[0.10207539],[1.],[0.24033574],[1.],"(array([0.09172202]), array([0.00247118]))","(array([0.03925732]), array([-0.02288021]))","(array([0.03925287]), array([-0.01908382]))","(array([0.03662527]), array([-0.02064317]))","(array([0.03627124]), array([-0.0193817]))","(array([0.0357397]), array([-0.01943841]))","(array([0.03598714]), array([-0.01800366]))","(array([0.03807985]), array([-0.01909585]))","(array([0.04206904]), array([-0.02233283]))","(array([0.04589064]), array([-0.02539543]))","(array([0.04758215]), array([-0.03107831]))"
(0.020151890437523877+0j),[0.10421651],[1.],[0.25894198],[1.],"(array([0.0956558]), array([0.00010783]))","(array([0.03925246]), array([-0.0190837]))","(array([0.03662488]), array([-0.02064305]))","(array([0.03627087]), array([-0.01938161]))","(array([0.03573934]), array([-0.01943834]))","(array([0.03598679]), array([-0.01800362]))","(array([0.03807951]), array([-0.01909585]))","(array([0.04206872]), array([-0.02233287]))","(array([0.04589034]), array([-0.02539551]))","(array([0.04758187]), array([-0.03107841]))","(array([0.04810752]), array([-0.03734894]))"
(0.02270500791168822+0j),[0.09399309],[1.],[0.28060072],[1.],"(array([0.09972379]), array([0.00427937]))","(array([0.03662439]), array([-0.02064285]))","(array([0.03627038]), array([-0.01938145]))","(array([0.03573887]), array([-0.01943821]))","(array([0.03598634]), array([-0.01800354]))","(array([0.03807908]), array([-0.01909582]))","(array([0.04206831]), array([-0.0223329]))","(array([0.04588995]), array([-0.02539558]))","(array([0.0475815]), array([-0.03107851]))","(array([0.04810717]), array([-0.03734905]))","(array([0.05046877]), array([-0.04068872]))"
(0.026059493394646714+0j),[0.06293481],[1.],[0.31018311],[1.],"(array([0.10234938]), array([0.00050598]))","(array([0.03626983]), array([-0.01938124]))","(array([0.03573833]), array([-0.01943803]))","(array([0.03598582]), array([-0.01800341]))","(array([0.03807857]), array([-0.01909576]))","(array([0.04206782]), array([-0.0223329]))","(array([0.04588949]), array([-0.02539565]))","(array([0.04758106]), array([-0.0310786]))","(array([0.04810675]), array([-0.03734916]))","(array([0.05046838]), array([-0.04068886]))","(array([0.05117798]), array([-0.04634572]))"
(0.029548926649193195+0j),[0.02934355],[1.],[0.3351009],[1.],"(array([0.108479]), array([-0.00509612]))","(array([0.03573775]), array([-0.01943779]))","(array([0.03598524]), array([-0.01800323]))","(array([0.03807801]), array([-0.01909565]))","(array([0.04206728]), array([-0.02233287]))","(array([0.04588897]), array([-0.02539569]))","(array([0.04758057]), array([-0.03107867]))","(array([0.04810628]), array([-0.03734924]))","(array([0.05046794]), array([-0.04068899]))","(array([0.05117756]), array([-0.04634586]))","(array([0.04847592]), array([-0.05539308]))"
(0.033094002238027595+0j),[0.02169897],[1.],[0.35457456],[1.],"(array([0.11340803]), array([-0.01254131]))","(array([0.0359846]), array([-0.01800299]))","(array([0.03807738]), array([-0.01909549]))","(array([0.04206666]), array([-0.0223328]))","(array([0.04588838]), array([-0.0253957]))","(array([0.04758]), array([-0.03107871]))","(array([0.04810574]), array([-0.03734931]))","(array([0.05046743]), array([-0.04068911]))","(array([0.05117708]), array([-0.046346]))","(array([0.04847546]), array([-0.05539322]))","(array([0.04480772]), array([-0.06381693]))"
(0.0360643809300123+0j),[0.01369709],[1.],[0.36981797],[1.],"(array([0.11759262]), array([-0.01282443]))","(array([0.03807667]), array([-0.01909527]))","(array([0.04206597]), array([-0.02233269]))","(array([0.04588771]), array([-0.02539568]))","(array([0.04757936]), array([-0.03107874]))","(array([0.04810513]), array([-0.03734936]))","(array([0.05046686]), array([-0.04068921]))","(array([0.05117653]), array([-0.04634614]))","(array([0.04847493]), array([-0.05539334]))","(array([0.04480722]), array([-0.06381704]))","(array([0.04528887]), array([-0.06808611]))"
(0.0388904954777398+0j),[0.01383876],[1.],[0.38324127],[1.],"(array([0.12296324]), array([-0.01565193]))","(array([0.04206521]), array([-0.02233252]))","(array([0.04588697]), array([-0.02539562]))","(array([0.04757866]), array([-0.03107873]))","(array([0.04810445]), array([-0.03734938]))","(array([0.05046622]), array([-0.0406893]))","(array([0.05117592]), array([-0.04634625]))","(array([0.04847435]), array([-0.05539345]))","(array([0.04480666]), array([-0.06381714]))","(array([0.04528834]), array([-0.06808623]))","(array([0.04542546]), array([-0.07179306]))"
(0.041483469953895215+0j),[0.01651223],[1.],[0.39489548],[1.],"(array([0.1297862]), array([-0.01878244]))","(array([0.04588618]), array([-0.02539552]))","(array([0.04757789]), array([-0.03107868]))","(array([0.04810372]), array([-0.03734937]))","(array([0.05046552]), array([-0.04068935]))","(array([0.05117526]), array([-0.04634635]))","(array([0.04847371]), array([-0.05539353]))","(array([0.04480605]), array([-0.06381721]))","(array([0.04528777]), array([-0.06808634]))","(array([0.04542492]), array([-0.0717932]))","(array([0.04693517]), array([-0.07419438]))"
(0.036519018580123935+0j),[-0.00889256],[1.],[0.37084788],[1.],"(array([0.13216111]), array([-0.02118294]))","(array([0.04757704]), array([-0.03107858]))","(array([0.04810291]), array([-0.03734931]))","(array([0.05046474]), array([-0.04068937]))","(array([0.05117452]), array([-0.04634641]))","(array([0.048473]), array([-0.05539359]))","(array([0.04480537]), array([-0.06381726]))","(array([0.04528713]), array([-0.06808642]))","(array([0.04542431]), array([-0.07179331]))","(array([0.04693461]), array([-0.07419454]))","(array([0.04678595]), array([-0.07261084]))"
(0.03195347208331441+0j),[-0.00167458],[1.],[0.34710564],[1.],"(array([0.12851753]), array([-0.03230923]))","(array([0.04810198]), array([-0.03734917]))","(array([0.05046384]), array([-0.04068934]))","(array([0.05117366]), array([-0.04634643]))","(array([0.04847218]), array([-0.0553936]))","(array([0.04480459]), array([-0.06381726]))","(array([0.04528639]), array([-0.06808647]))","(array([0.04542361]), array([-0.0717934]))","(array([0.04693396]), array([-0.07419468]))","(array([0.04678535]), array([-0.07261102]))","(array([0.03940479]), array([-0.07071278]))"
(0.02789922412396635+0j),[-0.01355532],[1.],[0.32415621],[1.],"(array([0.12380354]), array([-0.03683444]))","(array([0.05046287]), array([-0.04068924]))","(array([0.05117273]), array([-0.04634639]))","(array([0.04847129]), array([-0.05539356]))","(array([0.04480374]), array([-0.06381721]))","(array([0.04528558]), array([-0.06808648]))","(array([0.04542286]), array([-0.07179345]))","(array([0.04693325]), array([-0.07419479]))","(array([0.04678469]), array([-0.07261118]))","(array([0.03940417]), array([-0.07071293]))","(array([0.03829688]), array([-0.06530309]))"
(0.029468937384004492+0j),[-0.0020337],[1.],[0.33352916],[1.],"(array([0.12460561]), array([-0.04270096]))","(array([0.05117179]), array([-0.0463463]))","(array([0.04847039]), array([-0.05539346]))","(array([0.04480289]), array([-0.06381711]))","(array([0.04528478]), array([-0.06808644]))","(array([0.04542209]), array([-0.07179347]))","(array([0.04693253]), array([-0.07419486]))","(array([0.04678402]), array([-0.07261131]))","(array([0.03940353]), array([-0.07071305]))","(array([0.03829629]), array([-0.06530325]))","(array([0.03532951]), array([-0.06521628]))"
(0.031031160127450337+0j),[0.0034796],[1.],[0.34223759],[1.],"(array([0.12734721]), array([-0.04568908]))","(array([0.04846948]), array([-0.05539332]))","(array([0.04480203]), array([-0.06381697]))","(array([0.04528395]), array([-0.06808636]))","(array([0.04542131]), array([-0.07179344]))","(array([0.04693179]), array([-0.0741949]))","(array([0.04678333]), array([-0.0726114]))","(array([0.03940288]), array([-0.07071314]))","(array([0.03829569]), array([-0.06530338]))","(array([0.03532895]), array([-0.06521643]))","(array([0.03865724]), array([-0.06564214]))"
(0.032700826009834316+0j),[0.03450494],[1.],[0.34952618],[1.],"(array([0.12661197]), array([-0.0533077]))","(array([0.04480113]), array([-0.06381677]))","(array([0.04528309]), array([-0.06808622]))","(array([0.04542049]), array([-0.07179337]))","(array([0.04693102]), array([-0.0741949]))","(array([0.0467826]), array([-0.07261146]))","(array([0.03940219]), array([-0.0707132]))","(array([0.03829504]), array([-0.06530349]))","(array([0.03532834]), array([-0.06521655]))","(array([0.03865668]), array([-0.06564232]))","(array([0.04087774]), array([-0.0666315]))"
(0.03195032391485475+0j),[0.04770139],[1.],[0.34380752],[1.],"(array([0.1229855]), array([-0.05470666]))","(array([0.04528219]), array([-0.06808603]))","(array([0.04541963]), array([-0.07179325]))","(array([0.0469302]), array([-0.07419485]))","(array([0.04678183]), array([-0.07261149]))","(array([0.03940146]), array([-0.07071322]))","(array([0.03829436]), array([-0.06530357]))","(array([0.0353277]), array([-0.06521664]))","(array([0.03865609]), array([-0.06564247]))","(array([0.04087719]), array([-0.06663169]))","(array([0.04698201]), array([-0.06315555]))"
(0.03134055418818886+0j),[0.04792708],[1.],[0.34034092],[1.],"(array([0.12219732]), array([-0.05596699]))","(array([0.04541876]), array([-0.07179306]))","(array([0.04692936]), array([-0.07419475]))","(array([0.04678104]), array([-0.07261146]))","(array([0.03940071]), array([-0.0707132]))","(array([0.03829365]), array([-0.06530361]))","(array([0.03532703]), array([-0.0652167]))","(array([0.03865547]), array([-0.06564259]))","(array([0.04087662]), array([-0.06663186]))","(array([0.04698149]), array([-0.06315579]))","(array([0.04895319]), array([-0.06055187]))"
(0.030792083856151613+0j),[0.05329269],[1.],[0.3364126],[1.],"(array([0.12156776]), array([-0.05953098]))","(array([0.04692848]), array([-0.07419459]))","(array([0.04678019]), array([-0.07261138]))","(array([0.03939991]), array([-0.07071313]))","(array([0.03829289]), array([-0.06530361]))","(array([0.03532632]), array([-0.06521672]))","(array([0.03865481]), array([-0.06564267]))","(array([0.040876]), array([-0.06663199]))","(array([0.04698093]), array([-0.06315601]))","(array([0.04895266]), array([-0.06055213]))","(array([0.04869401]), array([-0.05981687]))"
(0.03258227546722215+0j),[0.06306695],[1.],[0.34446828],[1.],"(array([0.12361665]), array([-0.06069287]))","(array([0.04677929]), array([-0.07261123]))","(array([0.03939906]), array([-0.07071299]))","(array([0.03829208]), array([-0.06530355]))","(array([0.03532556]), array([-0.06521669]))","(array([0.03865409]), array([-0.06564272]))","(array([0.04087533]), array([-0.0666321]))","(array([0.0469803]), array([-0.0631562]))","(array([0.04895208]), array([-0.06055237]))","(array([0.04869345]), array([-0.05981713]))","(array([0.05003717]), array([-0.05966399]))"
(0.0343707549067655+0j),[0.07988721],[1.],[0.35039326],[1.],"(array([0.12522915]), array([-0.05700652]))","(array([0.03939823]), array([-0.07071277]))","(array([0.03829127]), array([-0.06530341]))","(array([0.0353248]), array([-0.06521659]))","(array([0.03865337]), array([-0.0656427]))","(array([0.04087465]), array([-0.06663214]))","(array([0.04697967]), array([-0.06315634]))","(array([0.04895148]), array([-0.06055257]))","(array([0.04869289]), array([-0.05981735]))","(array([0.05003664]), array([-0.05966424]))","(array([0.05273923]), array([-0.06013809]))"
(0.03647811929798179+0j),[0.09853528],[1.],[0.35641156],[1.],"(array([0.11931211]), array([-0.05146782]))","(array([0.03829044]), array([-0.0653032]))","(array([0.03532401]), array([-0.06521641]))","(array([0.03865262]), array([-0.06564263]))","(array([0.04087394]), array([-0.06663214]))","(array([0.046979]), array([-0.06315644]))","(array([0.04895084]), array([-0.06055273]))","(array([0.04869227]), array([-0.05981754]))","(array([0.05003606]), array([-0.05966446]))","(array([0.05273869]), array([-0.06013835]))","(array([0.05662373]), array([-0.05958587]))"
(0.03957336604004522+0j),[0.08927207],[1.],[0.37399029],[1.],"(array([0.1200983]), array([-0.0420999]))","(array([0.0353232]), array([-0.06521617]))","(array([0.03865184]), array([-0.06564248]))","(array([0.04087319]), array([-0.06663207]))","(array([0.04697828]), array([-0.06315649]))","(array([0.04895015]), array([-0.06055285]))","(array([0.04869161]), array([-0.05981769]))","(array([0.05003543]), array([-0.05966465]))","(array([0.0527381]), array([-0.06013858]))","(array([0.05662318]), array([-0.05958615]))","(array([0.06099875]), array([-0.05924693]))"
(0.04270670924070233+0j),[0.07722123],[1.],[0.3910876],[1.],"(array([0.12103826]), array([-0.04406065]))","(array([0.03865107]), array([-0.06564226]))","(array([0.04087245]), array([-0.06663194]))","(array([0.04697756]), array([-0.06315648]))","(array([0.04894946]), array([-0.06055291]))","(array([0.04869095]), array([-0.05981778]))","(array([0.05003479]), array([-0.05966478]))","(array([0.0527375]), array([-0.06013876]))","(array([0.05662262]), array([-0.05958638]))","(array([0.06099823]), array([-0.05924722]))","(array([0.06117887]), array([-0.06365452]))"
(0.04557136786511142+0j),[0.09568481],[1.],[0.3996489],[1.],"(array([0.12802149]), array([-0.04713175]))","(array([0.0408718]), array([-0.06663176]))","(array([0.04697692]), array([-0.06315641]))","(array([0.04894883]), array([-0.06055291]))","(array([0.04869034]), array([-0.05981782]))","(array([0.05003421]), array([-0.05966486]))","(array([0.05273694]), array([-0.06013888]))","(array([0.05662209]), array([-0.05958655]))","(array([0.06099774]), array([-0.05924744]))","(array([0.0611784]), array([-0.06365475]))","(array([0.0607159]), array([-0.06814252]))"
(0.046985006199797924+0j),[0.1009066],[1.],[0.40409804],[1.],"(array([0.13137531]), array([-0.04404171]))","(array([0.04697638]), array([-0.06315631]))","(array([0.0489483]), array([-0.06055286]))","(array([0.04868983]), array([-0.05981781]))","(array([0.05003371]), array([-0.05966488]))","(array([0.05273647]), array([-0.06013894]))","(array([0.05662164]), array([-0.05958666]))","(array([0.06099732]), array([-0.05924759]))","(array([0.061178]), array([-0.06365492]))","(array([0.06071551]), array([-0.06814269]))","(array([0.06481541]), array([-0.06708388]))"
(0.048019872303209706+0j),[0.12358193],[1.],[0.40179663],[1.],"(array([0.13830752]), array([-0.03950396]))","(array([0.04894787]), array([-0.06055279]))","(array([0.0486894]), array([-0.05981776]))","(array([0.0500333]), array([-0.05966486]))","(array([0.05273607]), array([-0.06013896]))","(array([0.05662126]), array([-0.05958672]))","(array([0.06099696]), array([-0.05924769]))","(array([0.06117765]), array([-0.06365502]))","(array([0.06071519]), array([-0.06814281]))","(array([0.06481511]), array([-0.06708403]))","(array([0.06614922]), array([-0.06726936]))"
(0.04895181744972934+0j),[0.13462554],[1.],[0.40180515],[1.],"(array([0.13972082]), array([-0.03198085]))","(array([0.04868901]), array([-0.05981768]))","(array([0.05003292]), array([-0.05966482]))","(array([0.0527357]), array([-0.06013895]))","(array([0.05662091]), array([-0.05958675]))","(array([0.06099662]), array([-0.05924775]))","(array([0.06117733]), array([-0.0636551]))","(array([0.06071487]), array([-0.06814289]))","(array([0.06481482]), array([-0.06708414]))","(array([0.06614894]), array([-0.06726949]))","(array([0.07013061]), array([-0.06432612]))"
(0.049837561736314+0j),[0.16569966],[1.],[0.39344826],[1.],"(array([0.13944974]), array([-0.02883926]))","(array([0.05003255]), array([-0.05966474]))","(array([0.05273534]), array([-0.0601389]))","(array([0.05662056]), array([-0.05958674]))","(array([0.06099629]), array([-0.05924778]))","(array([0.06117701]), array([-0.06365515]))","(array([0.06071456]), array([-0.06814295]))","(array([0.06481453]), array([-0.06708422]))","(array([0.06614867]), array([-0.06726959]))","(array([0.07013036]), array([-0.06432624]))","(array([0.07220854]), array([-0.06311227]))"
(0.050682263622625755+0j),[0.17723578],[1.],[0.39162337],[1.],"(array([0.13891805]), array([-0.02185985]))","(array([0.052735]), array([-0.06013882]))","(array([0.05662022]), array([-0.05958669]))","(array([0.06099596]), array([-0.05924778]))","(array([0.06117669]), array([-0.06365516]))","(array([0.06071426]), array([-0.06814297]))","(array([0.06481424]), array([-0.06708428]))","(array([0.0661484]), array([-0.06726966]))","(array([0.07013011]), array([-0.06432634]))","(array([0.07220831]), array([-0.06311239]))","(array([0.07718282]), array([-0.05807503]))"
(0.05138566694754366+0j),[0.15657745],[1.],[0.40284565],[1.],"(array([0.14114985]), array([-0.01978759]))","(array([0.05661991]), array([-0.05958663]))","(array([0.06099566]), array([-0.05924775]))","(array([0.0611764]), array([-0.06365514]))","(array([0.06071398]), array([-0.06814297]))","(array([0.06481397]), array([-0.0670843]))","(array([0.06614814]), array([-0.06726971]))","(array([0.07012988]), array([-0.06432642]))","(array([0.07220809]), array([-0.06311249]))","(array([0.07718262]), array([-0.05807515]))","(array([0.07915268]), array([-0.05639424]))"
(0.0536179723056992+0j),[0.15008231],[1.],[0.41445147],[1.],"(array([0.14830274]), array([-0.02379424]))","(array([0.06099541]), array([-0.0592477]))","(array([0.06117616]), array([-0.06365511]))","(array([0.06071375]), array([-0.06814294]))","(array([0.06481375]), array([-0.0670843]))","(array([0.06614794]), array([-0.06726972]))","(array([0.07012968]), array([-0.06432646]))","(array([0.07220791]), array([-0.06311254]))","(array([0.07718245]), array([-0.05807524]))","(array([0.07915253]), array([-0.05639433]))","(array([0.07683859]), array([-0.06150373]))"
(0.05553349839687308+0j),[0.16129998],[1.],[0.4178237],[1.],"(array([0.15511096]), array([-0.02489724]))","(array([0.06117598]), array([-0.06365506]))","(array([0.06071358]), array([-0.06814291]))","(array([0.06481358]), array([-0.06708429]))","(array([0.06614777]), array([-0.06726972]))","(array([0.07012953]), array([-0.06432648]))","(array([0.07220777]), array([-0.06311258]))","(array([0.07718232]), array([-0.05807529]))","(array([0.07915241]), array([-0.0563944]))","(array([0.07683847]), array([-0.0615038]))","(array([0.0768062]), array([-0.06433144]))"
(0.05745874213722126+0j),[0.14350082],[1.],[0.43154605],[1.],"(array([0.15601009]), array([-0.02673924]))","(array([0.06071342]), array([-0.06814286]))","(array([0.06481342]), array([-0.06708426]))","(array([0.06614762]), array([-0.06726971]))","(array([0.07012938]), array([-0.06432648]))","(array([0.07220763]), array([-0.0631126]))","(array([0.07718219]), array([-0.05807533]))","(array([0.07915229]), array([-0.05639445]))","(array([0.07683836]), array([-0.06150386]))","(array([0.0768061]), array([-0.0643315]))","(array([0.07938714]), array([-0.06367103]))"
(0.052455201349562997+0j),[0.14732512],[1.],[0.40845955],[1.],"(array([0.15529798]), array([-0.03503301]))","(array([0.06481327]), array([-0.06708421]))","(array([0.06614747]), array([-0.06726967]))","(array([0.07012924]), array([-0.06432647]))","(array([0.07220749]), array([-0.06311259]))","(array([0.07718206]), array([-0.05807535]))","(array([0.07915217]), array([-0.05639449]))","(array([0.07683824]), array([-0.06150389]))","(array([0.07680599]), array([-0.06433154]))","(array([0.07938704]), array([-0.06367109]))","(array([0.07596626]), array([-0.06535789]))"
(0.047788571439856674+0j),[0.16200415],[1.],[0.38122103],[1.],"(array([0.15422604]), array([-0.03314236]))","(array([0.06614733]), array([-0.06726961]))","(array([0.0701291]), array([-0.06432643]))","(array([0.07220736]), array([-0.06311257]))","(array([0.07718193]), array([-0.05807535]))","(array([0.07915204]), array([-0.0563945]))","(array([0.07683813]), array([-0.06150391]))","(array([0.07680588]), array([-0.06433157]))","(array([0.07938694]), array([-0.06367113]))","(array([0.07596617]), array([-0.06535793]))","(array([0.0741009]), array([-0.06046297]))"
(0.043682542111807166+0j),[0.18229464],[1.],[0.35133818],[1.],"(array([0.14953944]), array([-0.03008149]))","(array([0.07012898]), array([-0.06432638]))","(array([0.07220724]), array([-0.06311254]))","(array([0.07718181]), array([-0.05807534]))","(array([0.07915193]), array([-0.05639451]))","(array([0.07683802]), array([-0.06150392]))","(array([0.07680578]), array([-0.06433159]))","(array([0.07938684]), array([-0.06367115]))","(array([0.07596607]), array([-0.06535796]))","(array([0.07410081]), array([-0.060463]))","(array([0.07390192]), array([-0.05362577]))"
(0.04075684189109197+0j),[0.19668215],[1.],[0.32775219],[1.],"(array([0.14734746]), array([-0.0227355]))","(array([0.07220713]), array([-0.0631125]))","(array([0.07718171]), array([-0.05807532]))","(array([0.07915183]), array([-0.0563945]))","(array([0.07683792]), array([-0.06150392]))","(array([0.07680568]), array([-0.06433159]))","(array([0.07938676]), array([-0.06367117]))","(array([0.07596599]), array([-0.06535798]))","(array([0.07410073]), array([-0.06046303]))","(array([0.07390185]), array([-0.0536258]))","(array([0.07462801]), array([-0.04607785]))"
(0.03812147628282853+0j),[0.17744353],[1.],[0.32423245],[1.],"(array([0.1441931]), array([-0.01837835]))","(array([0.07718162]), array([-0.05807529]))","(array([0.07915174]), array([-0.05639448]))","(array([0.07683784]), array([-0.0615039]))","(array([0.07680561]), array([-0.06433158]))","(array([0.07938668]), array([-0.06367117]))","(array([0.07596592]), array([-0.06535799]))","(array([0.07410067]), array([-0.06046304]))","(array([0.07390179]), array([-0.05362582]))","(array([0.07462794]), array([-0.04607788]))","(array([0.07473389]), array([-0.0399747]))"
(0.03530844019076682+0j),[0.19406469],[1.],[0.29818383],[1.],"(array([0.14827947]), array([-0.01768533]))","(array([0.07915166]), array([-0.05639445]))","(array([0.07683776]), array([-0.06150388]))","(array([0.07680553]), array([-0.06433157]))","(array([0.07938661]), array([-0.06367116]))","(array([0.07596585]), array([-0.06535798]))","(array([0.0741006]), array([-0.06046304]))","(array([0.07390172]), array([-0.05362583]))","(array([0.07462789]), array([-0.04607789]))","(array([0.07473384]), array([-0.03997472]))","(array([0.07052766]), array([-0.04137766]))"
(0.037196182928953776+0j),[0.18232992],[1.],[0.31726211],[1.],"(array([0.14758976]), array([-0.01238765]))","(array([0.07683769]), array([-0.06150385]))","(array([0.07680546]), array([-0.06433154]))","(array([0.07938654]), array([-0.06367115]))","(array([0.07596579]), array([-0.06535797]))","(array([0.07410053]), array([-0.06046304]))","(array([0.07390166]), array([-0.05362583]))","(array([0.07462782]), array([-0.0460779]))","(array([0.07473378]), array([-0.03997474]))","(array([0.0705276]), array([-0.04137768]))","(array([0.07233007]), array([-0.03726584]))"
(0.03928306601210193+0j),[0.18529604],[1.],[0.32778952],[1.],"(array([0.14950927]), array([-0.01996067]))","(array([0.07680539]), array([-0.06433151]))","(array([0.07938647]), array([-0.06367113]))","(array([0.07596572]), array([-0.06535795]))","(array([0.07410047]), array([-0.06046302]))","(array([0.07390159]), array([-0.05362583]))","(array([0.07462776]), array([-0.04607791]))","(array([0.07473372]), array([-0.03997475]))","(array([0.07052754]), array([-0.04137769]))","(array([0.07233001]), array([-0.03726585]))","(array([0.07231324]), array([-0.04216395]))"
(0.04140101514650939+0j),[0.17550353],[1.],[0.34465897],[1.],"(array([0.15177415]), array([-0.02207372]))","(array([0.07938639]), array([-0.06367109]))","(array([0.07596564]), array([-0.06535792]))","(array([0.07410039]), array([-0.060463]))","(array([0.07390152]), array([-0.05362581]))","(array([0.07462768]), array([-0.0460779]))","(array([0.07473365]), array([-0.03997476]))","(array([0.07052747]), array([-0.04137769]))","(array([0.07232995]), array([-0.03726587]))","(array([0.07231318]), array([-0.04216396]))","(array([0.0740807]), array([-0.04379606]))"
(0.03605173814287626+0j),[0.19083719],[1.],[0.30584938],[1.],"(array([0.15345365]), array([-0.02357966]))","(array([0.07596556]), array([-0.06535787]))","(array([0.07410031]), array([-0.06046296]))","(array([0.07390143]), array([-0.05362578]))","(array([0.0746276]), array([-0.04607788]))","(array([0.07473356]), array([-0.03997475]))","(array([0.07052739]), array([-0.04137769]))","(array([0.07232987]), array([-0.03726587]))","(array([0.07231311]), array([-0.04216397]))","(array([0.07408063]), array([-0.04379608]))","(array([0.07175382]), array([-0.04409852]))"
(0.03180259475924357+0j),[0.1929895],[1.],[0.27757427],[1.],"(array([0.14157105]), array([-0.02183965]))","(array([0.07410021]), array([-0.06046289]))","(array([0.07390134]), array([-0.05362573]))","(array([0.0746275]), array([-0.04607784]))","(array([0.07473346]), array([-0.03997472]))","(array([0.0705273]), array([-0.04137766]))","(array([0.07232978]), array([-0.03726586]))","(array([0.07231302]), array([-0.04216397]))","(array([0.07408055]), array([-0.04379608]))","(array([0.07175374]), array([-0.04409853]))","(array([0.07049062]), array([-0.03505703]))"
(0.02813399615769802+0j),[0.19759623],[1.],[0.24843342],[1.],"(array([0.13352678]), array([-0.01658292]))","(array([0.07390123]), array([-0.05362565]))","(array([0.0746274]), array([-0.04607778]))","(array([0.07473336]), array([-0.03997468]))","(array([0.0705272]), array([-0.04137762]))","(array([0.07232968]), array([-0.03726584]))","(array([0.07231293]), array([-0.04216395]))","(array([0.07408046]), array([-0.04379608]))","(array([0.07175365]), array([-0.04409853]))","(array([0.07049053]), array([-0.03505704]))","(array([0.06771443]), array([-0.02952506]))"
(0.027543121955034517+0j),[0.20254168],[1.],[0.24043423],[1.],"(array([0.12933459]), array([-0.00889631]))","(array([0.07462729]), array([-0.04607771]))","(array([0.07473324]), array([-0.03997462]))","(array([0.07052708]), array([-0.04137756]))","(array([0.07232956]), array([-0.0372658]))","(array([0.07231282]), array([-0.04216392]))","(array([0.07408035]), array([-0.04379606]))","(array([0.07175355]), array([-0.04409852]))","(array([0.07049043]), array([-0.03505704]))","(array([0.06771433]), array([-0.02952506]))","(array([0.0664534]), array([-0.02564216]))"
(0.026809720700359065+0j),[0.20041856],[1.],[0.2370454],[1.],"(array([0.12828868]), array([-0.00044797]))","(array([0.07473312]), array([-0.03997453]))","(array([0.07052697]), array([-0.04137749]))","(array([0.07232944]), array([-0.03726574]))","(array([0.0723127]), array([-0.04216387]))","(array([0.07408024]), array([-0.04379602]))","(array([0.07175344]), array([-0.04409849]))","(array([0.07049033]), array([-0.03505702]))","(array([0.06771423]), array([-0.02952505]))","(array([0.0664533]), array([-0.02564216]))","(array([0.06634718]), array([-0.02365742]))"
(0.025976844803626737+0j),[0.19144294],[1.],[0.23847645],[1.],"(array([0.12765252]), array([0.00503797]))","(array([0.07052685]), array([-0.04137739]))","(array([0.07232932]), array([-0.03726566]))","(array([0.07231258]), array([-0.04216381]))","(array([0.07408012]), array([-0.04379597]))","(array([0.07175333]), array([-0.04409845]))","(array([0.07049021]), array([-0.03505699]))","(array([0.06771412]), array([-0.02952503]))","(array([0.06645319]), array([-0.02564215]))","(array([0.06634707]), array([-0.02365742]))","(array([0.06544165]), array([-0.02332346]))"
(0.02805077475429059+0j),[0.20481499],[1.],[0.24424477],[1.],"(array([0.12622184]), array([0.00169226]))","(array([0.07232919]), array([-0.03726557]))","(array([0.07231246]), array([-0.04216373]))","(array([0.07408]), array([-0.04379591]))","(array([0.07175321]), array([-0.04409839]))","(array([0.07049009]), array([-0.03505695]))","(array([0.067714]), array([-0.029525]))","(array([0.06645307]), array([-0.02564213]))","(array([0.06634695]), array([-0.02365741]))","(array([0.06544154]), array([-0.02332346]))","(array([0.06514687]), array([-0.02669863]))"
(0.029921727338662545+0j),[0.20785894],[1.],[0.25612084],[1.],"(array([0.12923624]), array([0.00863855]))","(array([0.07231232]), array([-0.04216362]))","(array([0.07407986]), array([-0.04379582]))","(array([0.07175308]), array([-0.04409831]))","(array([0.07048995]), array([-0.03505689]))","(array([0.06771386]), array([-0.02952495]))","(array([0.06645293]), array([-0.02564209]))","(array([0.06634682]), array([-0.02365738]))","(array([0.06544141]), array([-0.02332344]))","(array([0.06514675]), array([-0.02669862]))","(array([0.06820762]), array([-0.02633108]))"
(0.031922624694709065+0j),[0.21418725],[1.],[0.26544567],[1.],"(array([0.13181506]), array([0.00452619]))","(array([0.07407973]), array([-0.04379571]))","(array([0.07175295]), array([-0.04409821]))","(array([0.07048982]), array([-0.0350568]))","(array([0.06771372]), array([-0.02952488]))","(array([0.0664528]), array([-0.02564203]))","(array([0.06634669]), array([-0.02365734]))","(array([0.06544128]), array([-0.02332342]))","(array([0.06514662]), array([-0.0266986]))","(array([0.06820749]), array([-0.02633108]))","(array([0.07018588]), array([-0.02818617]))"
(0.03079451167446862+0j),[0.19170557],[1.],[0.27448498],[1.],"(array([0.13316132]), array([0.00432523]))","(array([0.07175282]), array([-0.04409809]))","(array([0.07048968]), array([-0.0350567]))","(array([0.06771359]), array([-0.02952479]))","(array([0.06645266]), array([-0.02564196]))","(array([0.06634655]), array([-0.02365729]))","(array([0.06544114]), array([-0.02332337]))","(array([0.06514649]), array([-0.02669857]))","(array([0.06820737]), array([-0.02633107]))","(array([0.07018576]), array([-0.02818617]))","(array([0.0712147]), array([-0.02710588]))"
(0.029768716134079103+0j),[0.16687537],[1.],[0.28362731],[1.],"(array([0.13288177]), array([-0.00091235]))","(array([0.07048955]), array([-0.03505658]))","(array([0.06771345]), array([-0.02952468]))","(array([0.06645252]), array([-0.02564187]))","(array([0.06634641]), array([-0.02365721]))","(array([0.065441]), array([-0.02332331]))","(array([0.06514636]), array([-0.02669852]))","(array([0.06820723]), array([-0.02633105]))","(array([0.07018563]), array([-0.02818617]))","(array([0.07121458]), array([-0.02710588]))","(array([0.06796437]), array([-0.03134654]))"
(0.02860002518129769+0j),[0.18408586],[1.],[0.2649446],[1.],"(array([0.13366804]), array([0.00244694]))","(array([0.06771331]), array([-0.02952455]))","(array([0.06645237]), array([-0.02564175]))","(array([0.06634626]), array([-0.02365712]))","(array([0.06544085]), array([-0.02332324]))","(array([0.06514621]), array([-0.02669846]))","(array([0.06820709]), array([-0.02633101]))","(array([0.07018549]), array([-0.02818614]))","(array([0.07121444]), array([-0.02710588]))","(array([0.06796424]), array([-0.03134654]))","(array([0.0640682]), array([-0.03596262]))"
(0.025923150540410198+0j),[0.18752845],[1.],[0.24287664],[1.],"(array([0.12552248]), array([0.0116294]))","(array([0.06645221]), array([-0.02564161]))","(array([0.06634609]), array([-0.023657]))","(array([0.06544069]), array([-0.02332313]))","(array([0.06514605]), array([-0.02669837]))","(array([0.06820693]), array([-0.02633095]))","(array([0.07018533]), array([-0.02818611]))","(array([0.07121429]), array([-0.02710586]))","(array([0.06796409]), array([-0.03134652]))","(array([0.06406806]), array([-0.0359626]))","(array([0.06454489]), array([-0.02948745]))"
(0.023512976766610412+0j),[0.16489342],[1.],[0.24093812],[1.],"(array([0.11944275]), array([0.01618013]))","(array([0.06634592]), array([-0.02365684]))","(array([0.06544052]), array([-0.023323]))","(array([0.06514588]), array([-0.02669825]))","(array([0.06820675]), array([-0.02633086]))","(array([0.07018516]), array([-0.02818605]))","(array([0.07121412]), array([-0.02710582]))","(array([0.06796392]), array([-0.03134648]))","(array([0.0640679]), array([-0.03596257]))","(array([0.06454474]), array([-0.02948744]))","(array([0.06271389]), array([-0.02498052]))"
(0.02123007314774599+0j),[0.16463647],[1.],[0.22309788],[1.],"(array([0.11891532]), array([0.0131456]))","(array([0.06544035]), array([-0.02332284]))","(array([0.06514572]), array([-0.02669812]))","(array([0.06820658]), array([-0.02633076]))","(array([0.07018499]), array([-0.02818597]))","(array([0.07121394]), array([-0.02710577]))","(array([0.06796376]), array([-0.03134643]))","(array([0.06406774]), array([-0.03596252]))","(array([0.06454458]), array([-0.02948742]))","(array([0.06271373]), array([-0.02498051]))","(array([0.05815648]), array([-0.02712545]))"
(0.023113274483920664+0j),[0.16110306],[1.],[0.24175914],[1.],"(array([0.1178397]), array([0.01341761]))","(array([0.06514556]), array([-0.02669797]))","(array([0.06820642]), array([-0.02633065]))","(array([0.07018482]), array([-0.02818588]))","(array([0.07121378]), array([-0.0271057]))","(array([0.0679636]), array([-0.03134637]))","(array([0.06406759]), array([-0.03596245]))","(array([0.06454442]), array([-0.02948738]))","(array([0.06271358]), array([-0.02498049]))","(array([0.05815633]), array([-0.02712543]))","(array([0.05801778]), array([-0.02700917]))"
(0.025152869443045147+0j),[0.14641597],[1.],[0.2663916],[1.],"(array([0.12164022]), array([0.00934535]))","(array([0.06820626]), array([-0.02633052]))","(array([0.07018467]), array([-0.02818578]))","(array([0.07121362]), array([-0.02710562]))","(array([0.06796344]), array([-0.03134629]))","(array([0.06406744]), array([-0.03596238]))","(array([0.06454428]), array([-0.02948733]))","(array([0.06271344]), array([-0.02498046]))","(array([0.05815619]), array([-0.0271254]))","(array([0.05801765]), array([-0.02700916]))","(array([0.05946169]), array([-0.03090436]))"
(0.027199703463941738+0j),[0.13813097],[1.],[0.28514992],[1.],"(array([0.1300283]), array([0.00647368]))","(array([0.07018451]), array([-0.02818566]))","(array([0.07121346]), array([-0.02710553]))","(array([0.06796329]), array([-0.0313462]))","(array([0.0640673]), array([-0.03596229]))","(array([0.06454413]), array([-0.02948727]))","(array([0.06271329]), array([-0.02498042]))","(array([0.05815605]), array([-0.02712536]))","(array([0.05801751]), array([-0.02700913]))","(array([0.05946156]), array([-0.03090435]))","(array([0.05932025]), array([-0.03713757]))"
(0.028635409269494802+0j),[0.15833207],[1.],[0.2844845],[1.],"(array([0.13562727]), array([0.00284163]))","(array([0.07121331]), array([-0.02710543]))","(array([0.06796315]), array([-0.0313461]))","(array([0.06406717]), array([-0.0359622]))","(array([0.06454399]), array([-0.0294872]))","(array([0.06271315]), array([-0.02498036]))","(array([0.05815592]), array([-0.02712531]))","(array([0.05801738]), array([-0.0270091]))","(array([0.05946143]), array([-0.03090433]))","(array([0.05932012]), array([-0.03713755]))","(array([0.05959176]), array([-0.04116164]))"
(0.02993934170141401+0j),[0.14559554],[1.],[0.29969277],[1.],"(array([0.13647728]), array([0.00833662]))","(array([0.06796302]), array([-0.031346]))","(array([0.06406705]), array([-0.0359621]))","(array([0.06454386]), array([-0.02948712]))","(array([0.06271302]), array([-0.0249803]))","(array([0.05815579]), array([-0.02712525]))","(array([0.05801725]), array([-0.02700906]))","(array([0.05946131]), array([-0.0309043]))","(array([0.05932001]), array([-0.03713753]))","(array([0.05959165]), array([-0.04116163]))","(array([0.06332567]), array([-0.03879941]))"
(0.03145343908589295+0j),[0.14968294],[1.],[0.30711812],[1.],"(array([0.13663965]), array([0.00139319]))","(array([0.06406693]), array([-0.03596199]))","(array([0.06454374]), array([-0.02948704]))","(array([0.06271289]), array([-0.02498023]))","(array([0.05815567]), array([-0.02712518]))","(array([0.05801713]), array([-0.02700901]))","(array([0.05946119]), array([-0.03090426]))","(array([0.0593199]), array([-0.0371375]))","(array([0.05959154]), array([-0.04116161]))","(array([0.06332557]), array([-0.03879941]))","(array([0.06269125]), array([-0.04310628]))"
(0.027578158328459747+0j),[0.13853017],[1.],[0.28801353],[1.],"(array([0.13053025]), array([-0.00221335]))","(array([0.06454363]), array([-0.02948695]))","(array([0.06271278]), array([-0.02498016]))","(array([0.05815556]), array([-0.02712511]))","(array([0.05801702]), array([-0.02700895]))","(array([0.05946108]), array([-0.03090422]))","(array([0.05931979]), array([-0.03713747]))","(array([0.05959144]), array([-0.04116158]))","(array([0.06332547]), array([-0.0387994]))","(array([0.06269116]), array([-0.04310628]))","(array([0.0624588]), array([-0.04068475]))"
(0.023998747547721966+0j),[0.11895676],[1.],[0.27308082],[1.],"(array([0.12679171]), array([0.00166007]))","(array([0.06271267]), array([-0.02498008]))","(array([0.05815546]), array([-0.02712503]))","(array([0.05801691]), array([-0.02700889]))","(array([0.05946098]), array([-0.03090417]))","(array([0.05931969]), array([-0.03713743]))","(array([0.05959135]), array([-0.04116155]))","(array([0.06332538]), array([-0.03879939]))","(array([0.06269107]), array([-0.04310627]))","(array([0.06245871]), array([-0.04068475]))","(array([0.05809812]), array([-0.03833505]))"
(0.020757695222637873+0j),[0.14223763],[1.],[0.23745593],[1.],"(array([0.12171891]), array([0.00175884]))","(array([0.05815535]), array([-0.02712495]))","(array([0.05801681]), array([-0.02700882]))","(array([0.05946088]), array([-0.03090412]))","(array([0.05931959]), array([-0.03713738]))","(array([0.05959125]), array([-0.04116151]))","(array([0.06332528]), array([-0.03879937]))","(array([0.06269098]), array([-0.04310626]))","(array([0.06245862]), array([-0.04068474]))","(array([0.05809804]), array([-0.03833505]))","(array([0.05265968]), array([-0.03773158]))"
(0.023193285676843683+0j),[0.14693337],[1.],[0.25398586],[1.],"(array([0.11395269]), array([0.00478646]))","(array([0.05801671]), array([-0.02700874]))","(array([0.05946077]), array([-0.03090405]))","(array([0.05931949]), array([-0.03713733]))","(array([0.05959116]), array([-0.04116147]))","(array([0.06332519]), array([-0.03879934]))","(array([0.06269089]), array([-0.04310624]))","(array([0.06245853]), array([-0.04068473]))","(array([0.05809795]), array([-0.03833504]))","(array([0.0526596]), array([-0.03773157]))","(array([0.05553473]), array([-0.03236635]))"
(0.025669486996382714+0j),[0.13825492],[1.],[0.27658485],[1.],"(array([0.11743228]), array([0.00592873]))","(array([0.05946068]), array([-0.03090399]))","(array([0.0593194]), array([-0.03713727]))","(array([0.05959106]), array([-0.04116142]))","(array([0.06332509]), array([-0.03879931]))","(array([0.0626908]), array([-0.04310622]))","(array([0.06245845]), array([-0.04068472]))","(array([0.05809786]), array([-0.03833503]))","(array([0.05265952]), array([-0.03773156]))","(array([0.05553465]), array([-0.03236635]))","(array([0.05823246]), array([-0.03498679]))"
(0.02824573035021172+0j),[0.13167689],[1.],[0.29674917],[1.],"(array([0.12378796]), array([0.00021742]))","(array([0.05931929]), array([-0.03713719]))","(array([0.05959096]), array([-0.04116135]))","(array([0.06332499]), array([-0.03879927]))","(array([0.06269069]), array([-0.04310618]))","(array([0.06245835]), array([-0.0406847]))","(array([0.05809776]), array([-0.03833502]))","(array([0.05265942]), array([-0.03773155]))","(array([0.05553456]), array([-0.03236635]))","(array([0.05823237]), array([-0.0349868]))","(array([0.05911556]), array([-0.04014851]))"
(0.024389593316580062+0j),[0.12833318],[1.],[0.27268051],[1.],"(array([0.12327248]), array([-0.00730967]))","(array([0.05959083]), array([-0.04116126]))","(array([0.06332485]), array([-0.03879921]))","(array([0.06269056]), array([-0.04310613]))","(array([0.06245821]), array([-0.04068466]))","(array([0.05809764]), array([-0.03833498]))","(array([0.0526593]), array([-0.03773152]))","(array([0.05553444]), array([-0.03236635]))","(array([0.05823225]), array([-0.03498681]))","(array([0.05911544]), array([-0.04014853]))","(array([0.05780795]), array([-0.0404715]))"
(0.021084392729243093+0j),[0.11807765],[1.],[0.25372883],[1.],"(array([0.11823555]), array([-0.01196046]))","(array([0.06332467]), array([-0.03879911]))","(array([0.06269039]), array([-0.04310604]))","(array([0.06245804]), array([-0.0406846]))","(array([0.05809747]), array([-0.03833493]))","(array([0.05265914]), array([-0.03773147]))","(array([0.05553428]), array([-0.03236633]))","(array([0.0582321]), array([-0.03498681]))","(array([0.0591153]), array([-0.04014854]))","(array([0.05780781]), array([-0.04047152]))","(array([0.05461097]), array([-0.03618764]))"
(0.018023672487699354+0j),[0.12353455],[1.],[0.22698649],[1.],"(array([0.11770542]), array([-0.01190147]))","(array([0.06269017]), array([-0.04310592]))","(array([0.06245782]), array([-0.0406845]))","(array([0.05809725]), array([-0.03833484]))","(array([0.05265893]), array([-0.03773139]))","(array([0.05553407]), array([-0.03236629]))","(array([0.05823189]), array([-0.0349868]))","(array([0.0591151]), array([-0.04014854]))","(array([0.05780762]), array([-0.04047153]))","(array([0.05461079]), array([-0.03618766]))","(array([0.0504844]), array([-0.03364656]))"
(0.01825177278276473+0j),[0.13145904],[1.],[0.22491606],[1.],"(array([0.11394573]), array([-0.01489676]))","(array([0.06245754]), array([-0.04068436]))","(array([0.05809698]), array([-0.03833472]))","(array([0.05265866]), array([-0.03773127]))","(array([0.0555338]), array([-0.03236623]))","(array([0.05823163]), array([-0.03498677]))","(array([0.05911485]), array([-0.04014853]))","(array([0.05780738]), array([-0.04047154]))","(array([0.05461055]), array([-0.03618768]))","(array([0.05048417]), array([-0.03364658]))","(array([0.05005761]), array([-0.03028436]))"
(0.01845299236211206+0j),[0.12824069],[1.],[0.22884598],[1.],"(array([0.11326273]), array([-0.01079419]))","(array([0.05809664]), array([-0.03833453]))","(array([0.05265834]), array([-0.0377311]))","(array([0.05553347]), array([-0.03236612]))","(array([0.0582313]), array([-0.03498671]))","(array([0.05911453]), array([-0.04014849]))","(array([0.05780707]), array([-0.04047152]))","(array([0.05461025]), array([-0.03618768]))","(array([0.05048388]), array([-0.03364659]))","(array([0.05005733]), array([-0.03028439]))","(array([0.05128823]), array([-0.02905389]))"
(0.018723375742470322+0j),[0.12816043],[1.],[0.23145752],[1.],"(array([0.10987189]), array([-0.00921434]))","(array([0.05265793]), array([-0.03773084]))","(array([0.05553304]), array([-0.03236596]))","(array([0.05823088]), array([-0.0349866]))","(array([0.05911412]), array([-0.04014842]))","(array([0.05780667]), array([-0.04047147]))","(array([0.05460986]), array([-0.03618766]))","(array([0.0504835]), array([-0.03364657]))","(array([0.05005697]), array([-0.03028441]))","(array([0.05128789]), array([-0.02905395]))","(array([0.05110642]), array([-0.03027909]))"
(0.018894470759599998+0j),[0.11529489],[1.],[0.23971152],[1.],"(array([0.10492673]), array([-0.00864678]))","(array([0.0555325]), array([-0.0323657]))","(array([0.05823034]), array([-0.03498642]))","(array([0.05911359]), array([-0.04014828]))","(array([0.05780615]), array([-0.04047137]))","(array([0.05460936]), array([-0.03618759]))","(array([0.05048301]), array([-0.03364652]))","(array([0.0500565]), array([-0.0302844]))","(array([0.05128743]), array([-0.02905398]))","(array([0.05110599]), array([-0.03027915]))","(array([0.05132187]), array([-0.0307247]))"
(0.018886245025936204+0j),[0.11752472],[1.],[0.23887154],[1.],"(array([0.10954711]), array([-0.00624174]))","(array([0.05822964]), array([-0.03498613]))","(array([0.05911292]), array([-0.04014805]))","(array([0.05780549]), array([-0.04047119]))","(array([0.0546087]), array([-0.03618745]))","(array([0.05048238]), array([-0.0336464]))","(array([0.05005588]), array([-0.03028434]))","(array([0.05128684]), array([-0.02905399]))","(array([0.05110542]), array([-0.03027918]))","(array([0.05132132]), array([-0.03072478]))","(array([0.04963132]), array([-0.03371684]))"
(0.01884439684036116+0j),[0.0971651],[1.],[0.24781078],[1.],"(array([0.11199312]), array([-0.00830477]))","(array([0.05911208]), array([-0.0401477]))","(array([0.05780467]), array([-0.04047091]))","(array([0.05460789]), array([-0.03618722]))","(array([0.05048158]), array([-0.03364619]))","(array([0.05005511]), array([-0.03028422]))","(array([0.05128608]), array([-0.02905394]))","(array([0.0511047]), array([-0.03027918]))","(array([0.05132063]), array([-0.03072483]))","(array([0.04963066]), array([-0.0337169]))","(array([0.04998853]), array([-0.03322082]))"
(0.021013743013901454+0j),[0.0980794],[1.],[0.26398559],[1.],"(array([0.11669043]), array([-0.01781557]))","(array([0.05780365]), array([-0.04047048]))","(array([0.05460687]), array([-0.03618687]))","(array([0.0504806]), array([-0.03364587]))","(array([0.05005413]), array([-0.030284]))","(array([0.05128513]), array([-0.02905383]))","(array([0.05110378]), array([-0.03027913]))","(array([0.05131974]), array([-0.03072484]))","(array([0.04962981]), array([-0.03371692]))","(array([0.04998773]), array([-0.03322091]))","(array([0.04812944]), array([-0.0386994]))"
(0.023242213702887038+0j),[0.11709612],[1.],[0.27235071],[1.],"(array([0.11895356]), array([-0.01793525]))","(array([0.05460561]), array([-0.03618634]))","(array([0.05047936]), array([-0.03364539]))","(array([0.05005291]), array([-0.03028365]))","(array([0.05128393]), array([-0.02905362]))","(array([0.05110262]), array([-0.03027899]))","(array([0.05131862]), array([-0.03072479]))","(array([0.04962874]), array([-0.0337169]))","(array([0.04998671]), array([-0.03322097]))","(array([0.04812847]), array([-0.03869946]))","(array([0.05009114]), array([-0.04169117]))"
(0.025501395037012046+0j),[0.1135452],[1.],[0.28908344],[1.],"(array([0.11765707]), array([-0.00958252]))","(array([0.05047806]), array([-0.03364483]))","(array([0.05005162]), array([-0.03028322]))","(array([0.05128266]), array([-0.02905333]))","(array([0.05110139]), array([-0.03027879]))","(array([0.05131743]), array([-0.03072469]))","(array([0.04962759]), array([-0.03371682]))","(array([0.04998561]), array([-0.033221]))","(array([0.04812743]), array([-0.03869948]))","(array([0.05009016]), array([-0.04169126]))","(array([0.05456544]), array([-0.04130372]))"
(0.027795212088124053+0j),[0.14723864],[1.],[0.28877593],[1.],"(array([0.11723941]), array([-0.00789066]))","(array([0.05005043]), array([-0.03028279]))","(array([0.05128149]), array([-0.02905304]))","(array([0.05110025]), array([-0.03027858]))","(array([0.05131633]), array([-0.03072457]))","(array([0.04962653]), array([-0.03371672]))","(array([0.0499846]), array([-0.03322099]))","(array([0.04812647]), array([-0.03869947]))","(array([0.05008926]), array([-0.04169132]))","(array([0.0545646]), array([-0.04130391]))","(array([0.05568455]), array([-0.04494125]))"
(0.029946211094825297+0j),[0.12992825],[1.],[0.31008207],[1.],"(array([0.11674023]), array([0.00279458]))","(array([0.05128042]), array([-0.02905273]))","(array([0.05109921]), array([-0.03027834]))","(array([0.05131531]), array([-0.03072442]))","(array([0.04962556]), array([-0.0337166]))","(array([0.04998367]), array([-0.03322096]))","(array([0.04812559]), array([-0.03869943]))","(array([0.05008843]), array([-0.04169135]))","(array([0.05456383]), array([-0.04130405]))","(array([0.05568382]), array([-0.04494145]))","(array([0.0619909]), array([-0.04121754]))"
(0.03206934760565377+0j),[0.12396807],[1.],[0.32476493],[1.],"(array([0.12261086]), array([0.00018592]))","(array([0.0510981]), array([-0.03027803]))","(array([0.05131423]), array([-0.03072419]))","(array([0.04962452]), array([-0.03371641]))","(array([0.04998267]), array([-0.03322086]))","(array([0.04812464]), array([-0.03869933]))","(array([0.05008753]), array([-0.04169133]))","(array([0.05456299]), array([-0.04130416]))","(array([0.05568303]), array([-0.04494161]))","(array([0.06199019]), array([-0.04121784]))","(array([0.06098687]), array([-0.04715584]))"
(0.03263498056169003+0j),[0.12164934],[1.],[0.32861081],[1.],"(array([0.12465658]), array([-0.00232274]))","(array([0.05131295]), array([-0.03072381]))","(array([0.04962329]), array([-0.03371607]))","(array([0.04998148]), array([-0.03322064]))","(array([0.04812352]), array([-0.03869912]))","(array([0.05008647]), array([-0.04169122]))","(array([0.05456197]), array([-0.0413042]))","(array([0.05568207]), array([-0.04494172]))","(array([0.06198931]), array([-0.04121814]))","(array([0.06098604]), array([-0.04715616]))","(array([0.06098945]), array([-0.04972725]))"
(0.03317202728064433+0j),[0.13278351],[1.],[0.32710039],[1.],"(array([0.12570844]), array([-0.00326825]))","(array([0.04962187]), array([-0.03371554]))","(array([0.04998009]), array([-0.03322026]))","(array([0.04812222]), array([-0.03869876]))","(array([0.05008522]), array([-0.04169098]))","(array([0.05456077]), array([-0.04130415]))","(array([0.05568093]), array([-0.04494176]))","(array([0.06198825]), array([-0.04121839]))","(array([0.06098503]), array([-0.04715645]))","(array([0.0609885]), array([-0.0497276]))","(array([0.0609752]), array([-0.05070218]))"
(0.03378891438399404+0j),[0.14788558],[1.],[0.32384112],[1.],"(array([0.12372092]), array([-0.00374109]))","(array([0.04997862]), array([-0.03321973]))","(array([0.04812083]), array([-0.03869825]))","(array([0.05008389]), array([-0.04169061]))","(array([0.05455948]), array([-0.04130399]))","(array([0.05567969]), array([-0.04494171]))","(array([0.06198709]), array([-0.04121858]))","(array([0.06098392]), array([-0.04715668]))","(array([0.06098745]), array([-0.0497279]))","(array([0.06097422]), array([-0.05070255]))","(array([0.06300831]), array([-0.04918608]))"
(0.03304492147377157+0j),[0.14783968],[1.],[0.31928089],[1.],"(array([0.12250494]), array([6.35614978e-05]))","(array([0.04811938]), array([-0.03869762]))","(array([0.05008249]), array([-0.04169012]))","(array([0.05455811]), array([-0.04130374]))","(array([0.05567838]), array([-0.04494156]))","(array([0.06198583]), array([-0.04121871]))","(array([0.06098272]), array([-0.04715685]))","(array([0.06098633]), array([-0.04972815]))","(array([0.06097316]), array([-0.05070288]))","(array([0.06300733]), array([-0.04918653]))","(array([0.06508753]), array([-0.04616966]))"
(0.0325043796900944+0j),[0.12596213],[1.],[0.32520374],[1.],"(array([0.11968615]), array([-0.00529102]))","(array([0.05008102]), array([-0.04168951]))","(array([0.05455666]), array([-0.04130337]))","(array([0.05567699]), array([-0.04494133]))","(array([0.06198449]), array([-0.04121876]))","(array([0.06098144]), array([-0.04715695]))","(array([0.06098511]), array([-0.04972835]))","(array([0.060972]), array([-0.05070317]))","(array([0.06300626]), array([-0.04918694]))","(array([0.06508655]), array([-0.0461702]))","(array([0.06471443]), array([-0.04527705]))"
(0.031927861711546913+0j),[0.14580363],[1.],[0.31322094],[1.],"(array([0.12290229]), array([-0.01301872]))","(array([0.05455506]), array([-0.04130285]))","(array([0.05567545]), array([-0.04494095]))","(array([0.06198298]), array([-0.04121871]))","(array([0.06098]), array([-0.04715697]))","(array([0.06098373]), array([-0.04972848]))","(array([0.0609707]), array([-0.0507034]))","(array([0.06300504]), array([-0.04918732]))","(array([0.06508542]), array([-0.04617072]))","(array([0.06471337]), array([-0.04527765]))","(array([0.06124037]), array([-0.04873147]))"
(0.02941276014656098+0j),[0.15369842],[1.],[0.29369731],[1.],"(array([0.12334885]), array([-0.0082741]))","(array([0.05567379]), array([-0.04494039]))","(array([0.06198133]), array([-0.04121851]))","(array([0.06097842]), array([-0.04715686]))","(array([0.06098222]), array([-0.04972849]))","(array([0.06096926]), array([-0.05070354]))","(array([0.06300368]), array([-0.04918763]))","(array([0.06508414]), array([-0.04617119]))","(array([0.06471217]), array([-0.04527821]))","(array([0.0612392]), array([-0.04873203]))","(array([0.06300085]), array([-0.04306464]))"
(0.027211558725347883+0j),[0.16339805],[1.],[0.27366311],[1.],"(array([0.12014701]), array([-0.01008068]))","(array([0.06197966]), array([-0.04121817]))","(array([0.06097682]), array([-0.0471566]))","(array([0.06098069]), array([-0.04972837]))","(array([0.06096779]), array([-0.05070355]))","(array([0.06300227]), array([-0.04918782]))","(array([0.06508281]), array([-0.04617156]))","(array([0.0647109]), array([-0.04527868]))","(array([0.06123796]), array([-0.0487325]))","(array([0.06299972]), array([-0.04306525]))","(array([0.06242621]), array([-0.03840737]))"
(0.0250199397810759+0j),[0.14465547],[1.],[0.26916347],[1.],"(array([0.12189629]), array([-0.00430948]))","(array([0.06097508]), array([-0.0471562]))","(array([0.060979]), array([-0.04972812]))","(array([0.06096616]), array([-0.05070346]))","(array([0.06300071]), array([-0.04918792]))","(array([0.06508133]), array([-0.04617186]))","(array([0.06470948]), array([-0.0452791]))","(array([0.06123658]), array([-0.04873292]))","(array([0.06299843]), array([-0.04306583]))","(array([0.06242501]), array([-0.03840805]))","(array([0.06192264]), array([-0.0334368]))"
(0.023908164434151627+0j),[0.15121394],[1.],[0.25768907],[1.],"(array([0.12060771]), array([-0.01421906]))","(array([0.06097706]), array([-0.0497277]))","(array([0.06096428]), array([-0.05070322]))","(array([0.06299889]), array([-0.04918793]))","(array([0.06507957]), array([-0.0461721]))","(array([0.0647078]), array([-0.04527948]))","(array([0.06123494]), array([-0.04873331]))","(array([0.0629969]), array([-0.04306642]))","(array([0.06242357]), array([-0.03840876]))","(array([0.06192131]), array([-0.03343762]))","(array([0.05834119]), array([-0.03517685]))"
(0.02296272577939947+0j),[0.15102342],[1.],[0.25094675],[1.],"(array([0.11808662]), array([-0.01528336]))","(array([0.06096202]), array([-0.0507028]))","(array([0.06299669]), array([-0.04918781]))","(array([0.06507745]), array([-0.04617227]))","(array([0.06470575]), array([-0.04527983]))","(array([0.06123294]), array([-0.04873366]))","(array([0.06299501]), array([-0.04306702]))","(array([0.06242179]), array([-0.03840951]))","(array([0.06191966]), array([-0.03343852]))","(array([0.05833959]), array([-0.03517772]))","(array([0.05838505]), array([-0.0322385]))"
(0.02211288316668379+0j),[0.16272736],[1.],[0.23701058],[1.],"(array([0.11658987]), array([-0.01627486]))","(array([0.06299422]), array([-0.04918751]))","(array([0.06507504]), array([-0.04617231]))","(array([0.06470341]), array([-0.04528006]))","(array([0.06123067]), array([-0.04873392]))","(array([0.06299285]), array([-0.04306756]))","(array([0.06241974]), array([-0.03841023]))","(array([0.06191774]), array([-0.03343942]))","(array([0.05833773]), array([-0.03517858]))","(array([0.05838334]), array([-0.03223949]))","(array([0.0576301]), array([-0.03096366]))"
(0.020768671060746823+0j),[0.17991609],[1.],[0.21273678],[1.],"(array([0.11500183]), array([-0.01222118]))","(array([0.06507235]), array([-0.0461722]))","(array([0.0647008]), array([-0.04528019]))","(array([0.06122812]), array([-0.04873407]))","(array([0.06299041]), array([-0.04306803]))","(array([0.06241742]), array([-0.03841092]))","(array([0.06191556]), array([-0.0334403]))","(array([0.05833561]), array([-0.03517944]))","(array([0.05838136]), array([-0.03224049]))","(array([0.05762825]), array([-0.03096474]))","(array([0.05801853]), array([-0.02655937]))"
(0.01955160230712462+0j),[0.17225423],[1.],[0.20831671],[1.],"(array([0.11169359]), array([-0.00549794]))","(array([0.06469802]), array([-0.04528015]))","(array([0.06122542]), array([-0.04873407]))","(array([0.06298781]), array([-0.04306837]))","(array([0.06241491]), array([-0.03841149]))","(array([0.06191319]), array([-0.0334411]))","(array([0.05833332]), array([-0.0351802]))","(array([0.05837922]), array([-0.03224142]))","(array([0.05762624]), array([-0.03096577]))","(array([0.05801669]), array([-0.02656056]))","(array([0.05853673]), array([-0.02004064]))"
(0.018407106016703638+0j),[0.17127655],[1.],[0.19863238],[1.],"(array([0.11035745]), array([-0.00631073]))","(array([0.06122257]), array([-0.04873388]))","(array([0.06298504]), array([-0.04306856]))","(array([0.06241224]), array([-0.03841192]))","(array([0.06191065]), array([-0.03344178]))","(array([0.05833086]), array([-0.03518087]))","(array([0.0583769]), array([-0.03224227]))","(array([0.05762405]), array([-0.03096672]))","(array([0.05801469]), array([-0.02656169]))","(array([0.05853496]), array([-0.020042]))","(array([0.05657948]), array([-0.02006017]))"
(0.018928669903093467+0j),[0.17224518],[1.],[0.20301641],[1.],"(array([0.10639958]), array([-0.00989407]))","(array([0.06298213]), array([-0.04306858]))","(array([0.06240942]), array([-0.03841221]))","(array([0.06190794]), array([-0.03344233]))","(array([0.05832824]), array([-0.0351814]))","(array([0.05837443]), array([-0.03224301]))","(array([0.0576217]), array([-0.03096757]))","(array([0.05801252]), array([-0.02656275]))","(array([0.05853302]), array([-0.0200433]))","(array([0.05657765]), array([-0.02006148]))","(array([0.05622592]), array([-0.0197073]))"
(0.019277836714767967+0j),[0.16469791],[1.],[0.21255203],[1.],"(array([0.10907783]), array([-0.00415897]))","(array([0.06240639]), array([-0.03841234]))","(array([0.06190502]), array([-0.03344276]))","(array([0.05832541]), array([-0.03518182]))","(array([0.05837174]), array([-0.03224365]))","(array([0.05761915]), array([-0.03096835]))","(array([0.05801015]), array([-0.02656376]))","(array([0.05853089]), array([-0.02004458]))","(array([0.05657562]), array([-0.02006277]))","(array([0.05622405]), array([-0.01970867]))","(array([0.05674597]), array([-0.02046802]))"
(0.019542123198923678+0j),[0.16820889],[1.],[0.21237069],[1.],"(array([0.11061133]), array([-0.0012812]))","(array([0.06190169]), array([-0.03344304]))","(array([0.05832219]), array([-0.0351821]))","(array([0.05836866]), array([-0.0322442]))","(array([0.05761621]), array([-0.03096906]))","(array([0.0580074]), array([-0.02656474]))","(array([0.05852839]), array([-0.02004588]))","(array([0.05657325]), array([-0.0200641]))","(array([0.05622184]), array([-0.0197101]))","(array([0.05674395]), array([-0.02046955]))","(array([0.05626066]), array([-0.02318414]))"
(0.019014850546345562+0j),[0.1700626],[1.],[0.20620021],[1.],"(array([0.10936747]), array([0.00433478]))","(array([0.05831852]), array([-0.03518217]))","(array([0.05836514]), array([-0.03224458]))","(array([0.05761284]), array([-0.03096964]))","(array([0.05800423]), array([-0.02656565]))","(array([0.05852547]), array([-0.02004717]))","(array([0.05657047]), array([-0.02006542]))","(array([0.05621925]), array([-0.01971154]))","(array([0.05674156]), array([-0.02047112]))","(array([0.05625842]), array([-0.02318575]))","(array([0.0564514]), array([-0.02222091]))"
(0.018645646190602952+0j),[0.15992299],[1.],[0.21092397],[1.],"(array([0.10451602]), array([0.00304528]))","(array([0.05836127]), array([-0.0322447]))","(array([0.05760912]), array([-0.03096998]))","(array([0.05800069]), array([-0.02656636]))","(array([0.05852218]), array([-0.02004833]))","(array([0.05656733]), array([-0.02006663]))","(array([0.05621631]), array([-0.0197129]))","(array([0.05673882]), array([-0.02047264]))","(array([0.05625586]), array([-0.02318732]))","(array([0.0564491]), array([-0.02222265]))","(array([0.05620649]), array([-0.02089807]))"
(0.018234363581875773+0j),[0.14969579],[1.],[0.21480633],[1.],"(array([0.10559887]), array([0.00368147]))","(array([0.05760532]), array([-0.0309701]))","(array([0.05799706]), array([-0.02656687]))","(array([0.05851878]), array([-0.0200493]))","(array([0.05656408]), array([-0.02006767]))","(array([0.05621324]), array([-0.0197141]))","(array([0.05673596]), array([-0.02047402]))","(array([0.05625316]), array([-0.02318875]))","(array([0.05644667]), array([-0.02222427]))","(array([0.0562043]), array([-0.02089985]))","(array([0.05473364]), array([-0.02294935]))"
(0.017564454022727896+0j),[0.14970157],[1.],[0.20891245],[1.],"(array([0.10543727]), array([0.00267746]))","(array([0.05799363]), array([-0.02656717]))","(array([0.05851553]), array([-0.02005004]))","(array([0.05656097]), array([-0.02006848]))","(array([0.0562103]), array([-0.01971508]))","(array([0.05673321]), array([-0.02047517]))","(array([0.05625058]), array([-0.02318997]))","(array([0.05644431]), array([-0.02222568]))","(array([0.05620217]), array([-0.02090141]))","(array([0.05473164]), array([-0.02295092]))","(array([0.05305734]), array([-0.02460304]))"
(0.016859396549953058+0j),[0.13070853],[1.],[0.21529962],[1.],"(array([0.10452527]), array([0.00697531]))","(array([0.05851253]), array([-0.02005054]))","(array([0.0565581]), array([-0.02006904]))","(array([0.05620757]), array([-0.01971581]))","(array([0.05673064]), array([-0.02047607]))","(array([0.05624815]), array([-0.02319094]))","(array([0.0564421]), array([-0.02222683]))","(array([0.05620016]), array([-0.02090271]))","(array([0.05472974]), array([-0.02295225]))","(array([0.05305555]), array([-0.02460439]))","(array([0.0523161]), array([-0.02352904]))"
(0.016070018427953605+0j),[0.12980221],[1.],[0.20903968],[1.],"(array([0.10644146]), array([0.0091575]))","(array([0.05655538]), array([-0.02006941]))","(array([0.05620499]), array([-0.01971633]))","(array([0.05672821]), array([-0.02047676]))","(array([0.05624585]), array([-0.0231917]))","(array([0.05643997]), array([-0.02222778]))","(array([0.05619821]), array([-0.02090382]))","(array([0.0547279]), array([-0.02295338]))","(array([0.05305383]), array([-0.02460554]))","(array([0.05231454]), array([-0.02353028]))","(array([0.04926102]), array([-0.02690595]))"
(0.01604695952758545+0j),[0.13375145],[1.],[0.20666466],[1.],"(array([0.10385249]), array([0.00894096]))","(array([0.05620254]), array([-0.01971665]))","(array([0.05672589]), array([-0.02047725]))","(array([0.05624365]), array([-0.02319227]))","(array([0.05643793]), array([-0.02222853]))","(array([0.05619633]), array([-0.02090473]))","(array([0.05472612]), array([-0.02295432]))","(array([0.05305215]), array([-0.02460651]))","(array([0.05231301]), array([-0.02353134]))","(array([0.04925956]), array([-0.02690696]))","(array([0.04877369]), array([-0.02645745]))"
(0.01602689168429493+0j),[0.13734549],[1.],[0.20440382],[1.],"(array([0.10298794]), array([0.01015407]))","(array([0.05672354]), array([-0.02047759]))","(array([0.05624142]), array([-0.0231927]))","(array([0.05643586]), array([-0.02222914]))","(array([0.0561944]), array([-0.02090551]))","(array([0.0547243]), array([-0.02295515]))","(array([0.05305043]), array([-0.02460736]))","(array([0.05231143]), array([-0.0235323]))","(array([0.04925805]), array([-0.02690788]))","(array([0.04877233]), array([-0.02645844]))","(array([0.04926287]), array([-0.02558403]))"
(0.016005395477562412+0j),[0.12523485],[1.],[0.21209001],[1.],"(array([0.10300039]), array([0.01020343]))","(array([0.05623919]), array([-0.02319292]))","(array([0.05643376]), array([-0.02222957]))","(array([0.05619244]), array([-0.02090611]))","(array([0.05472243]), array([-0.0229558]))","(array([0.05304865]), array([-0.02460806]))","(array([0.05230979]), array([-0.02353311]))","(array([0.04925648]), array([-0.02690865]))","(array([0.04877091]), array([-0.02645931]))","(array([0.04926162]), array([-0.02558501]))","(array([0.04971025]), array([-0.0247384]))"
(0.014347406339711068+0j),[0.13727538],[1.],[0.18841958],[1.],"(array([0.1024054]), array([0.00489352]))","(array([0.05643145]), array([-0.02222979]))","(array([0.05619025]), array([-0.02090654]))","(array([0.05472035]), array([-0.02295629]))","(array([0.05304668]), array([-0.02460861]))","(array([0.05230795]), array([-0.0235338]))","(array([0.04925472]), array([-0.0269093]))","(array([0.0487693]), array([-0.02646008]))","(array([0.04926017]), array([-0.02558593]))","(array([0.04970897]), array([-0.02473943]))","(array([0.04740787]), array([-0.02594001]))"
(0.012912646272637362+0j),[0.14898069],[1.],[0.16333398],[1.],"(array([0.09738857]), array([0.00848363]))","(array([0.05618784]), array([-0.02090676]))","(array([0.05471804]), array([-0.02295659]))","(array([0.05304448]), array([-0.02460898]))","(array([0.05230588]), array([-0.02353434]))","(array([0.04925275]), array([-0.02690982]))","(array([0.04876748]), array([-0.02646075]))","(array([0.04925852]), array([-0.02558676]))","(array([0.04970749]), array([-0.0247404]))","(array([0.04740648]), array([-0.025941]))","(array([0.04707841]), array([-0.0201154]))"
(0.011682328528571475+0j),[0.1378554],[1.],[0.15864284],[1.],"(array([0.0916359]), array([0.01235061]))","(array([0.05471572]), array([-0.0229567]))","(array([0.05304227]), array([-0.02460917]))","(array([0.05230378]), array([-0.02353471]))","(array([0.04925075]), array([-0.02691017]))","(array([0.04876562]), array([-0.02646126]))","(array([0.04925682]), array([-0.02558745]))","(array([0.04970594]), array([-0.02474125]))","(array([0.04740503]), array([-0.02594187]))","(array([0.04707715]), array([-0.02011643]))","(array([0.04652698]), array([-0.01407231]))"
(0.012614176432828987+0j),[0.14718857],[1.],[0.16196886],[1.],"(array([0.09193587]), array([0.00790691]))","(array([0.05304044]), array([-0.02460918]))","(array([0.05230204]), array([-0.02353486]))","(array([0.04924909]), array([-0.02691032]))","(array([0.04876407]), array([-0.02646154]))","(array([0.04925538]), array([-0.0255879]))","(array([0.04970462]), array([-0.02474184]))","(array([0.0474038]), array([-0.02594248]))","(array([0.04707606]), array([-0.02011719]))","(array([0.04652605]), array([-0.01407321]))","(array([0.04533964]), array([-0.01680348]))"
(0.013577625172314365+0j),[0.15377535],[1.],[0.16746656],[1.],"(array([0.09102831]), array([0.00834595]))","(array([0.05230055]), array([-0.02353488]))","(array([0.04924767]), array([-0.02691034]))","(array([0.04876273]), array([-0.02646169]))","(array([0.04925413]), array([-0.02558819]))","(array([0.04970347]), array([-0.02474226]))","(array([0.04740271]), array([-0.02594293]))","(array([0.04707508]), array([-0.02011777]))","(array([0.04652521]), array([-0.0140739]))","(array([0.04533884]), array([-0.01680418]))","(array([0.04753459]), array([-0.0164223]))"
(0.014520229140034728+0j),[0.15707246],[1.],[0.17520644],[1.],"(array([0.09151054]), array([0.01084042]))","(array([0.04924637]), array([-0.02691026]))","(array([0.0487615]), array([-0.02646172]))","(array([0.04925297]), array([-0.02558837]))","(array([0.04970239]), array([-0.02474256]))","(array([0.04740168]), array([-0.02594325]))","(array([0.04707415]), array([-0.02011822]))","(array([0.04652439]), array([-0.01407448]))","(array([0.04533806]), array([-0.01680476]))","(array([0.04753392]), array([-0.01642298]))","(array([0.04937549]), array([-0.01677043]))"
(0.015023721815842684+0j),[0.14833794],[1.],[0.18787805],[1.],"(array([0.08956322]), array([0.008271]))","(array([0.04876027]), array([-0.02646166]))","(array([0.04925181]), array([-0.02558845]))","(array([0.04970129]), array([-0.02474277]))","(array([0.04740064]), array([-0.02594349]))","(array([0.0470732]), array([-0.0201186]))","(array([0.04652354]), array([-0.01407498]))","(array([0.04533724]), array([-0.01680527]))","(array([0.04753321]), array([-0.0164236]))","(array([0.04937487]), array([-0.01677112]))","(array([0.05062677]), array([-0.017326]))"
(0.015552670291756984+0j),[0.15410492],[1.],[0.18865134],[1.],"(array([0.09187277]), array([0.00678716]))","(array([0.04925066]), array([-0.02558844]))","(array([0.0497002]), array([-0.02474288]))","(array([0.04739961]), array([-0.02594365]))","(array([0.04707224]), array([-0.0201189]))","(array([0.04652267]), array([-0.01407541]))","(array([0.04533641]), array([-0.01680571]))","(array([0.04753247]), array([-0.01642415]))","(array([0.04937422]), array([-0.01677175]))","(array([0.0506262]), array([-0.01732669]))","(array([0.05035104]), array([-0.02071323]))"
(0.016026428458958852+0j),[0.14201603],[1.],[0.20244354],[1.],"(array([0.09251891]), array([0.00890642]))","(array([0.04969909]), array([-0.02474291]))","(array([0.04739855]), array([-0.02594372]))","(array([0.04707124]), array([-0.02011911]))","(array([0.04652175]), array([-0.01407577]))","(array([0.04533552]), array([-0.01680609]))","(array([0.04753167]), array([-0.01642464]))","(array([0.04937351]), array([-0.01677233]))","(array([0.05062556]), array([-0.01732733]))","(array([0.05035044]), array([-0.02071389]))","(array([0.05150803]), array([-0.02022504]))"
(0.01671681890621819+0j),[0.14006413],[1.],[0.21022766],[1.],"(array([0.09621144]), array([0.00707205]))","(array([0.04739738]), array([-0.0259437]))","(array([0.04707013]), array([-0.02011926]))","(array([0.04652071]), array([-0.01407608]))","(array([0.04533453]), array([-0.01680642]))","(array([0.04753076]), array([-0.0164251]))","(array([0.04937269]), array([-0.0167729]))","(array([0.05062482]), array([-0.01732798]))","(array([0.05034973]), array([-0.02071455]))","(array([0.05150741]), array([-0.02022576]))","(array([0.05080929]), array([-0.0243745]))"
(0.01747781437680926+0j),[0.14557729],[1.],[0.21339603],[1.],"(array([0.09567353]), array([0.00546952]))","(array([0.04706892]), array([-0.02011929]))","(array([0.04651955]), array([-0.0140763]))","(array([0.04533342]), array([-0.01680666]))","(array([0.04752972]), array([-0.0164255]))","(array([0.04937174]), array([-0.01677342]))","(array([0.05062395]), array([-0.0173286]))","(array([0.0503489]), array([-0.02071518]))","(array([0.05150667]), array([-0.02022647]))","(array([0.05080858]), array([-0.02437521]))","(array([0.05134322]), array([-0.02610293]))"
(0.018120788494941975+0j),[0.14695774],[1.],[0.21816906],[1.],"(array([0.09604861]), array([0.01236201]))","(array([0.04651833]), array([-0.01407643]))","(array([0.04533224]), array([-0.01680682]))","(array([0.04752861]), array([-0.01642583]))","(array([0.04937072]), array([-0.01677388]))","(array([0.050623]), array([-0.01732916]))","(array([0.05034799]), array([-0.02071577]))","(array([0.05150585]), array([-0.02022714]))","(array([0.05080779]), array([-0.02437588]))","(array([0.0513425]), array([-0.02610364]))","(array([0.05262005]), array([-0.02617814]))"
(0.017366765535721328+0j),[0.13980668],[1.],[0.21620963],[1.],"(array([0.09528432]), array([0.01856088]))","(array([0.04533109]), array([-0.01680686]))","(array([0.04752751]), array([-0.01642604]))","(array([0.04936968]), array([-0.01677423]))","(array([0.05062202]), array([-0.01732961]))","(array([0.05034706]), array([-0.02071625]))","(array([0.05150499]), array([-0.02022771]))","(array([0.05080698]), array([-0.02437645]))","(array([0.05134177]), array([-0.02610426]))","(array([0.05261941]), array([-0.0261788]))","(array([0.05264833]), array([-0.02591496]))"
(0.01673795088279555+0j),[0.13957685],[1.],[0.21071248],[1.],"(array([0.09369618]), array([0.01432599]))","(array([0.04752642]), array([-0.01642618]))","(array([0.04936865]), array([-0.01677452]))","(array([0.05062105]), array([-0.01733]))","(array([0.05034612]), array([-0.02071667]))","(array([0.05150413]), array([-0.02022821]))","(array([0.05080616]), array([-0.02437697]))","(array([0.05134102]), array([-0.02610482]))","(array([0.05261874]), array([-0.02617941]))","(array([0.05264776]), array([-0.02591561]))","(array([0.05114492]), array([-0.02631996]))"
(0.016090480158509852+0j),[0.13495264],[1.],[0.20785759],[1.],"(array([0.09463125]), array([0.01464929]))","(array([0.0493677]), array([-0.0167747]))","(array([0.05062014]), array([-0.01733028]))","(array([0.05034526]), array([-0.02071699]))","(array([0.05150333]), array([-0.02022861]))","(array([0.05080539]), array([-0.02437738]))","(array([0.05134031]), array([-0.02610527]))","(array([0.05261811]), array([-0.02617992]))","(array([0.05264721]), array([-0.02591617]))","(array([0.05114442]), array([-0.02632053]))","(array([0.0504651]), array([-0.02525708]))"
(0.015256155855905318+0j),[0.13418926],[1.],[0.20059366],[1.],"(array([0.09559474]), array([0.01329497]))","(array([0.05061933]), array([-0.01733046]))","(array([0.05034448]), array([-0.0207172]))","(array([0.0515026]), array([-0.0202289]))","(array([0.0508047]), array([-0.02437768]))","(array([0.05133968]), array([-0.02610562]))","(array([0.05261754]), array([-0.02618031]))","(array([0.05264673]), array([-0.02591662]))","(array([0.05114396]), array([-0.026321]))","(array([0.05046471]), array([-0.02525755]))","(array([0.04915511]), array([-0.02499964]))"
(0.014464739401788355+0j),[0.12494443],[1.],[0.19907994],[1.],"(array([0.09522005]), array([0.01258716]))","(array([0.05034377]), array([-0.02071736]))","(array([0.05150193]), array([-0.02022913]))","(array([0.05080406]), array([-0.02437793]))","(array([0.0513391]), array([-0.02610593]))","(array([0.05261702]), array([-0.02618066]))","(array([0.05264628]), array([-0.02591702]))","(array([0.05114354]), array([-0.02632142]))","(array([0.05046434]), array([-0.02525798]))","(array([0.04915486]), array([-0.0250001]))","(array([0.04821027]), array([-0.02366713]))"
(0.013782342485008432+0j),[0.11360122],[1.],[0.199398],[1.],"(array([0.09461885]), array([0.00725171]))","(array([0.05150122]), array([-0.02022933]))","(array([0.05080339]), array([-0.02437815]))","(array([0.05133847]), array([-0.02610619]))","(array([0.05261645]), array([-0.02618098]))","(array([0.05264578]), array([-0.0259174]))","(array([0.05114306]), array([-0.02632182]))","(array([0.05046392]), array([-0.02525838]))","(array([0.04915454]), array([-0.02500055]))","(array([0.04821004]), array([-0.02366755]))","(array([0.04635994]), array([-0.0243594]))"
(0.014165481122136373+0j),[0.10761518],[1.],[0.20653277],[1.],"(array([0.09698388]), array([0.00523431]))","(array([0.05080259]), array([-0.02437832]))","(array([0.05133773]), array([-0.02610643]))","(array([0.05261574]), array([-0.02618128]))","(array([0.05264516]), array([-0.02591777]))","(array([0.05114247]), array([-0.02632222]))","(array([0.05046338]), array([-0.0252588]))","(array([0.0491541]), array([-0.02500101]))","(array([0.04820971]), array([-0.023668]))","(array([0.04635961]), array([-0.0243598]))","(array([0.04479403]), array([-0.02665796]))"
(0.014616639345435785+0j),[0.09659661],[1.],[0.21614987],[1.],"(array([0.09786837]), array([-0.00012975]))","(array([0.05133685]), array([-0.02610663]))","(array([0.05261489]), array([-0.02618156]))","(array([0.0526444]), array([-0.02591814]))","(array([0.05114174]), array([-0.02632262]))","(array([0.05046271]), array([-0.02525923]))","(array([0.04915354]), array([-0.0250015]))","(array([0.04820926]), array([-0.02366848]))","(array([0.04635916]), array([-0.02436025]))","(array([0.04479363]), array([-0.02665842]))","(array([0.04453335]), array([-0.02863664]))"
(0.015068807665943486+0j),[0.1078499],[1.],[0.21501356],[1.],"(array([0.10050163]), array([-0.00423883]))","(array([0.0526139]), array([-0.02618179]))","(array([0.0526435]), array([-0.02591849]))","(array([0.05114087]), array([-0.02632301]))","(array([0.0504619]), array([-0.02525966]))","(array([0.04915286]), array([-0.02500202]))","(array([0.04820872]), array([-0.02366901]))","(array([0.04635863]), array([-0.02436074]))","(array([0.04479315]), array([-0.02665894]))","(array([0.04453293]), array([-0.02863718]))","(array([0.0435211]), array([-0.03164486]))"
(0.01613116718647679+0j),[0.13193651],[1.],[0.21119911],[1.],"(array([0.10214593]), array([-0.00183808]))","(array([0.05264249]), array([-0.02591877]))","(array([0.05113988]), array([-0.02632333]))","(array([0.05046098]), array([-0.02526004]))","(array([0.04915206]), array([-0.0250025]))","(array([0.04820807]), array([-0.0236695]))","(array([0.04635799]), array([-0.02436119]))","(array([0.04479256]), array([-0.02665944]))","(array([0.04453242]), array([-0.02863771]))","(array([0.04352076]), array([-0.03164535]))","(array([0.04584897]), array([-0.03072504]))"
(0.01711920104999744+0j),[0.13739848],[1.],[0.2166781],[1.],"(array([0.10132946]), array([0.00371295]))","(array([0.05113876]), array([-0.0263236]))","(array([0.05045993]), array([-0.02526037]))","(array([0.04915112]), array([-0.02500295]))","(array([0.04820726]), array([-0.02367]))","(array([0.04635722]), array([-0.02436166]))","(array([0.04479185]), array([-0.02665995]))","(array([0.04453177]), array([-0.02863825]))","(array([0.04352027]), array([-0.0316459]))","(array([0.04584871]), array([-0.03072574]))","(array([0.05000606]), array([-0.02734918]))"
(0.018126112471619663+0j),[0.14731615],[1.],[0.21904252],[1.],"(array([0.10106206]), array([0.00451691]))","(array([0.05045886]), array([-0.02526062]))","(array([0.04915014]), array([-0.02500331]))","(array([0.04820641]), array([-0.02367044]))","(array([0.0463564]), array([-0.02436207]))","(array([0.04479108]), array([-0.02666041]))","(array([0.04453108]), array([-0.02863874]))","(array([0.0435197]), array([-0.03164642]))","(array([0.04584833]), array([-0.03072646]))","(array([0.05000597]), array([-0.02734989]))","(array([0.051671]), array([-0.02781548]))"
(0.020852444899820105+0j),[0.13476346],[1.],[0.24886025],[1.],"(array([0.10253454]), array([0.00773189]))","(array([0.04914928]), array([-0.02500357]))","(array([0.04820565]), array([-0.02367073]))","(array([0.04635568]), array([-0.02436236]))","(array([0.04479039]), array([-0.02666075]))","(array([0.04453044]), array([-0.02863911]))","(array([0.04351919]), array([-0.03164679]))","(array([0.04584796]), array([-0.03072697]))","(array([0.05000581]), array([-0.02735038]))","(array([0.05167117]), array([-0.0278159]))","(array([0.05461078]), array([-0.02860334]))"
(0.023825363141851123+0j),[0.13208537],[1.],[0.27183595],[1.],"(array([0.10778938]), array([0.00521729]))","(array([0.04820496]), array([-0.02367092]))","(array([0.04635502]), array([-0.02436255]))","(array([0.04478977]), array([-0.02666099]))","(array([0.04452986]), array([-0.02863937]))","(array([0.04351869]), array([-0.03164704]))","(array([0.04584758]), array([-0.03072733]))","(array([0.05000558]), array([-0.02735074]))","(array([0.05167113]), array([-0.0278162]))","(array([0.0546111]), array([-0.02860381]))","(array([0.05549258]), array([-0.03567395]))"
(0.026909024709189933+0j),[0.11692542],[1.],[0.29869634],[1.],"(array([0.11189436]), array([0.00592361]))","(array([0.04635432]), array([-0.02436273]))","(array([0.04478916]), array([-0.02666114]))","(array([0.04452926]), array([-0.02863957]))","(array([0.04351815]), array([-0.03164727]))","(array([0.04584714]), array([-0.03072762]))","(array([0.05000524]), array([-0.02735109]))","(array([0.05167096]), array([-0.02781652]))","(array([0.05461117]), array([-0.02860428]))","(array([0.05549285]), array([-0.0356747]))","(array([0.05747474]), array([-0.04035991]))"
(0.028349359885805177+0j),[0.12476328],[1.],[0.30427069],[1.],"(array([0.11471666]), array([0.00191031]))","(array([0.04478836]), array([-0.02666131]))","(array([0.04452858]), array([-0.02863972]))","(array([0.04351748]), array([-0.03164748]))","(array([0.04584656]), array([-0.03072792]))","(array([0.0500048]), array([-0.02735144]))","(array([0.05167063]), array([-0.02781691]))","(array([0.05461106]), array([-0.0286048]))","(array([0.0554929]), array([-0.03567544]))","(array([0.05747497]), array([-0.04036072]))","(array([0.05693476]), array([-0.04606762]))"
(0.029823336756947462+0j),[0.12596611],[1.],[0.31244379],[1.],"(array([0.1144034]), array([0.001388]))","(array([0.04452767]), array([-0.02863987]))","(array([0.04351669]), array([-0.03164761]))","(array([0.04584581]), array([-0.0307282]))","(array([0.05000418]), array([-0.02735183]))","(array([0.05167017]), array([-0.02781728]))","(array([0.05461077]), array([-0.02860533]))","(array([0.05549281]), array([-0.03567612]))","(array([0.05747505]), array([-0.04036146]))","(array([0.05693496]), array([-0.0460684]))","(array([0.05909944]), array([-0.04626449]))"
(0.03129208483360744+0j),[0.11245153],[1.],[0.32577801],[1.],"(array([0.11593562]), array([-0.00028056]))","(array([0.0435158]), array([-0.03164773]))","(array([0.04584505]), array([-0.03072839]))","(array([0.05000349]), array([-0.02735218]))","(array([0.05166959]), array([-0.02781767]))","(array([0.05461039]), array([-0.02860582]))","(array([0.05549256]), array([-0.03567679]))","(array([0.05747498]), array([-0.04036215]))","(array([0.05693497]), array([-0.04606917]))","(array([0.05909959]), array([-0.04626543]))","(array([0.06026433]), array([-0.0476622]))"
(0.02836668941621856+0j),[0.13173051],[1.],[0.30039715],[1.],"(array([0.11494422]), array([-0.00618767]))","(array([0.04584431]), array([-0.03072855]))","(array([0.05000285]), array([-0.02735244]))","(array([0.05166903]), array([-0.027818]))","(array([0.05460997]), array([-0.02860626]))","(array([0.05549224]), array([-0.03567732]))","(array([0.05747477]), array([-0.04036275]))","(array([0.05693485]), array([-0.04606978]))","(array([0.05909956]), array([-0.04626621]))","(array([0.06026448]), array([-0.04766305]))","(array([0.05776367]), array([-0.04912944]))"
(0.02572262068153742+0j),[0.13152594],[1.],[0.28318998],[1.],"(array([0.11163597]), array([-0.0010453]))","(array([0.05000224]), array([-0.02735265]))","(array([0.05166848]), array([-0.02781826]))","(array([0.05460953]), array([-0.02860663]))","(array([0.05549187]), array([-0.03567776]))","(array([0.05747449]), array([-0.04036324]))","(array([0.05693463]), array([-0.04607031]))","(array([0.05909942]), array([-0.04626682]))","(array([0.06026447]), array([-0.04766374]))","(array([0.05776375]), array([-0.04913017]))","(array([0.05860269]), array([-0.04213616]))"
(0.023175231919620867+0j),[0.13965241],[1.],[0.26134458],[1.],"(array([0.11191097]), array([0.00220988]))","(array([0.05166794]), array([-0.02781847]))","(array([0.05460906]), array([-0.02860694]))","(array([0.05549148]), array([-0.03567813]))","(array([0.05747415]), array([-0.04036365]))","(array([0.05693435]), array([-0.04607074]))","(array([0.0590992]), array([-0.04626734]))","(array([0.06026435]), array([-0.04766431]))","(array([0.05776372]), array([-0.04913079]))","(array([0.05860274]), array([-0.04213677]))","(array([0.05655669]), array([-0.0388337]))"
(0.022194138077876232+0j),[0.14831967],[1.],[0.24919652],[1.],"(array([0.1098524]), array([0.00354651]))","(array([0.05460853]), array([-0.0286072]))","(array([0.05549102]), array([-0.03567843]))","(array([0.05747375]), array([-0.040364]))","(array([0.05693398]), array([-0.0460711]))","(array([0.05909892]), array([-0.04626779]))","(array([0.06026413]), array([-0.04766479]))","(array([0.05776358]), array([-0.04913131]))","(array([0.05860268]), array([-0.0421373]))","(array([0.0565567]), array([-0.03883422]))","(array([0.05625553]), array([-0.03470715]))"
(0.02122688179314946+0j),[0.16148756],[1.],[0.23319052],[1.],"(array([0.11005201]), array([0.00468615]))","(array([0.05549052]), array([-0.03567865]))","(array([0.05747332]), array([-0.04036429]))","(array([0.05693357]), array([-0.04607139]))","(array([0.05909859]), array([-0.04626817]))","(array([0.06026386]), array([-0.04766519]))","(array([0.05776337]), array([-0.04913174]))","(array([0.05860255]), array([-0.04213774]))","(array([0.05655665]), array([-0.03883466]))","(array([0.05625553]), array([-0.03470761]))","(array([0.05655506]), array([-0.03136916]))"
(0.020456536495335284+0j),[0.17328415],[1.],[0.21800067],[1.],"(array([0.1073922]), array([0.00068619]))","(array([0.05747286]), array([-0.04036453]))","(array([0.05693314]), array([-0.04607163]))","(array([0.05909823]), array([-0.04626849]))","(array([0.06026355]), array([-0.04766554]))","(array([0.05776311]), array([-0.0491321]))","(array([0.05860236]), array([-0.04213814]))","(array([0.05655652]), array([-0.03883505]))","(array([0.05625546]), array([-0.03470802]))","(array([0.05655506]), array([-0.03136961]))","(array([0.05744412]), array([-0.02676611]))"
(0.020644094406914+0j),[0.17389402],[1.],[0.21922626],[1.],"(array([0.10681755]), array([-0.00128832]))","(array([0.05693266]), array([-0.04607184]))","(array([0.05909782]), array([-0.04626878]))","(array([0.0602632]), array([-0.04766587]))","(array([0.05776281]), array([-0.04913244]))","(array([0.05860211]), array([-0.0421385]))","(array([0.05655634]), array([-0.03883541]))","(array([0.05625534]), array([-0.03470841]))","(array([0.05655502]), array([-0.03137004]))","(array([0.05744417]), array([-0.02676656]))","(array([0.05851376]), array([-0.02319598]))"
(0.020953555907454926+0j),[0.17320613],[1.],[0.22244444],[1.],"(array([0.10655593]), array([-0.00672154]))","(array([0.05909734]), array([-0.04626905]))","(array([0.06026278]), array([-0.04766618]))","(array([0.05776243]), array([-0.04913277]))","(array([0.0586018]), array([-0.04213888]))","(array([0.05655609]), array([-0.03883579]))","(array([0.05625515]), array([-0.03470881]))","(array([0.0565549]), array([-0.03137049]))","(array([0.05744414]), array([-0.02676703]))","(array([0.05851388]), array([-0.02319649]))","(array([0.05889042]), array([-0.02330023]))"
(0.021199088459782283+0j),[0.16856959],[1.],[0.22801319],[1.],"(array([0.10937221]), array([-0.00706566]))","(array([0.06026226]), array([-0.04766648]))","(array([0.05776195]), array([-0.0491331]))","(array([0.05860138]), array([-0.04213926]))","(array([0.05655574]), array([-0.03883619]))","(array([0.05625487]), array([-0.03470925]))","(array([0.0565547]), array([-0.03137098]))","(array([0.05744404]), array([-0.02676756]))","(array([0.05851392]), array([-0.02319706]))","(array([0.05889059]), array([-0.02330078]))","(array([0.05908908]), array([-0.02393799]))"
(0.019129552532032974+0j),[0.16114208],[1.],[0.21562179],[1.],"(array([0.10945839]), array([-0.00944658]))","(array([0.05776135]), array([-0.04913338]))","(array([0.05860084]), array([-0.04213962]))","(array([0.05655526]), array([-0.03883655]))","(array([0.05625446]), array([-0.03470967]))","(array([0.05655437]), array([-0.03137146]))","(array([0.05744382]), array([-0.02676809]))","(array([0.05851384]), array([-0.02319763]))","(array([0.05889063]), array([-0.02330132]))","(array([0.05908933]), array([-0.0239385]))","(array([0.05769801]), array([-0.02349558]))"
(0.0173575107317881+0j),[0.17760677],[1.],[0.18469505],[1.],"(array([0.10429174]), array([-0.01250673]))","(array([0.05860015]), array([-0.04213992]))","(array([0.05655464]), array([-0.03883687]))","(array([0.05625391]), array([-0.03471004]))","(array([0.05655389]), array([-0.0313719]))","(array([0.05744344]), array([-0.02676858]))","(array([0.0585136]), array([-0.02319815]))","(array([0.05889046]), array([-0.02330183]))","(array([0.05908933]), array([-0.02393896]))","(array([0.05769824]), array([-0.02349612]))","(array([0.05498533]), array([-0.02198371]))"
(0.015806477778939818+0j),[0.17369207],[1.],[0.17185105],[1.],"(array([0.09830923]), array([-0.00206316]))","(array([0.05655387]), array([-0.03883718]))","(array([0.05625321]), array([-0.03471043]))","(array([0.05655326]), array([-0.03137237]))","(array([0.05744291]), array([-0.02676912]))","(array([0.05851318]), array([-0.02319874]))","(array([0.05889013]), array([-0.02330245]))","(array([0.05908911]), array([-0.02393956]))","(array([0.05769817]), array([-0.02349683]))","(array([0.05498547]), array([-0.02198457]))","(array([0.05456268]), array([-0.01435127]))"
(0.014055476570130442+0j),[0.18180357],[1.],[0.14114925],[1.],"(array([0.09298569]), array([0.00029861]))","(array([0.05625234]), array([-0.03471077]))","(array([0.05655249]), array([-0.03137285]))","(array([0.05744222]), array([-0.0267697]))","(array([0.05851261]), array([-0.02319934]))","(array([0.05888962]), array([-0.02330315]))","(array([0.05908871]), array([-0.02394021]))","(array([0.05769783]), array([-0.02349757]))","(array([0.0549853]), array([-0.02198547]))","(array([0.05456291]), array([-0.01435206]))","(array([0.0521092]), array([-0.01198363]))"
(0.012609853135422032+0j),[0.17548493],[1.],[0.12896805],[1.],"(array([0.08593909]), array([0.00610982]))","(array([0.05655155]), array([-0.03137332]))","(array([0.05744145]), array([-0.02677024]))","(array([0.05851185]), array([-0.02319995]))","(array([0.058889]), array([-0.02330383]))","(array([0.05908814]), array([-0.02394082]))","(array([0.05769734]), array([-0.02349824]))","(array([0.05498507]), array([-0.02198608]))","(array([0.05456285]), array([-0.01435236]))","(array([0.05210888]), array([-0.01198404]))","(array([0.05019577]), array([-0.0052999]))"
(0.011279581366076671+0j),[0.16989383],[1.],[0.11609847],[1.],"(array([0.08355103]), array([0.00797878]))","(array([0.05744054]), array([-0.02677082]))","(array([0.05851098]), array([-0.02320058]))","(array([0.05888824]), array([-0.02330458]))","(array([0.0590875]), array([-0.02394152]))","(array([0.05769672]), array([-0.02349901]))","(array([0.05498468]), array([-0.02198696]))","(array([0.05456284]), array([-0.01435309]))","(array([0.05210865]), array([-0.01198466]))","(array([0.05019566]), array([-0.00530108]))","(array([0.04758053]), array([-0.00370693]))"
(0.01045806721872693+0j),[0.17108573],[1.],[0.09994821],[1.],"(array([0.0825026]), array([0.01123998]))","(array([0.05851]), array([-0.0232012]))","(array([0.05888735]), array([-0.02330532]))","(array([0.05908674]), array([-0.02394224]))","(array([0.05769597]), array([-0.02349978]))","(array([0.05498409]), array([-0.02198783]))","(array([0.05456256]), array([-0.01435389]))","(array([0.05210825]), array([-0.01198538]))","(array([0.05019537]), array([-0.0053022]))","(array([0.04758057]), array([-0.00370766]))","(array([0.04545032]), array([-0.00269961]))"
(0.00967391861989809+0j),[0.16662644],[1.],[0.09248099],[1.],"(array([0.07999607]), array([0.01498457]))","(array([0.05888639]), array([-0.023306]))","(array([0.05908583]), array([-0.02394291]))","(array([0.05769512]), array([-0.02350052]))","(array([0.05498337]), array([-0.02198857]))","(array([0.05456205]), array([-0.01435461]))","(array([0.05210767]), array([-0.0119861]))","(array([0.05019499]), array([-0.00530318]))","(array([0.04758032]), array([-0.00370834]))","(array([0.04545006]), array([-0.00270019]))","(array([0.04381389]), array([0.00048477]))"
(0.008969540371457448+0j),[0.16014149],[1.],[0.08962929],[1.],"(array([0.07872266]), array([0.01390385]))","(array([0.05908488]), array([-0.02394352]))","(array([0.05769422]), array([-0.02350122]))","(array([0.05498262]), array([-0.02198928]))","(array([0.0545615]), array([-0.01435526]))","(array([0.05210703]), array([-0.01198678]))","(array([0.05019458]), array([-0.00530416]))","(array([0.04758006]), array([-0.00370896]))","(array([0.04544976]), array([-0.0027007]))","(array([0.04381362]), array([0.00048404]))","(array([0.04214385]), array([0.00142565]))"
(0.009000129811692978+0j),[0.16303644],[1.],[0.08565588],[1.],"(array([0.07996578]), array([0.0118571]))","(array([0.05769327]), array([-0.02350186]))","(array([0.05498179]), array([-0.02198995]))","(array([0.05456087]), array([-0.01435593]))","(array([0.05210634]), array([-0.01198745]))","(array([0.05019404]), array([-0.0053051]))","(array([0.04757969]), array([-0.00370965]))","(array([0.0454494]), array([-0.0027013]))","(array([0.04381329]), array([0.00048328]))","(array([0.04214377]), array([0.00142494]))","(array([0.0414457]), array([-0.00018366]))"
(0.009026628262551814+0j),[0.15438089],[1.],[0.10134577],[1.],"(array([0.07773511]), array([0.01292248]))","(array([0.05498088]), array([-0.02199056]))","(array([0.05456011]), array([-0.01435656]))","(array([0.05210555]), array([-0.0119881]))","(array([0.05019345]), array([-0.00530598]))","(array([0.04757919]), array([-0.0037103]))","(array([0.04544891]), array([-0.00270189]))","(array([0.04381286]), array([0.00048253]))","(array([0.04214355]), array([0.00142426]))","(array([0.04144553]), array([-0.00018419]))","(array([0.04156636]), array([0.00085484]))"
(0.009115862941798298+0j),[0.14710389],[1.],[0.11353144],[1.],"(array([0.07853976]), array([0.01249073]))","(array([0.05455931]), array([-0.01435712]))","(array([0.05210472]), array([-0.01198871]))","(array([0.05019281]), array([-0.00530678]))","(array([0.04757863]), array([-0.00371091]))","(array([0.04544835]), array([-0.00270244]))","(array([0.04381237]), array([0.00048181]))","(array([0.04214327]), array([0.00142362]))","(array([0.04144527]), array([-0.0001847]))","(array([0.04156627]), array([0.00085423]))","(array([0.04164205]), array([-0.00316249]))"
(0.009145846838723631+0j),[0.14546316],[1.],[0.1165087],[1.],"(array([0.08084999]), array([0.01833379]))","(array([0.05210391]), array([-0.01198924]))","(array([0.05019217]), array([-0.00530749]))","(array([0.04757806]), array([-0.00371145]))","(array([0.04544779]), array([-0.00270294]))","(array([0.04381188]), array([0.00048117]))","(array([0.04214296]), array([0.00142303]))","(array([0.041445]), array([-0.00018517]))","(array([0.04156615]), array([0.00085366]))","(array([0.04164202]), array([-0.00316307]))","(array([0.04145731]), array([-0.00642338]))"
(0.009185684806458228+0j),[0.14746755],[1.],[0.11494966],[1.],"(array([0.07911098]), array([0.02028082]))","(array([0.05019149]), array([-0.00530813]))","(array([0.04757745]), array([-0.00371197]))","(array([0.0454472]), array([-0.00270342]))","(array([0.04381136]), array([0.00048057]))","(array([0.04214259]), array([0.00142244]))","(array([0.04144468]), array([-0.00018566]))","(array([0.04156596]), array([0.00085308]))","(array([0.0416419]), array([-0.00316366]))","(array([0.04145731]), array([-0.00642395]))","(array([0.04145105]), array([-0.00725425]))"
(0.009135177365813998+0j),[0.14033339],[1.],[0.12301981],[1.],"(array([0.07690541]), array([0.02723675]))","(array([0.0475768]), array([-0.00371242]))","(array([0.04544658]), array([-0.00270386]))","(array([0.04381081]), array([0.00048003]))","(array([0.04214215]), array([0.00142192]))","(array([0.0414443]), array([-0.00018612]))","(array([0.04156569]), array([0.00085254]))","(array([0.0416417]), array([-0.0031642]))","(array([0.04145721]), array([-0.00642448]))","(array([0.04145106]), array([-0.00725477]))","(array([0.04154248]), array([-0.00686283]))"
(0.009197061128824164+0j),[0.12846382],[1.],[0.13647457],[1.],"(array([0.07621025]), array([0.02722391]))","(array([0.04544592]), array([-0.00270423]))","(array([0.04381023]), array([0.00047956]))","(array([0.04214168]), array([0.00142147]))","(array([0.04144387]), array([-0.00018654]))","(array([0.04156538]), array([0.00085206]))","(array([0.04164144]), array([-0.0031647]))","(array([0.04145705]), array([-0.00642495]))","(array([0.041451]), array([-0.00725524]))","(array([0.04154252]), array([-0.00686332]))","(array([0.04110902]), array([-0.00932952]))"
(0.009359906103485824+0j),[0.1344096],[1.],[0.13326592],[1.],"(array([0.07709155]), array([0.02559721]))","(array([0.04380964]), array([0.00047916]))","(array([0.04214117]), array([0.00142108]))","(array([0.0414434]), array([-0.0001869]))","(array([0.04156501]), array([0.00085162]))","(array([0.04164114]), array([-0.00316515]))","(array([0.04145683]), array([-0.00642539]))","(array([0.04145086]), array([-0.00725569]))","(array([0.04154248]), array([-0.00686379]))","(array([0.04110907]), array([-0.00933003]))","(array([0.04033318]), array([-0.01325562]))"
(0.009468471095618035+0j),[0.1265191],[1.],[0.14245718],[1.],"(array([0.07479159]), array([0.03001047]))","(array([0.04214065]), array([0.00142074]))","(array([0.04144291]), array([-0.0001872]))","(array([0.04156462]), array([0.00085124]))","(array([0.04164079]), array([-0.00316554]))","(array([0.04145656]), array([-0.00642578]))","(array([0.04145068]), array([-0.0072561]))","(array([0.04154238]), array([-0.00686422]))","(array([0.04110906]), array([-0.0093305]))","(array([0.04033325]), array([-0.01325612]))","(array([0.04106642]), array([-0.01206586]))"
(0.008344808927207575+0j),[0.1152704],[1.],[0.136578],[1.],"(array([0.07314909]), array([0.02919488]))","(array([0.04144244]), array([-0.00018746]))","(array([0.04156422]), array([0.00085091]))","(array([0.04164043]), array([-0.00316589]))","(array([0.04145626]), array([-0.00642613]))","(array([0.04145045]), array([-0.00725647]))","(array([0.04154222]), array([-0.00686463]))","(array([0.04110897]), array([-0.00933094]))","(array([0.04033322]), array([-0.0132566]))","(array([0.04106653]), array([-0.01206637]))","(array([0.03955782]), array([-0.01296735]))"
(0.007368817285960466+0j),[0.10913698],[1.],[0.12747],[1.],"(array([0.07117476]), array([0.02515453]))","(array([0.0415638]), array([0.00085063]))","(array([0.04164005]), array([-0.00316617]))","(array([0.04145593]), array([-0.00642642]))","(array([0.04145019]), array([-0.0072568]))","(array([0.04154203]), array([-0.006865]))","(array([0.04110883]), array([-0.00933135]))","(array([0.04033314]), array([-0.01325703]))","(array([0.04106657]), array([-0.01206683]))","(array([0.0395579]), array([-0.0129678]))","(array([0.03681338]), array([-0.01307828]))"
(0.006483532683864062+0j),[0.10824642],[1.],[0.1141196],[1.],"(array([0.06929035]), array([0.02482043]))","(array([0.04163964]), array([-0.00316639]))","(array([0.04145557]), array([-0.00642666]))","(array([0.04144988]), array([-0.00725707]))","(array([0.04154178]), array([-0.00686531]))","(array([0.04110863]), array([-0.00933169]))","(array([0.04033298]), array([-0.01325739]))","(array([0.04106652]), array([-0.01206723]))","(array([0.03955789]), array([-0.0129682]))","(array([0.03681342]), array([-0.01307867]))","(array([0.03462213]), array([-0.01202727]))"
(0.007515206113450452+0j),[0.08589448],[1.],[0.14658328],[1.],"(array([0.06969453]), array([0.02070745]))","(array([0.04145514]), array([-0.00642684]))","(array([0.04144951]), array([-0.00725729]))","(array([0.04154147]), array([-0.00686557]))","(array([0.04110837]), array([-0.00933199]))","(array([0.04033277]), array([-0.0132577]))","(array([0.0410664]), array([-0.01206756]))","(array([0.0395578]), array([-0.01296854]))","(array([0.03681338]), array([-0.01307898]))","(array([0.03462214]), array([-0.01202755]))","(array([0.03470318]), array([-0.01235965]))"
(0.008880752778466415+0j),[0.07430231],[1.],[0.16961565],[1.],"(array([0.07664564]), array([0.01261182]))","(array([0.04144909]), array([-0.00725747]))","(array([0.0415411]), array([-0.00686582]))","(array([0.04110805]), array([-0.00933226]))","(array([0.0403325]), array([-0.01325799]))","(array([0.04106623]), array([-0.01206789]))","(array([0.03955766]), array([-0.01296888]))","(array([0.03681327]), array([-0.01307931]))","(array([0.03462209]), array([-0.01202785]))","(array([0.03470328]), array([-0.01235999]))","(array([0.03408357]), array([-0.02095687]))"
(0.010402383510342849+0j),[0.07616767],[1.],[0.18575238],[1.],"(array([0.08169515]), array([0.00925207]))","(array([0.04154069]), array([-0.00686603]))","(array([0.04110769]), array([-0.0093325]))","(array([0.04033218]), array([-0.01325825]))","(array([0.04106598]), array([-0.0120682]))","(array([0.03955746]), array([-0.0129692]))","(array([0.0368131]), array([-0.01307962]))","(array([0.03462196]), array([-0.01202815]))","(array([0.03470326]), array([-0.01236033]))","(array([0.03408367]), array([-0.02095728]))","(array([0.03442107]), array([-0.02659966]))"
(0.011271848859855884+0j),[0.07660484],[1.],[0.19461355],[1.],"(array([0.08454435]), array([0.01004393]))","(array([0.04110729]), array([-0.00933271]))","(array([0.0403318]), array([-0.01325848]))","(array([0.04106567]), array([-0.0120685]))","(array([0.03955717]), array([-0.01296951]))","(array([0.03681285]), array([-0.01307994]))","(array([0.03462175]), array([-0.01202848]))","(array([0.03470311]), array([-0.01236072]))","(array([0.03408352]), array([-0.02095773]))","(array([0.03442094]), array([-0.02660012]))","(array([0.03614665]), array([-0.02878757]))"
(0.012170079774952627+0j),[0.07361209],[1.],[0.20458],[1.],"(array([0.08606533]), array([0.00773376]))","(array([0.04033142]), array([-0.01325867]))","(array([0.04106536]), array([-0.01206875]))","(array([0.03955688]), array([-0.01296978]))","(array([0.03681259]), array([-0.01308022]))","(array([0.03462153]), array([-0.01202877]))","(array([0.03470296]), array([-0.01236106]))","(array([0.03408341]), array([-0.02095814]))","(array([0.03442085]), array([-0.02660054]))","(array([0.0361466]), array([-0.02878782]))","(array([0.03725935]), array([-0.03040184]))"
(0.013121530074950913+0j),[0.06975707],[1.],[0.21475467],[1.],"(array([0.08749461]), array([0.00324532]))","(array([0.04106502]), array([-0.01206896]))","(array([0.03955658]), array([-0.01297]))","(array([0.0368123]), array([-0.01308045]))","(array([0.03462128]), array([-0.01202901]))","(array([0.03470278]), array([-0.01236136]))","(array([0.03408326]), array([-0.02095848]))","(array([0.03442073]), array([-0.02660089]))","(array([0.03614651]), array([-0.02878805]))","(array([0.03725935]), array([-0.03040215]))","(array([0.03787477]), array([-0.03259279]))"
(0.012015986360764083+0j),[0.07222874],[1.],[0.20364529],[1.],"(array([0.08836685]), array([0.00355861]))","(array([0.03955625]), array([-0.0129702]))","(array([0.03681198]), array([-0.01308065]))","(array([0.034621]), array([-0.01202923]))","(array([0.03470254]), array([-0.01236165]))","(array([0.03408304]), array([-0.02095879]))","(array([0.03442052]), array([-0.02660123]))","(array([0.03614637]), array([-0.02878829]))","(array([0.03725926]), array([-0.03040249]))","(array([0.03787471]), array([-0.03259316]))","(array([0.03718511]), array([-0.03315103]))"
(0.011056857226364515+0j),[0.07855918],[1.],[0.19180762],[1.],"(array([0.08445263]), array([0.00322377]))","(array([0.03681166]), array([-0.01308081]))","(array([0.03462071]), array([-0.01202941]))","(array([0.03470228]), array([-0.01236189]))","(array([0.03408279]), array([-0.02095905]))","(array([0.03442028]), array([-0.02660151]))","(array([0.0361462]), array([-0.0287885]))","(array([0.03725912]), array([-0.03040278]))","(array([0.03787461]), array([-0.03259348]))","(array([0.03718505]), array([-0.03315131]))","(array([0.03647288]), array([-0.03078465]))"
(0.010251424981471666+0j),[0.07170417],[1.],[0.18625123],[1.],"(array([0.0791731]), array([0.00450824]))","(array([0.0346204]), array([-0.01202954]))","(array([0.03470201]), array([-0.01236208]))","(array([0.03408253]), array([-0.02095924]))","(array([0.03442004]), array([-0.02660172]))","(array([0.036146]), array([-0.02878867]))","(array([0.03725897]), array([-0.03040301]))","(array([0.03787447]), array([-0.03259373]))","(array([0.03718496]), array([-0.03315154]))","(array([0.0364728]), array([-0.03078486]))","(array([0.03641353]), array([-0.02789179]))"
(0.01194085898715668+0j),[0.06556338],[1.],[0.20532672],[1.],"(array([0.07857544]), array([0.00402611]))","(array([0.03470172]), array([-0.01236221]))","(array([0.03408226]), array([-0.02095937]))","(array([0.03441979]), array([-0.02660187]))","(array([0.03614576]), array([-0.02878879]))","(array([0.03725878]), array([-0.03040319]))","(array([0.0378743]), array([-0.03259392]))","(array([0.03718482]), array([-0.03315172]))","(array([0.03647268]), array([-0.03078504]))","(array([0.03641343]), array([-0.027892]))","(array([0.03588234]), array([-0.03003859]))"
(0.013704195989949104+0j),[0.07030708],[1.],[0.21998074],[1.],"(array([0.08283827]), array([0.00235036]))","(array([0.03408198]), array([-0.02095946]))","(array([0.03441953]), array([-0.026602]))","(array([0.03614551]), array([-0.02878887]))","(array([0.03725859]), array([-0.03040334]))","(array([0.03787412]), array([-0.03259408]))","(array([0.03718468]), array([-0.03315187]))","(array([0.03647255]), array([-0.0307852]))","(array([0.03641333]), array([-0.02789218]))","(array([0.03588225]), array([-0.03003877]))","(array([0.03680997]), array([-0.0343314]))"
(0.015576059373858735+0j),[0.06624024],[1.],[0.23703579],[1.],"(array([0.08544241]), array([-0.00499492]))","(array([0.03441927]), array([-0.0266021]))","(array([0.03614525]), array([-0.02878893]))","(array([0.03725839]), array([-0.03040347]))","(array([0.03787393]), array([-0.03259422]))","(array([0.03718454]), array([-0.03315201]))","(array([0.03647242]), array([-0.03078534]))","(array([0.03641321]), array([-0.02789235]))","(array([0.03588215]), array([-0.03003894]))","(array([0.03680991]), array([-0.03433161]))","(array([0.0395061]), array([-0.03649738]))"
(0.018120468504594367+0j),[0.05260093],[1.],[0.25996505],[1.],"(array([0.09003012]), array([-0.01139607]))","(array([0.03614502]), array([-0.02878896]))","(array([0.0372582]), array([-0.03040357]))","(array([0.03787374]), array([-0.03259434]))","(array([0.03718439]), array([-0.03315213]))","(array([0.03647228]), array([-0.03078546]))","(array([0.03641308]), array([-0.0278925]))","(array([0.03588204]), array([-0.03003908]))","(array([0.03680982]), array([-0.03433179]))","(array([0.03950609]), array([-0.03649759]))","(array([0.04097441]), array([-0.04055759]))"
(0.020685603381984094+0j),[0.05193276],[1.],[0.27825281],[1.],"(array([0.09673562]), array([-0.01653176]))","(array([0.037258]), array([-0.03040366]))","(array([0.03787355]), array([-0.03259443]))","(array([0.03718424]), array([-0.03315223]))","(array([0.03647214]), array([-0.03078556]))","(array([0.03641295]), array([-0.02789263]))","(array([0.03588192]), array([-0.03003922]))","(array([0.03680972]), array([-0.03433196]))","(array([0.03950604]), array([-0.0364978]))","(array([0.04097443]), array([-0.04055783]))","(array([0.04091047]), array([-0.04634458]))"
(0.0232456353709585+0j),[0.04002496],[1.],[0.29696024],[1.],"(array([0.10182302]), array([-0.01825746]))","(array([0.03787335]), array([-0.0325945]))","(array([0.03718407]), array([-0.03315231]))","(array([0.03647199]), array([-0.03078565]))","(array([0.0364128]), array([-0.02789275]))","(array([0.03588179]), array([-0.03003933]))","(array([0.0368096]), array([-0.03433211]))","(array([0.03950597]), array([-0.03649798]))","(array([0.04097441]), array([-0.04055804]))","(array([0.04091051]), array([-0.04634482]))","(array([0.04280157]), array([-0.04984199]))"
(0.026228600709618684+0j),[0.05063318],[1.],[0.31368925],[1.],"(array([0.10682029]), array([-0.02301747]))","(array([0.03718386]), array([-0.03315235]))","(array([0.03647179]), array([-0.03078571]))","(array([0.03641261]), array([-0.02789284]))","(array([0.03588161]), array([-0.03003942]))","(array([0.03680945]), array([-0.03433224]))","(array([0.03950586]), array([-0.03649812]))","(array([0.04097434]), array([-0.0405582]))","(array([0.04091049]), array([-0.04634499]))","(array([0.04280167]), array([-0.04984222]))","(array([0.04276758]), array([-0.05492147]))"
(0.02925637787454251+0j),[0.06471541],[1.],[0.32863417],[1.],"(array([0.10980126]), array([-0.02123436]))","(array([0.03647154]), array([-0.03078577]))","(array([0.03641238]), array([-0.02789293]))","(array([0.0358814]), array([-0.0300395]))","(array([0.03680926]), array([-0.03433235]))","(array([0.0395057]), array([-0.03649825]))","(array([0.04097421]), array([-0.04055835]))","(array([0.0409104]), array([-0.04634514]))","(array([0.04280165]), array([-0.04984241]))","(array([0.04276767]), array([-0.0549218]))","(array([0.04663013]), array([-0.05692973]))"
(0.03229046168222683+0j),[0.05650809],[1.],[0.34658148],[1.],"(array([0.11236803]), array([-0.01583379]))","(array([0.03641212]), array([-0.027893]))","(array([0.03588111]), array([-0.0300396]))","(array([0.03680907]), array([-0.03433243]))","(array([0.03950545]), array([-0.0364984]))","(array([0.04097404]), array([-0.04055848]))","(array([0.04091022]), array([-0.04634531]))","(array([0.04280152]), array([-0.04984257]))","(array([0.04276756]), array([-0.05492214]))","(array([0.04663002]), array([-0.05692996]))","(array([0.05089698]), array([-0.05825234]))"
(0.03559233910521439+0j),[0.05526644],[1.],[0.36366631],[1.],"(array([0.11641522]), array([-0.01482022]))","(array([0.03588086]), array([-0.03003964]))","(array([0.03680876]), array([-0.03433254]))","(array([0.03950524]), array([-0.03649851]))","(array([0.0409738]), array([-0.04055861]))","(array([0.04091003]), array([-0.04634546]))","(array([0.04280135]), array([-0.04984273]))","(array([0.04276744]), array([-0.05492244]))","(array([0.0466299]), array([-0.05693016]))","(array([0.05089686]), array([-0.05825252]))","(array([0.05132291]), array([-0.06274838]))"
(0.0388964578173756+0j),[0.06210733],[1.],[0.37855338],[1.],"(array([0.1196243]), array([-0.0171937]))","(array([0.03680848]), array([-0.03433262]))","(array([0.03950495]), array([-0.03649861]))","(array([0.04097358]), array([-0.04055874]))","(array([0.04090979]), array([-0.04634561]))","(array([0.04280116]), array([-0.04984287]))","(array([0.04276728]), array([-0.05492271]))","(array([0.04662975]), array([-0.05693038]))","(array([0.05089673]), array([-0.05825272]))","(array([0.05132278]), array([-0.06274857]))","(array([0.05299664]), array([-0.06610105]))"
(0.04214414581535303+0j),[0.08430682],[1.],[0.38928254],[1.],"(array([0.12377384]), array([-0.01988515]))","(array([0.03950466]), array([-0.03649869]))","(array([0.04097327]), array([-0.04055887]))","(array([0.04090956]), array([-0.04634572]))","(array([0.04280092]), array([-0.04984302]))","(array([0.0427671]), array([-0.05492296]))","(array([0.0466296]), array([-0.0569306]))","(array([0.05089658]), array([-0.05825292]))","(array([0.05132264]), array([-0.06274877]))","(array([0.05299651]), array([-0.06610125]))","(array([0.05599456]), array([-0.06809052]))"
(0.04336635891487124+0j),[0.10217462],[1.],[0.39012267],[1.],"(array([0.1277744]), array([-0.01712184]))","(array([0.04097298]), array([-0.04055898]))","(array([0.04090922]), array([-0.04634584]))","(array([0.04280068]), array([-0.04984315]))","(array([0.04276685]), array([-0.05492319]))","(array([0.04662937]), array([-0.05693082]))","(array([0.05089642]), array([-0.05825313]))","(array([0.05132247]), array([-0.06274898]))","(array([0.05299636]), array([-0.06610147]))","(array([0.05599442]), array([-0.06809073]))","(array([0.0609157]), array([-0.06675547]))"
(0.04453001893382804+0j),[0.10827368],[1.],[0.39328252],[1.],"(array([0.12938319]), array([-0.01715869]))","(array([0.04090893]), array([-0.04634591]))","(array([0.04280035]), array([-0.04984329]))","(array([0.04276661]), array([-0.05492335]))","(array([0.04662919]), array([-0.056931]))","(array([0.05089622]), array([-0.05825332]))","(array([0.05132229]), array([-0.06274918]))","(array([0.05299619]), array([-0.06610166]))","(array([0.05599427]), array([-0.06809094]))","(array([0.06091557]), array([-0.06675569]))","(array([0.06447039]), array([-0.06486544]))"
(0.045718845840107984+0j),[0.11704439],[1.],[0.3956345],[1.],"(array([0.13000456]), array([-0.02146954]))","(array([0.0428001]), array([-0.04984337]))","(array([0.04276631]), array([-0.05492351]))","(array([0.04662895]), array([-0.05693118]))","(array([0.05089603]), array([-0.05825348]))","(array([0.0513221]), array([-0.06274937]))","(array([0.05299602]), array([-0.06610185]))","(array([0.05599412]), array([-0.06809113]))","(array([0.06091544]), array([-0.0667559]))","(array([0.06447028]), array([-0.06486565]))","(array([0.06609141]), array([-0.06472101]))"
(0.04766635417666816+0j),[0.14298952],[1.],[0.39537944],[1.],"(array([0.13278639]), array([-0.022958]))","(array([0.04276608]), array([-0.05492361]))","(array([0.0466287]), array([-0.05693134]))","(array([0.05089584]), array([-0.05825364]))","(array([0.05132191]), array([-0.06274953]))","(array([0.05299585]), array([-0.06610203]))","(array([0.05599396]), array([-0.06809132]))","(array([0.0609153]), array([-0.06675609]))","(array([0.06447016]), array([-0.06486585]))","(array([0.0660913]), array([-0.06472121]))","(array([0.06827658]), array([-0.06448783]))"
(0.04964466726617513+0j),[0.15735724],[1.],[0.39822362],[1.],"(array([0.1326782]), array([-0.02221701]))","(array([0.04662853]), array([-0.05693142]))","(array([0.05089563]), array([-0.05825379]))","(array([0.05132172]), array([-0.06274968]))","(array([0.05299567]), array([-0.06610219]))","(array([0.05599381]), array([-0.06809149]))","(array([0.06091516]), array([-0.06675628]))","(array([0.06447004]), array([-0.06486605]))","(array([0.0660912]), array([-0.0647214]))","(array([0.06827649]), array([-0.06448803]))","(array([0.07328081]), array([-0.06151299]))"
(0.05141039698492469+0j),[0.16951405],[1.],[0.40043086],[1.],"(array([0.13705796]), array([-0.02102173]))","(array([0.05089549]), array([-0.05825386]))","(array([0.05132152]), array([-0.06274982]))","(array([0.0529955]), array([-0.06610234]))","(array([0.05599365]), array([-0.06809165]))","(array([0.06091502]), array([-0.06675646]))","(array([0.06446993]), array([-0.06486624]))","(array([0.06609109]), array([-0.0647216]))","(array([0.06827639]), array([-0.06448822]))","(array([0.07328073]), array([-0.06151319]))","(array([0.07631339]), array([-0.06035941]))"
(0.04578624993372563+0j),[0.15616951],[1.],[0.37934207],[1.],"(array([0.13797767]), array([-0.01963637]))","(array([0.05132138]), array([-0.06274988]))","(array([0.0529953]), array([-0.06610247]))","(array([0.05599348]), array([-0.06809178]))","(array([0.06091487]), array([-0.06675661]))","(array([0.0644698]), array([-0.0648664]))","(array([0.06609097]), array([-0.06472177]))","(array([0.06827629]), array([-0.0644884]))","(array([0.07328065]), array([-0.06151337]))","(array([0.07631332]), array([-0.06035959]))","(array([0.07698476]), array([-0.05610667]))"
(0.04078136581378565+0j),[0.16426073],[1.],[0.35041704],[1.],"(array([0.13374486]), array([-0.02694293]))","(array([0.05299515]), array([-0.06610254]))","(array([0.05599329]), array([-0.06809189]))","(array([0.06091471]), array([-0.06675674]))","(array([0.06446966]), array([-0.06486655]))","(array([0.06609084]), array([-0.06472192]))","(array([0.06827618]), array([-0.06448856]))","(array([0.07328055]), array([-0.06151353]))","(array([0.07631324]), array([-0.06035976]))","(array([0.07698469]), array([-0.05610684]))","(array([0.07222147]), array([-0.0534774]))"
(0.03645201512367683+0j),[0.17602873],[1.],[0.32055641],[1.],"(array([0.129009]), array([-0.02841956]))","(array([0.05599312]), array([-0.06809196]))","(array([0.06091453]), array([-0.06675686]))","(array([0.0644695]), array([-0.06486668]))","(array([0.0660907]), array([-0.06472206]))","(array([0.06827605]), array([-0.06448871]))","(array([0.07328044]), array([-0.06151369]))","(array([0.07631314]), array([-0.06035992]))","(array([0.0769846]), array([-0.056107]))","(array([0.07222138]), array([-0.05347756]))","(array([0.07064136]), array([-0.04698851]))"
(0.0379746217690732+0j),[0.18294],[1.],[0.32541207],[1.],"(array([0.12890196]), array([-0.02776389]))","(array([0.06091436]), array([-0.06675694]))","(array([0.06446932]), array([-0.06486681]))","(array([0.06609054]), array([-0.0647222]))","(array([0.06827591]), array([-0.06448886]))","(array([0.07328032]), array([-0.06151386]))","(array([0.07631303]), array([-0.06036009]))","(array([0.07698451]), array([-0.05610718]))","(array([0.07222129]), array([-0.05347773]))","(array([0.07064127]), array([-0.04698868]))","(array([0.07137958]), array([-0.04297695]))"
(0.03923600209722951+0j),[0.17392863],[1.],[0.33717665],[1.],"(array([0.13476071]), array([-0.02494567]))","(array([0.06446919]), array([-0.06486689]))","(array([0.06609036]), array([-0.06472234]))","(array([0.06827575]), array([-0.06448901]))","(array([0.07328018]), array([-0.06151403]))","(array([0.07631292]), array([-0.06036027]))","(array([0.0769844]), array([-0.05610736]))","(array([0.07222119]), array([-0.05347791]))","(array([0.07064118]), array([-0.04698886]))","(array([0.07137949]), array([-0.04297713]))","(array([0.07313275]), array([-0.04304723]))"
(0.04024860416310279+0j),[0.15330476],[1.],[0.35222134],[1.],"(array([0.14080827]), array([-0.02508789]))","(array([0.06609028]), array([-0.06472242]))","(array([0.06827557]), array([-0.06448917]))","(array([0.07328005]), array([-0.06151421]))","(array([0.07631279]), array([-0.06036046]))","(array([0.0769843]), array([-0.05610756]))","(array([0.07222108]), array([-0.0534781]))","(array([0.07064108]), array([-0.04698904]))","(array([0.0713794]), array([-0.04297733]))","(array([0.07313267]), array([-0.04304743]))","(array([0.07261895]), array([-0.04622202]))"
(0.03864815096308488+0j),[0.16812472],[1.],[0.33665213],[1.],"(array([0.14423683]), array([-0.02948377]))","(array([0.0682755]), array([-0.06448923]))","(array([0.07327986]), array([-0.06151439]))","(array([0.07631264]), array([-0.06036063]))","(array([0.07698415]), array([-0.05610775]))","(array([0.07222094]), array([-0.05347831]))","(array([0.07064096]), array([-0.04698924]))","(array([0.0713793]), array([-0.04297752]))","(array([0.07313257]), array([-0.04304764]))","(array([0.07261885]), array([-0.04622222]))","(array([0.06959052]), array([-0.05005742]))"
(0.037174399674684985+0j),[0.18213734],[1.],[0.32087026],[1.],"(array([0.14294994]), array([-0.02599317]))","(array([0.07327962]), array([-0.06151454]))","(array([0.07631242]), array([-0.0603608]))","(array([0.07698395]), array([-0.05610795]))","(array([0.07222076]), array([-0.05347852]))","(array([0.07064079]), array([-0.04698945]))","(array([0.07137915]), array([-0.04297773]))","(array([0.07313243]), array([-0.04304786]))","(array([0.07261872]), array([-0.04622244]))","(array([0.06959038]), array([-0.05005762]))","(array([0.07067589]), array([-0.04542204]))"
(0.035653403948228725+0j),[0.18814283],[1.],[0.30842369],[1.],"(array([0.14436812]), array([-0.02000457]))","(array([0.07631214]), array([-0.06036099]))","(array([0.07698369]), array([-0.05610816]))","(array([0.07222051]), array([-0.05347873]))","(array([0.07064055]), array([-0.04698968]))","(array([0.07137894]), array([-0.04297797]))","(array([0.07313225]), array([-0.04304811]))","(array([0.07261855]), array([-0.04622269]))","(array([0.06959021]), array([-0.05005786]))","(array([0.07067574]), array([-0.04542228]))","(array([0.07149323]), array([-0.04080966]))"
(0.032136398021472036+0j),[0.18134804],[1.],[0.29091348],[1.],"(array([0.1431338]), array([-0.01755134]))","(array([0.07698337]), array([-0.05610835]))","(array([0.0722202]), array([-0.05347893]))","(array([0.07064027]), array([-0.0469899]))","(array([0.07137869]), array([-0.0429782]))","(array([0.07313202]), array([-0.04304836]))","(array([0.07261833]), array([-0.04622294]))","(array([0.06958999]), array([-0.05005809]))","(array([0.07067555]), array([-0.04542252]))","(array([0.07149307]), array([-0.0408099]))","(array([0.07048537]), array([-0.03646464]))"
(0.028879684532491814+0j),[0.1794821],[1.],[0.27072214],[1.],"(array([0.13993832]), array([-0.01489074]))","(array([0.07221979]), array([-0.05347914]))","(array([0.07063988]), array([-0.04699013]))","(array([0.07137833]), array([-0.04297846]))","(array([0.07313169]), array([-0.04304864]))","(array([0.07261802]), array([-0.04622323]))","(array([0.06958969]), array([-0.05005836]))","(array([0.07067528]), array([-0.04542281]))","(array([0.07149284]), array([-0.04081021]))","(array([0.07048517]), array([-0.03646495]))","(array([0.06717337]), array([-0.03391204]))"
(0.02610472046322039+0j),[0.1815258],[1.],[0.2496194],[1.],"(array([0.13085001]), array([-0.01273514]))","(array([0.07063942]), array([-0.04699036]))","(array([0.0713779]), array([-0.04297872]))","(array([0.0731313]), array([-0.04304893]))","(array([0.07261765]), array([-0.04622353]))","(array([0.06958932]), array([-0.05005865]))","(array([0.07067495]), array([-0.04542311]))","(array([0.07149255]), array([-0.04081053]))","(array([0.07048492]), array([-0.03646528]))","(array([0.06717314]), array([-0.03391237]))","(array([0.06460086]), array([-0.03040358]))"
(0.025140867747301544+0j),[0.1901755],[1.],[0.23600686],[1.],"(array([0.12606608]), array([-0.00595592]))","(array([0.07137743]), array([-0.04297896]))","(array([0.07313086]), array([-0.04304921]))","(array([0.07261723]), array([-0.04622382]))","(array([0.06958892]), array([-0.05005892]))","(array([0.07067459]), array([-0.04542341]))","(array([0.07149224]), array([-0.04081085]))","(array([0.07048464]), array([-0.03646561]))","(array([0.06717289]), array([-0.03391269]))","(array([0.06460064]), array([-0.0304039]))","(array([0.06325062]), array([-0.02748401]))"
(0.02417968373226499+0j),[0.19111853],[1.],[0.22788272],[1.],"(array([0.12379769]), array([-0.00014021]))","(array([0.07313034]), array([-0.04304948]))","(array([0.07261673]), array([-0.04622411]))","(array([0.06958844]), array([-0.05005919]))","(array([0.07067416]), array([-0.04542371]))","(array([0.07149186]), array([-0.04081119]))","(array([0.0704843]), array([-0.03646596]))","(array([0.06717257]), array([-0.03391304]))","(array([0.06460036]), array([-0.03040425]))","(array([0.06325038]), array([-0.02748436]))","(array([0.06331005]), array([-0.02397827]))"
(0.023259927656300746+0j),[0.18364077],[1.],[0.22686325],[1.],"(array([0.12372593]), array([2.64299548e-06]))","(array([0.07261623]), array([-0.04622436]))","(array([0.06958797]), array([-0.05005944]))","(array([0.07067374]), array([-0.045424]))","(array([0.07149149]), array([-0.0408115]))","(array([0.07048397]), array([-0.03646629]))","(array([0.06717227]), array([-0.03391337]))","(array([0.06460008]), array([-0.03040458]))","(array([0.06325015]), array([-0.0274847]))","(array([0.06330986]), array([-0.02397863]))","(array([0.0625825]), array([-0.02229136]))"
(0.02303852785912951+0j),[0.18003192],[1.],[0.22835877],[1.],"(array([0.12354385]), array([-0.00473517]))","(array([0.06958758]), array([-0.0500596]))","(array([0.07067338]), array([-0.04542419]))","(array([0.07149117]), array([-0.04081172]))","(array([0.07048368]), array([-0.03646653]))","(array([0.067172]), array([-0.0339136]))","(array([0.06459984]), array([-0.03040482]))","(array([0.06324993]), array([-0.02748495]))","(array([0.06330969]), array([-0.02397889]))","(array([0.06258236]), array([-0.02229163]))","(array([0.06139486]), array([-0.02336031]))"
(0.022995835197102753+0j),[0.17098426],[1.],[0.23518405],[1.],"(array([0.12091836]), array([-0.0092697]))","(array([0.07067306]), array([-0.04542434]))","(array([0.07149088]), array([-0.0408119]))","(array([0.07048342]), array([-0.03646672]))","(array([0.06717175]), array([-0.0339138]))","(array([0.06459962]), array([-0.03040503]))","(array([0.06324973]), array([-0.02748517]))","(array([0.06330952]), array([-0.02397912]))","(array([0.06258221]), array([-0.02229187]))","(array([0.06139473]), array([-0.02336054]))","(array([0.06099076]), array([-0.02405906]))"
(0.022814497264032542+0j),[0.18960109],[1.],[0.21927145],[1.],"(array([0.1234802]), array([-0.00673886]))","(array([0.0714906]), array([-0.04081206]))","(array([0.07048317]), array([-0.0364669]))","(array([0.06717152]), array([-0.03391398]))","(array([0.0645994]), array([-0.03040521]))","(array([0.06324954]), array([-0.02748536]))","(array([0.06330936]), array([-0.02397933]))","(array([0.06258208]), array([-0.02229208]))","(array([0.06139461]), array([-0.02336076]))","(array([0.06099066]), array([-0.02405928]))","(array([0.05990645]), array([-0.02638979]))"
(0.023235326709451807+0j),[0.18264591],[1.],[0.22889391],[1.],"(array([0.12144453]), array([0.00185245]))","(array([0.07048291]), array([-0.03646705]))","(array([0.06717128]), array([-0.03391413]))","(array([0.06459918]), array([-0.03040537]))","(array([0.06324934]), array([-0.02748554]))","(array([0.06330919]), array([-0.02397952]))","(array([0.06258193]), array([-0.02229228]))","(array([0.06139449]), array([-0.02336096]))","(array([0.06099055]), array([-0.02405949]))","(array([0.05990634]), array([-0.02638999]))","(array([0.06192577]), array([-0.0219293]))"
(0.02359195634123697+0j),[0.19540767],[1.],[0.22145032],[1.],"(array([0.12257764]), array([0.00455762]))","(array([0.06717104]), array([-0.03391425]))","(array([0.06459896]), array([-0.03040549]))","(array([0.06324914]), array([-0.02748567]))","(array([0.06330902]), array([-0.02397968]))","(array([0.06258178]), array([-0.02229245]))","(array([0.06139435]), array([-0.02336113]))","(array([0.06099043]), array([-0.02405966]))","(array([0.05990623]), array([-0.02639017]))","(array([0.06192569]), array([-0.02192948]))","(array([0.06157599]), array([-0.02460319]))"
(0.02394499880742589+0j),[0.1960266],[1.],[0.22402478],[1.],"(array([0.11770976]), array([0.00984959]))","(array([0.06459873]), array([-0.03040559]))","(array([0.06324893]), array([-0.02748578]))","(array([0.06330883]), array([-0.02397981]))","(array([0.06258161]), array([-0.02229259]))","(array([0.06139419]), array([-0.02336128]))","(array([0.06099029]), array([-0.02405982]))","(array([0.05990611]), array([-0.02639032]))","(array([0.06192559]), array([-0.02192966]))","(array([0.06157591]), array([-0.02460337]))","(array([0.06317015]), array([-0.02188607]))"
(0.021696985081075412+0j),[0.20832436],[1.],[0.19154873],[1.],"(array([0.11323248]), array([0.01340743]))","(array([0.06324871]), array([-0.02748584]))","(array([0.06330863]), array([-0.02397989]))","(array([0.06258143]), array([-0.02229269]))","(array([0.06139402]), array([-0.02336139]))","(array([0.06099013]), array([-0.02405994]))","(array([0.05990596]), array([-0.02639045]))","(array([0.06192547]), array([-0.0219298]))","(array([0.0615758]), array([-0.02460352]))","(array([0.06317007]), array([-0.02188623]))","(array([0.06226021]), array([-0.02021174]))"
(0.01976248051624171+0j),[0.19628917],[1.],[0.18497683],[1.],"(array([0.10477512]), array([0.01896466]))","(array([0.06330841]), array([-0.02397994]))","(array([0.06258122]), array([-0.02229277]))","(array([0.06139383]), array([-0.02336148]))","(array([0.06098996]), array([-0.02406004]))","(array([0.05990579]), array([-0.02639055]))","(array([0.06192533]), array([-0.02192993]))","(array([0.06157568]), array([-0.02460365]))","(array([0.06316996]), array([-0.02188638]))","(array([0.06226012]), array([-0.02021189]))","(array([0.06099065]), array([-0.01273788]))"
(0.017911442203957708+0j),[0.19729317],[1.],[0.16385216],[1.],"(array([0.10338973]), array([0.01974335]))","(array([0.06258102]), array([-0.0222928]))","(array([0.06139364]), array([-0.02336153]))","(array([0.06098978]), array([-0.02406011]))","(array([0.05990563]), array([-0.02639063]))","(array([0.06192518]), array([-0.02193003]))","(array([0.06157554]), array([-0.02460376]))","(array([0.06316985]), array([-0.02188651]))","(array([0.06226002]), array([-0.02021203]))","(array([0.06099057]), array([-0.01273802]))","(array([0.05790626]), array([-0.01284998]))"
(0.015693149209552813+0j),[0.18726735],[1.],[0.14933608],[1.],"(array([0.09717323]), array([0.02161508]))","(array([0.06139348]), array([-0.02336154]))","(array([0.06098962]), array([-0.02406013]))","(array([0.05990548]), array([-0.02639066]))","(array([0.06192505]), array([-0.02193009]))","(array([0.06157542]), array([-0.02460383]))","(array([0.06316975]), array([-0.0218866]))","(array([0.06225993]), array([-0.02021213]))","(array([0.06099049]), array([-0.01273813]))","(array([0.05790619]), array([-0.01285008]))","(array([0.05532153]), array([-0.00800394]))"
(0.013795176866270902+0j),[0.17860537],[1.],[0.13529913],[1.],"(array([0.09281925]), array([0.01837382]))","(array([0.06098949]), array([-0.02406013]))","(array([0.05990535]), array([-0.02639066]))","(array([0.06192493]), array([-0.02193011]))","(array([0.06157531]), array([-0.02460386]))","(array([0.06316965]), array([-0.02188665]))","(array([0.06225984]), array([-0.02021219]))","(array([0.06099041]), array([-0.0127382]))","(array([0.05790611]), array([-0.01285016]))","(array([0.05532146]), array([-0.00800402]))","(array([0.05185682]), array([-0.00634796]))"
(0.01216256682014246+0j),[0.17174553],[1.],[0.12072468],[1.],"(array([0.08933596]), array([0.01579301]))","(array([0.05990525]), array([-0.02639065]))","(array([0.06192483]), array([-0.02193012]))","(array([0.06157521]), array([-0.02460388]))","(array([0.06316956]), array([-0.02188668]))","(array([0.06225976]), array([-0.02021223]))","(array([0.06099034]), array([-0.01273825]))","(array([0.05790604]), array([-0.01285021]))","(array([0.0553214]), array([-0.00800408]))","(array([0.05185675]), array([-0.00634802]))","(array([0.0486871]), array([-0.00462231]))"
(0.01291476058039773+0j),[0.16170915],[1.],[0.14512297],[1.],"(array([0.08892809]), array([0.01201389]))","(array([0.06192474]), array([-0.02193011]))","(array([0.06157513]), array([-0.02460388]))","(array([0.06316948]), array([-0.02188669]))","(array([0.06225968]), array([-0.02021225]))","(array([0.06099027]), array([-0.01273829]))","(array([0.05790598]), array([-0.01285025]))","(array([0.05532134]), array([-0.00800412]))","(array([0.0518567]), array([-0.00634807]))","(array([0.04868704]), array([-0.00462235]))","(array([0.04777075]), array([-0.00593234]))"
(0.013698821455255432+0j),[0.15287367],[1.],[0.16469035],[1.],"(array([0.09625988]), array([0.01415579]))","(array([0.06157505]), array([-0.02460387]))","(array([0.06316941]), array([-0.0218867]))","(array([0.06225961]), array([-0.02021226]))","(array([0.06099021]), array([-0.01273831]))","(array([0.05790592]), array([-0.01285027]))","(array([0.05532128]), array([-0.00800415]))","(array([0.05185664]), array([-0.0063481]))","(array([0.04868699]), array([-0.00462238]))","(array([0.0477707]), array([-0.00593237]))","(array([0.0484189]), array([-0.01169222]))"
(0.014643969751767467+0j),[0.14913248],[1.],[0.17922715],[1.],"(array([0.10021684]), array([0.00960356]))","(array([0.06316934]), array([-0.02188668]))","(array([0.06225955]), array([-0.02021226]))","(array([0.06099014]), array([-0.01273832]))","(array([0.05790585]), array([-0.01285028]))","(array([0.05532122]), array([-0.00800417]))","(array([0.05185658]), array([-0.00634811]))","(array([0.04868693]), array([-0.0046224]))","(array([0.04777064]), array([-0.00593239]))","(array([0.04841885]), array([-0.01169225]))","(array([0.04894541]), array([-0.01636113]))"
(0.01676653330439513+0j),[0.16042689],[1.],[0.19242566],[1.],"(array([0.10630119]), array([0.01142941]))","(array([0.06225949]), array([-0.02021224]))","(array([0.06099008]), array([-0.01273831]))","(array([0.05790579]), array([-0.01285028]))","(array([0.05532116]), array([-0.00800417]))","(array([0.05185653]), array([-0.00634812]))","(array([0.04868688]), array([-0.00462241]))","(array([0.04777059]), array([-0.00593241]))","(array([0.0484188]), array([-0.01169226]))","(array([0.04894536]), array([-0.01636115]))","(array([0.05041852]), array([-0.02069531]))"
(0.018921007016606484+0j),[0.15337108],[1.],[0.21828936],[1.],"(array([0.1082989]), array([0.01554148]))","(array([0.06099002]), array([-0.01273829]))","(array([0.05790573]), array([-0.01285026]))","(array([0.05532111]), array([-0.00800416]))","(array([0.05185647]), array([-0.00634812]))","(array([0.04868682]), array([-0.00462241]))","(array([0.04777054]), array([-0.00593241]))","(array([0.04841875]), array([-0.01169226]))","(array([0.04894531]), array([-0.01636115]))","(array([0.05041847]), array([-0.02069532]))","(array([0.05398335]), array([-0.02199451]))"
(0.021173966512349932+0j),[0.13349999],[1.],[0.24917473],[1.],"(array([0.11273296]), array([0.0212764]))","(array([0.05790567]), array([-0.01285024]))","(array([0.05532105]), array([-0.00800415]))","(array([0.05185641]), array([-0.0063481]))","(array([0.04868676]), array([-0.0046224]))","(array([0.04777048]), array([-0.0059324]))","(array([0.04841869]), array([-0.01169226]))","(array([0.04894526]), array([-0.01636115]))","(array([0.05041842]), array([-0.02069532]))","(array([0.0539833]), array([-0.02199452]))","(array([0.05532907]), array([-0.02780342]))"
(0.02061970970733112+0j),[0.13636782],[1.],[0.24344574],[1.],"(array([0.11386702]), array([0.01679456]))","(array([0.05532098]), array([-0.00800412]))","(array([0.05185635]), array([-0.00634808]))","(array([0.0486867]), array([-0.00462238]))","(array([0.04777042]), array([-0.00593238]))","(array([0.04841864]), array([-0.01169225]))","(array([0.0489452]), array([-0.01636114]))","(array([0.05041837]), array([-0.02069532]))","(array([0.05398326]), array([-0.02199453]))","(array([0.05532902]), array([-0.02780343]))","(array([0.05365383]), array([-0.03364162]))"
(0.020092839893270265+0j),[0.14533472],[1.],[0.23411166],[1.],"(array([0.11009037]), array([0.02215423]))","(array([0.05185627]), array([-0.00634805]))","(array([0.04868663]), array([-0.00462235]))","(array([0.04777035]), array([-0.00593236]))","(array([0.04841857]), array([-0.01169223]))","(array([0.04894514]), array([-0.01636113]))","(array([0.05041831]), array([-0.02069532]))","(array([0.0539832]), array([-0.02199453]))","(array([0.05532897]), array([-0.02780344]))","(array([0.05365378]), array([-0.03364163]))","(array([0.0535026]), array([-0.03235259]))"
(0.01964560197716825+0j),[0.11435818],[1.],[0.24739359],[1.],"(array([0.10466084]), array([0.02574205]))","(array([0.04868655]), array([-0.00462231]))","(array([0.04777027]), array([-0.00593233]))","(array([0.04841849]), array([-0.0116922]))","(array([0.04894507]), array([-0.01636111]))","(array([0.05041824]), array([-0.0206953]))","(array([0.05398313]), array([-0.02199453]))","(array([0.05532891]), array([-0.02780345]))","(array([0.05365372]), array([-0.03364164]))","(array([0.05350254]), array([-0.0323526]))","(array([0.05419313]), array([-0.02968514]))"
(0.020656125629276684+0j),[0.1150043],[1.],[0.25500114],[1.],"(array([0.10560031]), array([0.02061452]))","(array([0.04777019]), array([-0.00593229]))","(array([0.04841841]), array([-0.01169217]))","(array([0.04894499]), array([-0.01636109]))","(array([0.05041817]), array([-0.02069528]))","(array([0.05398306]), array([-0.02199453]))","(array([0.05532884]), array([-0.02780345]))","(array([0.05365366]), array([-0.03364165]))","(array([0.05350249]), array([-0.03235261]))","(array([0.05419307]), array([-0.02968516]))","(array([0.05031262]), array([-0.03667044]))"
(0.021698811488360337+0j),[0.09535671],[1.],[0.27057334],[1.],"(array([0.10637354]), array([0.01947899]))","(array([0.04841833]), array([-0.01169214]))","(array([0.04894491]), array([-0.01636106]))","(array([0.05041809]), array([-0.02069526]))","(array([0.05398299]), array([-0.02199452]))","(array([0.05532877]), array([-0.02780345]))","(array([0.05365359]), array([-0.03364165]))","(array([0.05350242]), array([-0.03235262]))","(array([0.05419302]), array([-0.02968518]))","(array([0.05031257]), array([-0.03667046]))","(array([0.05130851]), array([-0.03804645]))"
(0.022838524972969357+0j),[0.07173596],[1.],[0.28556762],[1.],"(array([0.11042179]), array([0.00953869]))","(array([0.04894483]), array([-0.01636102]))","(array([0.05041801]), array([-0.02069524]))","(array([0.05398291]), array([-0.02199451]))","(array([0.0553287]), array([-0.02780344]))","(array([0.05365353]), array([-0.03364164]))","(array([0.05350236]), array([-0.03235263]))","(array([0.05419296]), array([-0.02968519]))","(array([0.05031251]), array([-0.03667047]))","(array([0.05130845]), array([-0.03804647]))","(array([0.04938817]), array([-0.04308125]))"
(0.023335113758984782+0j),[0.07972838],[1.],[0.28681726],[1.],"(array([0.11371988]), array([-0.00021084]))","(array([0.05041794]), array([-0.0206952]))","(array([0.05398284]), array([-0.02199449]))","(array([0.05532863]), array([-0.02780343]))","(array([0.05365346]), array([-0.03364164]))","(array([0.0535023]), array([-0.03235263]))","(array([0.0541929]), array([-0.0296852]))","(array([0.05031245]), array([-0.03667048]))","(array([0.0513084]), array([-0.03804649]))","(array([0.04938812]), array([-0.04308127]))","(array([0.04637399]), array([-0.04802183]))"
(0.023798029947890632+0j),[0.097966],[1.],[0.28425132],[1.],"(array([0.11542762]), array([-0.00268121]))","(array([0.05398276]), array([-0.02199447]))","(array([0.05532856]), array([-0.02780342]))","(array([0.05365339]), array([-0.03364162]))","(array([0.05350223]), array([-0.03235262]))","(array([0.05419284]), array([-0.02968521]))","(array([0.0503124]), array([-0.03667048]))","(array([0.05130834]), array([-0.0380465]))","(array([0.04938807]), array([-0.04308128]))","(array([0.04637394]), array([-0.04802185]))","(array([0.04810542]), array([-0.04729313]))"
(0.02413067692203882+0j),[0.11984913],[1.],[0.27803398],[1.],"(array([0.11833859]), array([6.37827357e-05]))","(array([0.05532849]), array([-0.0278034]))","(array([0.05365333]), array([-0.03364161]))","(array([0.05350217]), array([-0.03235261]))","(array([0.05419278]), array([-0.02968521]))","(array([0.05031234]), array([-0.03667049]))","(array([0.05130829]), array([-0.03804651]))","(array([0.04938802]), array([-0.04308129]))","(array([0.0463739]), array([-0.04802186]))","(array([0.04810538]), array([-0.04729314]))","(array([0.05128093]), array([-0.04470474]))"
(0.022495463708715045+0j),[0.12068299],[1.],[0.26619381],[1.],"(array([0.11673306]), array([-0.00078982]))","(array([0.05365328]), array([-0.03364159]))","(array([0.05350212]), array([-0.0323526]))","(array([0.05419273]), array([-0.0296852]))","(array([0.05031229]), array([-0.03667048]))","(array([0.05130824]), array([-0.03804651]))","(array([0.04938798]), array([-0.0430813]))","(array([0.04637385]), array([-0.04802186]))","(array([0.04810534]), array([-0.04729315]))","(array([0.05128089]), array([-0.04470475]))","(array([0.05409673]), array([-0.03967119]))"
(0.021136855376712043+0j),[0.11852335],[1.],[0.2572629],[1.],"(array([0.11249439]), array([-0.0063001]))","(array([0.05350207]), array([-0.03235258]))","(array([0.05419268]), array([-0.02968519]))","(array([0.05031225]), array([-0.03667047]))","(array([0.0513082]), array([-0.0380465]))","(array([0.04938794]), array([-0.04308129]))","(array([0.04637381]), array([-0.04802186]))","(array([0.0481053]), array([-0.04729315]))","(array([0.05128086]), array([-0.04470476]))","(array([0.0540967]), array([-0.0396712]))","(array([0.05309898]), array([-0.03728721]))"
(0.019874413772596824+0j),[0.12206921],[1.],[0.24602111],[1.],"(array([0.1103846]), array([-0.0055156]))","(array([0.05419263]), array([-0.02968518]))","(array([0.0503122]), array([-0.03667046]))","(array([0.05130816]), array([-0.0380465]))","(array([0.04938789]), array([-0.04308129]))","(array([0.04637377]), array([-0.04802186]))","(array([0.04810526]), array([-0.04729316]))","(array([0.05128082]), array([-0.04470477]))","(array([0.05409666]), array([-0.03967122]))","(array([0.05309895]), array([-0.03728723]))","(array([0.05168278]), array([-0.03584328]))"
(0.020642630256873667+0j),[0.12930289],[1.],[0.2484014],[1.],"(array([0.11033189]), array([-0.00213287]))","(array([0.05031215]), array([-0.03667044]))","(array([0.0513081]), array([-0.03804649]))","(array([0.04938784]), array([-0.04308128]))","(array([0.04637373]), array([-0.04802185]))","(array([0.04810522]), array([-0.04729316]))","(array([0.05128078]), array([-0.04470477]))","(array([0.05409662]), array([-0.03967123]))","(array([0.05309891]), array([-0.03728725]))","(array([0.05168274]), array([-0.0358433]))","(array([0.05193064]), array([-0.03484193]))"
(0.02159931428832573+0j),[0.14099386],[1.],[0.24939783],[1.],"(array([0.10706248]), array([-0.00735941]))","(array([0.05130804]), array([-0.03804647]))","(array([0.04938778]), array([-0.04308127]))","(array([0.04637366]), array([-0.04802184]))","(array([0.04810516]), array([-0.04729315]))","(array([0.05128072]), array([-0.04470478]))","(array([0.05409657]), array([-0.03967125]))","(array([0.05309886]), array([-0.03728726]))","(array([0.05168269]), array([-0.03584332]))","(array([0.0519306]), array([-0.03484196]))","(array([0.05375928]), array([-0.03449179]))"
(0.022512309394180353+0j),[0.1574361],[1.],[0.24646634],[1.],"(array([0.1082468]), array([-0.00613255]))","(array([0.04938769]), array([-0.04308125]))","(array([0.04637358]), array([-0.04802182]))","(array([0.04810508]), array([-0.04729314]))","(array([0.05128064]), array([-0.04470478]))","(array([0.0540965]), array([-0.03967126]))","(array([0.05309879]), array([-0.03728728]))","(array([0.05168263]), array([-0.03584334]))","(array([0.05193053]), array([-0.03484198]))","(array([0.05375922]), array([-0.03449183]))","(array([0.05610767]), array([-0.03335355]))"
(0.023847559756792376+0j),[0.16432552],[1.],[0.25205565],[1.],"(array([0.10599215]), array([-0.00743118]))","(array([0.04637348]), array([-0.04802178]))","(array([0.04810498]), array([-0.04729312]))","(array([0.05128055]), array([-0.04470477]))","(array([0.05409641]), array([-0.03967127]))","(array([0.0530987]), array([-0.0372873]))","(array([0.05168254]), array([-0.03584336]))","(array([0.05193045]), array([-0.03484201]))","(array([0.05375915]), array([-0.03449186]))","(array([0.0561076]), array([-0.03335359]))","(array([0.05917611]), array([-0.03119598]))"
(0.02532844430240731+0j),[0.174079],[1.],[0.25636646],[1.],"(array([0.10426805]), array([-0.01073968]))","(array([0.04810486]), array([-0.04729308]))","(array([0.05128043]), array([-0.04470475]))","(array([0.05409629]), array([-0.03967127]))","(array([0.05309859]), array([-0.03728731]))","(array([0.05168243]), array([-0.03584338]))","(array([0.05193035]), array([-0.03484204]))","(array([0.05375905]), array([-0.0344919]))","(array([0.05610751]), array([-0.03335364]))","(array([0.05917603]), array([-0.03119603]))","(array([0.06123454]), array([-0.03149725]))"
(0.026695299843432933+0j),[0.17939007],[1.],[0.26241642],[1.],"(array([0.10689465]), array([-0.00788758]))","(array([0.0512803]), array([-0.04470472]))","(array([0.05409616]), array([-0.03967126]))","(array([0.05309846]), array([-0.03728731]))","(array([0.05168231]), array([-0.03584339]))","(array([0.05193023]), array([-0.03484206]))","(array([0.05375894]), array([-0.03449193]))","(array([0.0561074]), array([-0.03335368]))","(array([0.05917593]), array([-0.03119609]))","(array([0.06123446]), array([-0.03149731]))","(array([0.06352109]), array([-0.03121085]))"
(0.029094555144956895+0j),[0.17268533],[1.],[0.2830007],[1.],"(array([0.11226482]), array([-0.00419871]))","(array([0.05409603]), array([-0.03967125]))","(array([0.05309834]), array([-0.03728731]))","(array([0.05168219]), array([-0.03584339]))","(array([0.05193012]), array([-0.03484207]))","(array([0.05375883]), array([-0.03449196]))","(array([0.0561073]), array([-0.03335372]))","(array([0.05917584]), array([-0.03119614]))","(array([0.06123437]), array([-0.03149737]))","(array([0.06352101]), array([-0.03121091]))","(array([0.06557153]), array([-0.03256127]))"
(0.03133087794385419+0j),[0.17955003],[1.],[0.29301353],[1.],"(array([0.11952192]), array([-0.00076866]))","(array([0.05309822]), array([-0.0372873]))","(array([0.05168208]), array([-0.03584339]))","(array([0.05193001]), array([-0.03484208]))","(array([0.05375873]), array([-0.03449198]))","(array([0.05610721]), array([-0.03335375]))","(array([0.05917575]), array([-0.03119619]))","(array([0.06123428]), array([-0.03149742]))","(array([0.06352093]), array([-0.03121097]))","(array([0.06557146]), array([-0.03256133]))","(array([0.06640362]), array([-0.0372093]))"
(0.03350738997180385+0j),[0.19867289],[1.],[0.29411652],[1.],"(array([0.12073377]), array([0.00306007]))","(array([0.05168196]), array([-0.03584338]))","(array([0.05192989]), array([-0.03484208]))","(array([0.05375862]), array([-0.03449199]))","(array([0.0561071]), array([-0.03335378]))","(array([0.05917565]), array([-0.03119623]))","(array([0.06123419]), array([-0.03149747]))","(array([0.06352084]), array([-0.03121103]))","(array([0.06557138]), array([-0.0325614]))","(array([0.06640354]), array([-0.03720936]))","(array([0.06875967]), array([-0.03840054]))"
(0.034301851751514865+0j),[0.20734219],[1.],[0.29267085],[1.],"(array([0.11869713]), array([0.0086686]))","(array([0.05192974]), array([-0.03484207]))","(array([0.05375847]), array([-0.034492]))","(array([0.05610696]), array([-0.0333538]))","(array([0.05917551]), array([-0.03119627]))","(array([0.06123406]), array([-0.03149753]))","(array([0.06352072]), array([-0.03121109]))","(array([0.06557127]), array([-0.03256147]))","(array([0.06640344]), array([-0.03720944]))","(array([0.06875957]), array([-0.03840063]))","(array([0.07205615]), array([-0.03578101]))"
(0.03500393092229152+0j),[0.17859408],[1.],[0.31477036],[1.],"(array([0.11861691]), array([0.01154969]))","(array([0.05375825]), array([-0.03449199]))","(array([0.05610675]), array([-0.03335382]))","(array([0.05917532]), array([-0.03119631]))","(array([0.06123387]), array([-0.03149759]))","(array([0.06352054]), array([-0.03121117]))","(array([0.0655711]), array([-0.03256156]))","(array([0.06640328]), array([-0.03720954]))","(array([0.06875943]), array([-0.03840074]))","(array([0.07205602]), array([-0.03578114]))","(array([0.07352011]), array([-0.03455712]))"
(0.03568506212583817+0j),[0.19886836],[1.],[0.30612744],[1.],"(array([0.12525724]), array([0.00556798]))","(array([0.05610645]), array([-0.03335381]))","(array([0.05917503]), array([-0.03119635]))","(array([0.06123359]), array([-0.03149765]))","(array([0.06352028]), array([-0.03121126]))","(array([0.06557085]), array([-0.03256168]))","(array([0.06640304]), array([-0.03720967]))","(array([0.06875921]), array([-0.03840088]))","(array([0.07205583]), array([-0.0357813]))","(array([0.07351994]), array([-0.0345573]))","(array([0.07044256]), array([-0.04189025]))"
(0.0341289603198326+0j),[0.18699549],[1.],[0.30380697],[1.],"(array([0.12424149]), array([0.01113696]))","(array([0.05917461]), array([-0.03119637]))","(array([0.06123319]), array([-0.03149772]))","(array([0.06351989]), array([-0.03121137]))","(array([0.06557048]), array([-0.03256181]))","(array([0.06640269]), array([-0.03720981]))","(array([0.06875889]), array([-0.03840106]))","(array([0.07205555]), array([-0.03578152]))","(array([0.07351969]), array([-0.03455755]))","(array([0.07044231]), array([-0.04189048]))","(array([0.07259785]), array([-0.03676169]))"
(0.03251906354687715+0j),[0.21317764],[1.],[0.27514655],[1.],"(array([0.12673102]), array([0.01063506]))","(array([0.06123264]), array([-0.03149776]))","(array([0.06351936]), array([-0.03121146]))","(array([0.06556997]), array([-0.03256195]))","(array([0.06640221]), array([-0.03720998]))","(array([0.06875844]), array([-0.03840127]))","(array([0.07205514]), array([-0.03578179]))","(array([0.07351932]), array([-0.03455785]))","(array([0.07044195]), array([-0.04189078]))","(array([0.07259754]), array([-0.03676202]))","(array([0.07000556]), array([-0.03759035]))"
(0.03100147302053752+0j),[0.23373861],[1.],[0.24650506],[1.],"(array([0.12244084]), array([0.01610126]))","(array([0.06351864]), array([-0.03121154]))","(array([0.06556929]), array([-0.0325621]))","(array([0.06640155]), array([-0.03721016]))","(array([0.06875782]), array([-0.03840151]))","(array([0.07205458]), array([-0.0357821]))","(array([0.07351881]), array([-0.03455822]))","(array([0.07044145]), array([-0.04189113]))","(array([0.07259711]), array([-0.03676243]))","(array([0.07000515]), array([-0.03759076]))","(array([0.07182643]), array([-0.02920898]))"
(0.03142591387328322+0j),[0.2373444],[1.],[0.24614964],[1.],"(array([0.11998558]), array([0.02090296]))","(array([0.06556839]), array([-0.03256221]))","(array([0.06640069]), array([-0.03721031]))","(array([0.06875702]), array([-0.03840175]))","(array([0.07205384]), array([-0.03578245]))","(array([0.07351813]), array([-0.03455864]))","(array([0.07044078]), array([-0.04189153]))","(array([0.07259652]), array([-0.03676291]))","(array([0.0700046]), array([-0.03759125]))","(array([0.07182599]), array([-0.02920954]))","(array([0.07336644]), array([-0.02284534]))"
(0.03179586643090699+0j),[0.25267674],[1.],[0.23317957],[1.],"(array([0.1219037]), array([0.02037606]))","(array([0.06639963]), array([-0.03721044]))","(array([0.06875601]), array([-0.03840198]))","(array([0.07205291]), array([-0.03578282]))","(array([0.07351727]), array([-0.03455909]))","(array([0.07043994]), array([-0.04189198]))","(array([0.07259577]), array([-0.03676345]))","(array([0.0700039]), array([-0.03759181]))","(array([0.07182541]), array([-0.02921019]))","(array([0.07336598]), array([-0.02284606]))","(array([0.07401415]), array([-0.0223196]))"
(0.03216985084071145+0j),[0.24088442],[1.],[0.24788762],[1.],"(array([0.11985642]), array([0.01920991]))","(array([0.06875477]), array([-0.03840219]))","(array([0.07205175]), array([-0.0357832]))","(array([0.07351619]), array([-0.03455959]))","(array([0.07043889]), array([-0.04189246]))","(array([0.07259483]), array([-0.03676406]))","(array([0.07000301]), array([-0.03759244]))","(array([0.07182466]), array([-0.02921094]))","(array([0.07336538]), array([-0.02284691]))","(array([0.07401365]), array([-0.02232049]))","(array([0.07559056]), array([-0.01808586]))"
(0.02839298481135685+0j),[0.23629583],[1.],[0.22219487],[1.],"(array([0.12168339]), array([0.01545627]))","(array([0.0720503]), array([-0.03578358]))","(array([0.07351483]), array([-0.03456013]))","(array([0.07043756]), array([-0.04189297]))","(array([0.07259363]), array([-0.03676474]))","(array([0.07000187]), array([-0.03759315]))","(array([0.07182369]), array([-0.02921182]))","(array([0.07336459]), array([-0.02284791]))","(array([0.07401299]), array([-0.02232155]))","(array([0.07559007]), array([-0.018087]))","(array([0.07310802]), array([-0.01890956]))"
(0.02499917115967865+0j),[0.22728839],[1.],[0.2018597],[1.],"(array([0.11924053]), array([0.01701211]))","(array([0.0735131]), array([-0.03456068]))","(array([0.07043588]), array([-0.0418935]))","(array([0.0725921]), array([-0.03676549]))","(array([0.07000042]), array([-0.03759394]))","(array([0.07182244]), array([-0.02921281]))","(array([0.07336355]), array([-0.02284908]))","(array([0.0740121]), array([-0.02232281]))","(array([0.07558939]), array([-0.01808836]))","(array([0.0731074]), array([-0.01891092]))","(array([0.06931875]), array([-0.0144715]))"
(0.021988019775296793+0j),[0.22679283],[1.],[0.1721578],[1.],"(array([0.11618843]), array([0.01623299]))","(array([0.0704339]), array([-0.04189401]))","(array([0.07259027]), array([-0.03676626]))","(array([0.06999868]), array([-0.03759476]))","(array([0.07182092]), array([-0.0292139]))","(array([0.07336227]), array([-0.02285038]))","(array([0.07401098]), array([-0.02232422]))","(array([0.07558852]), array([-0.01808991]))","(array([0.07310659]), array([-0.01891247]))","(array([0.06931805]), array([-0.01447306]))","(array([0.06532775]), array([-0.01156259]))"
(0.02117748104267849+0j),[0.22565432],[1.],[0.16482931],[1.],"(array([0.10860564]), array([0.00897659]))","(array([0.0725882]), array([-0.03676701]))","(array([0.06999671]), array([-0.03759558]))","(array([0.07181918]), array([-0.02921502]))","(array([0.07336077]), array([-0.02285175]))","(array([0.07400968]), array([-0.02232572]))","(array([0.07558748]), array([-0.01809157]))","(array([0.07310562]), array([-0.01891415]))","(array([0.06931719]), array([-0.01447475]))","(array([0.06532698]), array([-0.01156426]))","(array([0.06314261]), array([-0.0076241]))"
(0.020257881915367225+0j),[0.22451763],[1.],[0.1558527],[1.],"(array([0.10909793]), array([0.01372778]))","(array([0.06999448]), array([-0.03759636]))","(array([0.07181718]), array([-0.02921614]))","(array([0.07335905]), array([-0.02285317]))","(array([0.07400815]), array([-0.0223273]))","(array([0.07558624]), array([-0.01809335]))","(array([0.07310446]), array([-0.01891595]))","(array([0.06931615]), array([-0.01447656]))","(array([0.06532603]), array([-0.01156606]))","(array([0.06314183]), array([-0.00762593]))","(array([0.06198641]), array([-0.00637263]))"
(0.01948292130948532+0j),[0.22274553],[1.],[0.14905098],[1.],"(array([0.10459496]), array([0.01266836]))","(array([0.07181489]), array([-0.02921728]))","(array([0.07335703]), array([-0.02285465]))","(array([0.07400635]), array([-0.02232897]))","(array([0.07558475]), array([-0.01809526]))","(array([0.07310306]), array([-0.01891789]))","(array([0.06931489]), array([-0.01447853]))","(array([0.06532487]), array([-0.01156802]))","(array([0.06314086]), array([-0.00762793]))","(array([0.0619856]), array([-0.00637466]))","(array([0.06083267]), array([-0.00483437]))"
(0.017274151043052098+0j),[0.22579004],[1.],[0.11182723],[1.],"(array([0.10288322]), array([0.02045284]))","(array([0.07335471]), array([-0.02285614]))","(array([0.07400426]), array([-0.02233069]))","(array([0.07558298]), array([-0.01809727]))","(array([0.0731014]), array([-0.01891993]))","(array([0.06931337]), array([-0.01448061]))","(array([0.06532346]), array([-0.0115701]))","(array([0.06313966]), array([-0.00763007]))","(array([0.06198458]), array([-0.00637683]))","(array([0.06083184]), array([-0.00483657]))","(array([0.058552]), array([-0.00207262]))"
(0.015392144208417904+0j),[0.21981864],[1.],[0.08990189],[1.],"(array([0.09619872]), array([0.02733215]))","(array([0.0740018]), array([-0.0223325]))","(array([0.07558087]), array([-0.01809942]))","(array([0.0730994]), array([-0.01892213]))","(array([0.06931154]), array([-0.01448287]))","(array([0.06532176]), array([-0.01157236]))","(array([0.06313819]), array([-0.00763241]))","(array([0.0619833]), array([-0.00637922]))","(array([0.06083078]), array([-0.004839]))","(array([0.05855114]), array([-0.00207506]))","(array([0.05488901]), array([0.00530907]))"
(0.013828760612026567+0j),[0.212651],[1.],[0.07298125],[1.],"(array([0.09200693]), array([0.02653655]))","(array([0.07557868]), array([-0.01810148]))","(array([0.07309732]), array([-0.01892424]))","(array([0.06930962]), array([-0.01448505]))","(array([0.06531997]), array([-0.01157454]))","(array([0.06313662]), array([-0.00763468]))","(array([0.06198193]), array([-0.00638156]))","(array([0.06082963]), array([-0.00484139]))","(array([0.05855018]), array([-0.00207746]))","(array([0.05488839]), array([0.00530665]))","(array([0.05132714]), array([0.00884028]))"
(0.012510024999775398+0j),[0.20643602],[1.],[0.05515204],[1.],"(array([0.09019569]), array([0.02909358]))","(array([0.07309539]), array([-0.01892609]))","(array([0.06930782]), array([-0.01448696]))","(array([0.06531828]), array([-0.01157647]))","(array([0.06313514]), array([-0.00763669]))","(array([0.06198062]), array([-0.00638363]))","(array([0.06082852]), array([-0.00484351]))","(array([0.05854925]), array([-0.0020796]))","(array([0.05488776]), array([0.00530448]))","(array([0.05132666]), array([0.00883815]))","(array([0.0481832]), array([0.01093796]))"
(0.011453858486615039+0j),[0.20116012],[1.],[0.03578556],[1.],"(array([0.08385305]), array([0.02692539]))","(array([0.06930616]), array([-0.01448861]))","(array([0.06531672]), array([-0.01157813]))","(array([0.06313375]), array([-0.00763845]))","(array([0.0619794]), array([-0.00638544]))","(array([0.06082746]), array([-0.00484538]))","(array([0.05854836]), array([-0.00208148]))","(array([0.05488713]), array([0.00530255]))","(array([0.05132618]), array([0.00883626]))","(array([0.04818282]), array([0.01093611]))","(array([0.04508965]), array([0.01360858]))"
(0.010517374343806304+0j),[0.19474147],[1.],[0.01867924],[1.],"(array([0.07589828]), array([0.03009242]))","(array([0.06531508]), array([-0.0115797]))","(array([0.06313229]), array([-0.00764011]))","(array([0.06197809]), array([-0.00638718]))","(array([0.06082633]), array([-0.00484718]))","(array([0.05854738]), array([-0.00208331]))","(array([0.05488641]), array([0.00530068]))","(array([0.0513256]), array([0.0088344]))","(array([0.04818235]), array([0.0109343]))","(array([0.04508933]), array([0.01360681]))","(array([0.04190657]), array([0.01658085]))"
(0.009791458618834712+0j),[0.1865594],[1.],[0.02807309],[1.],"(array([0.06971015]), array([0.03151635]))","(array([0.06313053]), array([-0.00764184]))","(array([0.06197649]), array([-0.00638899]))","(array([0.06082492]), array([-0.00484908]))","(array([0.05854614]), array([-0.00208526]))","(array([0.05488546]), array([0.00529866]))","(array([0.05132481]), array([0.0088324]))","(array([0.04818168]), array([0.01093234]))","(array([0.04508882]), array([0.01360488]))","(array([0.04190626]), array([0.01657895]))","(array([0.03952217]), array([0.0177409]))"
(0.009059180713722706+0j),[0.17829408],[1.],[0.03325554],[1.],"(array([0.06964768]), array([0.03355596]))","(array([0.06197459]), array([-0.00639085]))","(array([0.06082322]), array([-0.00485104]))","(array([0.05854463]), array([-0.00208729]))","(array([0.05488425]), array([0.00529652]))","(array([0.05132378]), array([0.00883026]))","(array([0.04818079]), array([0.01093024]))","(array([0.04508811]), array([0.0136028]))","(array([0.04190575]), array([0.01657689]))","(array([0.03952186]), array([0.01773888]))","(array([0.03893946]), array([0.01495395]))"
(0.008377808069612195+0j),[0.17033848],[1.],[0.03706488],[1.],"(array([0.0696628]), array([0.03295858]))","(array([0.06082132]), array([-0.00485294]))","(array([0.05854292]), array([-0.00208927]))","(array([0.05488285]), array([0.00529441]))","(array([0.05132256]), array([0.00882814]))","(array([0.04817971]), array([0.01092814]))","(array([0.04508722]), array([0.01360071]))","(array([0.04190508]), array([0.01657481]))","(array([0.0395214]), array([0.01773681]))","(array([0.03893907]), array([0.01495193]))","(array([0.03792428]), array([0.0130156]))"
(0.007980184030030613+0j),[0.16082131],[1.],[0.0559095],[1.],"(array([0.07058837]), array([0.03270936]))","(array([0.05854115]), array([-0.00209102]))","(array([0.05488136]), array([0.00529251]))","(array([0.05132124]), array([0.00882621]))","(array([0.04817853]), array([0.01092622]))","(array([0.04508623]), array([0.01359879]))","(array([0.04190428]), array([0.01657288]))","(array([0.0395208]), array([0.01773488]))","(array([0.03893855]), array([0.01495003]))","(array([0.03792388]), array([0.01301374]))","(array([0.03741584]), array([0.01032179]))"
(0.007713165389063461+0j),[0.14822506],[1.],[0.07830718],[1.],"(array([0.07251152]), array([0.03330878]))","(array([0.05487979]), array([0.00529078]))","(array([0.05131983]), array([0.00882445]))","(array([0.04817725]), array([0.01092446]))","(array([0.04508512]), array([0.01359701]))","(array([0.04190338]), array([0.01657108]))","(array([0.03952009]), array([0.01773306]))","(array([0.03893791]), array([0.01494825]))","(array([0.03792336]), array([0.01301198]))","(array([0.03741545]), array([0.01032005]))","(array([0.03764458]), array([0.00560041]))"
(0.007540871921126711+0j),[0.13711544],[1.],[0.09390746],[1.],"(array([0.07386975]), array([0.03773721]))","(array([0.05131842]), array([0.00882293]))","(array([0.04817596]), array([0.01092293]))","(array([0.04508399]), array([0.01359546]))","(array([0.04190242]), array([0.01656949]))","(array([0.0395193]), array([0.01773145]))","(array([0.03893721]), array([0.01494665]))","(array([0.03792276]), array([0.0130104]))","(array([0.03741497]), array([0.01031848]))","(array([0.03764418]), array([0.00559887]))","(array([0.03759646]), array([-0.00022319]))"
(0.008091652760666038+0j),[0.11437906],[1.],[0.12997276],[1.],"(array([0.07501349]), array([0.03873915]))","(array([0.04817471]), array([0.01092169]))","(array([0.04508288]), array([0.01359418]))","(array([0.04190146]), array([0.01656817]))","(array([0.0395185]), array([0.01773008]))","(array([0.03893647]), array([0.0149453]))","(array([0.03792212]), array([0.01300905]))","(array([0.03741444]), array([0.01031713]))","(array([0.03764372]), array([0.00559754]))","(array([0.03759604]), array([-0.00022448]))","(array([0.03775748]), array([-0.00556298]))"
(0.009103568327818591+0j),[0.1039827],[1.],[0.15276747],[1.],"(array([0.07987646]), array([0.03578736]))","(array([0.04508185]), array([0.0135932]))","(array([0.04190056]), array([0.01656714]))","(array([0.03951772]), array([0.01772901]))","(array([0.03893575]), array([0.01494423]))","(array([0.03792149]), array([0.01300797]))","(array([0.03741389]), array([0.01031605]))","(array([0.03764324]), array([0.00559647]))","(array([0.03759559]), array([-0.00022552]))","(array([0.03775711]), array([-0.00556401]))","(array([0.03738656]), array([-0.0150222]))"
(0.010366147889202369+0j),[0.08573928],[1.],[0.1786933],[1.],"(array([0.08186822]), array([0.03610886]))","(array([0.04189965]), array([0.01656629]))","(array([0.03951692]), array([0.01772811]))","(array([0.038935]), array([0.01494334]))","(array([0.03792082]), array([0.01300707]))","(array([0.03741331]), array([0.01031513]))","(array([0.03764271]), array([0.00559555]))","(array([0.03759509]), array([-0.00022641]))","(array([0.03775669]), array([-0.0055649]))","(array([0.03738614]), array([-0.01502305]))","(array([0.03789351]), array([-0.02060059]))"
(0.011633388799043702+0j),[0.07453871],[1.],[0.19712976],[1.],"(array([0.08412704]), array([0.0350003]))","(array([0.03951608]), array([0.01772735]))","(array([0.03893422]), array([0.01494257]))","(array([0.03792011]), array([0.01300628]))","(array([0.03741268]), array([0.01031432]))","(array([0.03764214]), array([0.00559474]))","(array([0.03759456]), array([-0.00022721]))","(array([0.03775622]), array([-0.00556569]))","(array([0.03738567]), array([-0.0150238]))","(array([0.03789312]), array([-0.02060134]))","(array([0.03707908]), array([-0.02735345]))"
(0.013078623180524763+0j),[0.06501615],[1.],[0.2144341],[1.],"(array([0.08584905]), array([0.03367361]))","(array([0.03893341]), array([0.01494192]))","(array([0.03791937]), array([0.0130056]))","(array([0.03741201]), array([0.01031362]))","(array([0.03764153]), array([0.00559402]))","(array([0.03759398]), array([-0.0002279]))","(array([0.03775571]), array([-0.00556639]))","(array([0.03738517]), array([-0.01502446]))","(array([0.03789268]), array([-0.02060201]))","(array([0.03707869]), array([-0.02735411]))","(array([0.03697734]), array([-0.03215283]))"
(0.014660196840242114+0j),[0.07621725],[1.],[0.22508922],[1.],"(array([0.08907588]), array([0.02886492]))","(array([0.03791858]), array([0.01300503]))","(array([0.03741129]), array([0.01031301]))","(array([0.03764087]), array([0.0055934]))","(array([0.03759336]), array([-0.00022852]))","(array([0.03775515]), array([-0.00556702]))","(array([0.03738462]), array([-0.01502505]))","(array([0.03789221]), array([-0.02060262]))","(array([0.03707826]), array([-0.0273547]))","(array([0.03697697]), array([-0.03215342]))","(array([0.0371298]), array([-0.03646361]))"
(0.013992328083081559+0j),[0.08739415],[1.],[0.21521697],[1.],"(array([0.0882791]), array([0.02944047]))","(array([0.03741053]), array([0.0103125]))","(array([0.03764016]), array([0.00559288]))","(array([0.03759269]), array([-0.00022903]))","(array([0.03775455]), array([-0.00556756]))","(array([0.03738404]), array([-0.01502556]))","(array([0.03789169]), array([-0.02060315]))","(array([0.03707779]), array([-0.02735522]))","(array([0.03697656]), array([-0.03215394]))","(array([0.03712945]), array([-0.03646414]))","(array([0.03941458]), array([-0.03539625]))"
(0.013376157874988167+0j),[0.09999536],[1.],[0.20400237],[1.],"(array([0.08561209]), array([0.02927243]))","(array([0.03763938]), array([0.00559242]))","(array([0.03759195]), array([-0.00022949]))","(array([0.03775388]), array([-0.00556804]))","(array([0.03738339]), array([-0.01502601]))","(array([0.03789111]), array([-0.02060363]))","(array([0.03707725]), array([-0.0273557]))","(array([0.03697609]), array([-0.03215444]))","(array([0.03712905]), array([-0.03646465]))","(array([0.03941428]), array([-0.03539679]))","(array([0.04052135]), array([-0.03226432]))"
(0.012810825161841033+0j),[0.09420607],[1.],[0.2014306],[1.],"(array([0.08336848]), array([0.02743895]))","(array([0.03759118]), array([-0.00022986]))","(array([0.03775317]), array([-0.00556844]))","(array([0.03738271]), array([-0.01502639]))","(array([0.0378905]), array([-0.02060404]))","(array([0.03707668]), array([-0.02735612]))","(array([0.03697558]), array([-0.03215487]))","(array([0.03712861]), array([-0.0364651]))","(array([0.03941394]), array([-0.03539728]))","(array([0.04052111]), array([-0.03226485]))","(array([0.04178492]), array([-0.02867983]))"
(0.011253732924583988+0j),[0.08528478],[1.],[0.19007531],[1.],"(array([0.08150665]), array([0.02048589]))","(array([0.03775239]), array([-0.00556878]))","(array([0.03738197]), array([-0.01502671]))","(array([0.03788982]), array([-0.0206044]))","(array([0.03707606]), array([-0.02735648]))","(array([0.03697503]), array([-0.03215527]))","(array([0.03712812]), array([-0.03646551]))","(array([0.03941354]), array([-0.03539775]))","(array([0.04052081]), array([-0.03226536]))","(array([0.04178472]), array([-0.02868037]))","(array([0.03989878]), array([-0.02767462]))"
(0.009909640574742508+0j),[0.08824026],[1.],[0.17433797],[1.],"(array([0.07916405]), array([0.01331663]))","(array([0.03738122]), array([-0.01502695]))","(array([0.03788913]), array([-0.02060469]))","(array([0.03707541]), array([-0.02735679]))","(array([0.03697444]), array([-0.0321556]))","(array([0.0371276]), array([-0.03646588]))","(array([0.03941312]), array([-0.03539818]))","(array([0.04052047]), array([-0.03226583]))","(array([0.04178448]), array([-0.02868088]))","(array([0.03989859]), array([-0.02767514]))","(array([0.0370617]), array([-0.0264214]))"
(0.008823117467673862+0j),[0.07959171],[1.],[0.16616134],[1.],"(array([0.07533863]), array([0.00474134]))","(array([0.03788845]), array([-0.02060491]))","(array([0.03707479]), array([-0.02735702]))","(array([0.03697387]), array([-0.03215587]))","(array([0.03712709]), array([-0.03646618]))","(array([0.03941269]), array([-0.03539854]))","(array([0.04052013]), array([-0.03226624]))","(array([0.04178422]), array([-0.02868134]))","(array([0.03989837]), array([-0.0276756]))","(array([0.03706152]), array([-0.02642187]))","(array([0.03609905]), array([-0.02298849]))"
(0.008874819593818929+0j),[0.07915364],[1.],[0.16708199],[1.],"(array([0.07540628]), array([-0.00260004]))","(array([0.03707422]), array([-0.02735718]))","(array([0.03697336]), array([-0.03215606]))","(array([0.03712662]), array([-0.0364664]))","(array([0.03941228]), array([-0.03539883]))","(array([0.0405198]), array([-0.03226658]))","(array([0.04178397]), array([-0.02868172]))","(array([0.03989815]), array([-0.027676]))","(array([0.03706132]), array([-0.02642227]))","(array([0.0360989]), array([-0.0229889]))","(array([0.03435201]), array([-0.02348942]))"
(0.009000151868840603+0j),[0.0753604],[1.],[0.17035154],[1.],"(array([0.07481285]), array([-0.00928208]))","(array([0.03697287]), array([-0.03215619]))","(array([0.03712618]), array([-0.03646657]))","(array([0.0394119]), array([-0.03539906]))","(array([0.04051947]), array([-0.03226687]))","(array([0.04178371]), array([-0.02868205]))","(array([0.03989792]), array([-0.02767634]))","(array([0.03706112]), array([-0.02642262]))","(array([0.03609874]), array([-0.02298926]))","(array([0.03435185]), array([-0.02348978]))","(array([0.03452315]), array([-0.02364548]))"
(0.00915864045870825+0j),[0.07791193],[1.],[0.17109747],[1.],"(array([0.07543147]), array([-0.01479662]))","(array([0.03712578]), array([-0.03646668]))","(array([0.03941155]), array([-0.03539923]))","(array([0.04051917]), array([-0.03226708]))","(array([0.04178346]), array([-0.02868231]))","(array([0.0398977]), array([-0.02767662]))","(array([0.03706092]), array([-0.0264229]))","(array([0.03609857]), array([-0.02298956]))","(array([0.0343517]), array([-0.02349008]))","(array([0.03452302]), array([-0.02364578]))","(array([0.03426342]), array([-0.02462667]))"
(0.009331121795032612+0j),[0.08708919],[1.],[0.16869074],[1.],"(array([0.07571987]), array([-0.01843931]))","(array([0.03941124]), array([-0.03539935]))","(array([0.0405189]), array([-0.03226725]))","(array([0.04178323]), array([-0.02868252]))","(array([0.0398975]), array([-0.02767683]))","(array([0.03706072]), array([-0.02642313]))","(array([0.03609841]), array([-0.0229898]))","(array([0.03435154]), array([-0.02349032]))","(array([0.03452288]), array([-0.02364603]))","(array([0.03426329]), array([-0.02462692]))","(array([0.03490943]), array([-0.02441004]))"
(0.009457063356715523+0j),[0.08228971],[1.],[0.17258136],[1.],"(array([0.07741924]), array([-0.01538048]))","(array([0.04051865]), array([-0.03226736]))","(array([0.04178301]), array([-0.02868267]))","(array([0.0398973]), array([-0.02767701]))","(array([0.03706054]), array([-0.02642331]))","(array([0.03609825]), array([-0.02298999]))","(array([0.03435139]), array([-0.02349052]))","(array([0.03452274]), array([-0.02364623]))","(array([0.03426316]), array([-0.02462713]))","(array([0.03490932]), array([-0.02441024]))","(array([0.03634105]), array([-0.02290666]))"
(0.009514056631487564+0j),[0.08672731],[1.],[0.17113678],[1.],"(array([0.07935505]), array([-0.01338191]))","(array([0.0417828]), array([-0.02868281]))","(array([0.0398971]), array([-0.02767716]))","(array([0.03706036]), array([-0.02642346]))","(array([0.03609808]), array([-0.02299017]))","(array([0.03435123]), array([-0.02349069]))","(array([0.0345226]), array([-0.02364642]))","(array([0.03426302]), array([-0.02462731]))","(array([0.0349092]), array([-0.02441044]))","(array([0.03634095]), array([-0.02290685]))","(array([0.03577368]), array([-0.02419074]))"
(0.010953603913892046+0j),[0.08966812],[1.],[0.18557007],[1.],"(array([0.08205516]), array([-0.00891135]))","(array([0.03989686]), array([-0.02767732]))","(array([0.03706013]), array([-0.02642363]))","(array([0.03609788]), array([-0.02299036]))","(array([0.03435103]), array([-0.02349089]))","(array([0.03452242]), array([-0.02364662]))","(array([0.03426285]), array([-0.02462752]))","(array([0.03490904]), array([-0.02441065]))","(array([0.03634082]), array([-0.02290707]))","(array([0.03577356]), array([-0.02419096]))","(array([0.03725901]), array([-0.02499131]))"
(0.012458143279851371+0j),[0.09255374],[1.],[0.19948775],[1.],"(array([0.08338074]), array([-0.00728717]))","(array([0.03705986]), array([-0.0264238]))","(array([0.03609763]), array([-0.02299055]))","(array([0.0343508]), array([-0.02349108]))","(array([0.03452219]), array([-0.02364683]))","(array([0.03426264]), array([-0.02462773]))","(array([0.03490885]), array([-0.02441087]))","(array([0.03634065]), array([-0.0229073]))","(array([0.0357734]), array([-0.02419118]))","(array([0.03725887]), array([-0.02499154]))","(array([0.0394006]), array([-0.02746324]))"
(0.014040628702115268+0j),[0.09749397],[1.],[0.21214528],[1.],"(array([0.08366454]), array([-0.00543342]))","(array([0.03609732]), array([-0.02299075]))","(array([0.0343505]), array([-0.02349129]))","(array([0.03452191]), array([-0.02364705]))","(array([0.03426237]), array([-0.02462796]))","(array([0.0349086]), array([-0.02441111]))","(array([0.03634043]), array([-0.02290756]))","(array([0.03577319]), array([-0.02419144]))","(array([0.03725869]), array([-0.0249918]))","(array([0.03940044]), array([-0.0274635]))","(array([0.04148085]), array([-0.02986585]))"
(0.012919826708244786+0j),[0.09364171],[1.],[0.20339205],[1.],"(array([0.08273637]), array([-0.00099996]))","(array([0.03435011]), array([-0.02349148]))","(array([0.03452154]), array([-0.02364727]))","(array([0.03426202]), array([-0.02462819]))","(array([0.03490826]), array([-0.02441135]))","(array([0.03634013]), array([-0.02290783]))","(array([0.0357729]), array([-0.0241917]))","(array([0.03725843]), array([-0.02499207]))","(array([0.03940021]), array([-0.02746378]))","(array([0.04148066]), array([-0.02986614]))","(array([0.04236446]), array([-0.02939546]))"
(0.01194150329326237+0j),[0.09281292],[1.],[0.19418752],[1.],"(array([0.07910744]), array([-0.00233425]))","(array([0.03452109]), array([-0.02364749]))","(array([0.03426158]), array([-0.02462842]))","(array([0.03490785]), array([-0.0244116]))","(array([0.03633975]), array([-0.02290811]))","(array([0.03577253]), array([-0.02419198]))","(array([0.03725811]), array([-0.02499237]))","(array([0.03939993]), array([-0.02746409]))","(array([0.04148041]), array([-0.02986646]))","(array([0.04236425]), array([-0.02939578]))","(array([0.04070177]), array([-0.02818269]))"
(0.011052397849039466+0j),[0.08994666],[1.],[0.1864714],[1.],"(array([0.07725081]), array([-0.00266703]))","(array([0.0342611]), array([-0.02462862]))","(array([0.03490739]), array([-0.02441183]))","(array([0.03633932]), array([-0.02290838]))","(array([0.03577213]), array([-0.02419224]))","(array([0.03725774]), array([-0.02499265]))","(array([0.03939959]), array([-0.02746439]))","(array([0.04148011]), array([-0.02986677]))","(array([0.042364]), array([-0.0293961]))","(array([0.04070154]), array([-0.02818301]))","(array([0.03953488]), array([-0.02651513]))"
(0.011137591580590979+0j),[0.07771214],[1.],[0.19280135],[1.],"(array([0.07636658]), array([-0.00425319]))","(array([0.03490693]), array([-0.02441202]))","(array([0.03633889]), array([-0.0229086]))","(array([0.03577171]), array([-0.02419247]))","(array([0.03725736]), array([-0.0249929]))","(array([0.03939925]), array([-0.02746466]))","(array([0.04147981]), array([-0.02986705]))","(array([0.04236373]), array([-0.0293964]))","(array([0.0407013]), array([-0.0281833]))","(array([0.03953467]), array([-0.02651543]))","(array([0.03869877]), array([-0.02627704]))"
(0.011195947208622386+0j),[0.09060066],[1.],[0.1877542],[1.],"(array([0.07838847]), array([-0.00673201]))","(array([0.03633845]), array([-0.02290879]))","(array([0.03577129]), array([-0.02419266]))","(array([0.03725697]), array([-0.02499312]))","(array([0.0393989]), array([-0.02746489]))","(array([0.04147949]), array([-0.0298673]))","(array([0.04236345]), array([-0.02939667]))","(array([0.04070104]), array([-0.02818357]))","(array([0.03953444]), array([-0.02651571]))","(array([0.03869857]), array([-0.02627732]))","(array([0.03705248]), array([-0.02881645]))"
(0.011213443539618133+0j),[0.09603143],[1.],[0.18526605],[1.],"(array([0.07867546]), array([-0.00243134]))","(array([0.03577087]), array([-0.02419282]))","(array([0.03725657]), array([-0.0249933]))","(array([0.03939854]), array([-0.0274651]))","(array([0.04147916]), array([-0.02986753]))","(array([0.04236316]), array([-0.02939691]))","(array([0.04070078]), array([-0.02818382]))","(array([0.0395342]), array([-0.02651596]))","(array([0.03869835]), array([-0.02627758]))","(array([0.03705227]), array([-0.0288167]))","(array([0.03890286]), array([-0.02642651]))"
(0.010536303966012187+0j),[0.10101035],[1.],[0.17523512],[1.],"(array([0.07669966]), array([-0.00248923]))","(array([0.03725612]), array([-0.02499347]))","(array([0.03939812]), array([-0.02746529]))","(array([0.04147878]), array([-0.02986775]))","(array([0.04236281]), array([-0.02939715]))","(array([0.04070046]), array([-0.02818407]))","(array([0.03953391]), array([-0.02651622]))","(array([0.03869809]), array([-0.02627784]))","(array([0.03705203]), array([-0.02881695]))","(array([0.03890266]), array([-0.02642678]))","(array([0.03926062]), array([-0.02459394]))"
(0.009910528525367718+0j),[0.09617226],[1.],[0.17096456],[1.],"(array([0.07594307]), array([-0.00217389]))","(array([0.03939761]), array([-0.02746547]))","(array([0.04147831]), array([-0.02986796]))","(array([0.04236239]), array([-0.0293974]))","(array([0.04070007]), array([-0.02818432]))","(array([0.03953355]), array([-0.02651649]))","(array([0.03869776]), array([-0.02627812]))","(array([0.03705172]), array([-0.02881722]))","(array([0.0389024]), array([-0.02642708]))","(array([0.0392604]), array([-0.02459425]))","(array([0.03910621]), array([-0.02209449]))"
(0.009316894193512767+0j),[0.08442034],[1.],[0.17043693],[1.],"(array([0.07709286]), array([-0.0056471]))","(array([0.04147776]), array([-0.02986816]))","(array([0.04236188]), array([-0.02939764]))","(array([0.0406996]), array([-0.02818458]))","(array([0.03953312]), array([-0.02651676]))","(array([0.03869736]), array([-0.02627841]))","(array([0.03705133]), array([-0.0288175]))","(array([0.03890208]), array([-0.0264274]))","(array([0.03926012]), array([-0.02459459]))","(array([0.03910598]), array([-0.02209484]))","(array([0.03774333]), array([-0.02173629]))"
(0.008525563731076949+0j),[0.08808449],[1.],[0.15919783],[1.],"(array([0.07872413]), array([-0.01057289]))","(array([0.04236127]), array([-0.02939786]))","(array([0.04069902]), array([-0.02818482]))","(array([0.03953259]), array([-0.02651703]))","(array([0.03869687]), array([-0.0262787]))","(array([0.03705087]), array([-0.02881779]))","(array([0.03890167]), array([-0.02642774]))","(array([0.03925977]), array([-0.02459495]))","(array([0.03910568]), array([-0.02209523]))","(array([0.03774305]), array([-0.02173668]))","(array([0.03533386]), array([-0.02260915]))"
(0.007814260624889583+0j),[0.08385199],[1.],[0.15268046],[1.],"(array([0.07711459]), array([-0.00930748]))","(array([0.04069834]), array([-0.02818505]))","(array([0.03953195]), array([-0.0265173]))","(array([0.03869628]), array([-0.02627898]))","(array([0.0370503]), array([-0.02881807]))","(array([0.03890117]), array([-0.02642808]))","(array([0.03925933]), array([-0.02459534]))","(array([0.03910529]), array([-0.02209564]))","(array([0.0377427]), array([-0.0217371]))","(array([0.03533351]), array([-0.02260955]))","(array([0.03477598]), array([-0.0200526]))"
(0.007180386286882917+0j),[0.09609991],[1.],[0.13656343],[1.],"(array([0.07405984]), array([-0.00905517]))","(array([0.03953125]), array([-0.02651752]))","(array([0.03869562]), array([-0.02627924]))","(array([0.03704968]), array([-0.02881832]))","(array([0.03890061]), array([-0.02642841]))","(array([0.03925883]), array([-0.0245957]))","(array([0.03910485]), array([-0.02209605]))","(array([0.03774228]), array([-0.02173751]))","(array([0.03533311]), array([-0.02260995]))","(array([0.03477563]), array([-0.02005302]))","(array([0.03324824]), array([-0.01932752]))"
(0.006242683989517498+0j),[0.10549294],[1.],[0.11441136],[1.],"(array([0.06863701]), array([-0.00473501]))","(array([0.03869496]), array([-0.02627943]))","(array([0.03704905]), array([-0.02881851]))","(array([0.03890005]), array([-0.02642868]))","(array([0.03925831]), array([-0.02459602]))","(array([0.03910438]), array([-0.02209641]))","(array([0.03774185]), array([-0.02173788]))","(array([0.0353327]), array([-0.02261031]))","(array([0.03477526]), array([-0.02005339]))","(array([0.0332479]), array([-0.0193279]))","(array([0.03341757]), array([-0.0143156]))"
(0.005517515199345806+0j),[0.10344722],[1.],[0.10334555],[1.],"(array([0.0629495]), array([-0.00243606]))","(array([0.03704843]), array([-0.02881866]))","(array([0.03889948]), array([-0.02642891]))","(array([0.0392578]), array([-0.0245963]))","(array([0.03910391]), array([-0.02209673]))","(array([0.03774141]), array([-0.02173821]))","(array([0.03533227]), array([-0.02261063]))","(array([0.03477488]), array([-0.02005373]))","(array([0.03324754]), array([-0.01932824]))","(array([0.03341728]), array([-0.01431597]))","(array([0.03277669]), array([-0.00908385]))"
(0.004946331681243932+0j),[0.1093836],[1.],[0.08475298],[1.],"(array([0.05890962]), array([-0.00536099]))","(array([0.03889888]), array([-0.0264291]))","(array([0.03925724]), array([-0.02459655]))","(array([0.03910341]), array([-0.02209703]))","(array([0.03774094]), array([-0.02173853]))","(array([0.03533181]), array([-0.02261093]))","(array([0.03477446]), array([-0.02005406]))","(array([0.03324715]), array([-0.01932856]))","(array([0.03341696]), array([-0.01431634]))","(array([0.03277643]), array([-0.00908425]))","(array([0.03124596]), array([-0.00720402]))"
(0.005129169737947969+0j),[0.1121904],[1.],[0.08549847],[1.],"(array([0.05844422]), array([-0.00172459]))","(array([0.03925663]), array([-0.02459678]))","(array([0.03910284]), array([-0.02209731]))","(array([0.0377404]), array([-0.02173882]))","(array([0.03533129]), array([-0.02261122]))","(array([0.03477399]), array([-0.02005437]))","(array([0.03324671]), array([-0.01932888]))","(array([0.03341658]), array([-0.0143167]))","(array([0.03277612]), array([-0.00908465]))","(array([0.03124567]), array([-0.00720442]))","(array([0.03116787]), array([-0.004575]))"
(0.005278847096177247+0j),[0.1114816],[1.],[0.08989418],[1.],"(array([0.05895641]), array([0.0006789]))","(array([0.03910218]), array([-0.02209757]))","(array([0.03773977]), array([-0.02173911]))","(array([0.03533069]), array([-0.0226115]))","(array([0.03477343]), array([-0.02005469]))","(array([0.03324618]), array([-0.0193292]))","(array([0.03341613]), array([-0.01431708]))","(array([0.03277574]), array([-0.00908508]))","(array([0.03124532]), array([-0.00720485]))","(array([0.03116758]), array([-0.00457546]))","(array([0.03173979]), array([-0.00442318]))"
(0.005399432998877301+0j),[0.10409311],[1.],[0.10084078],[1.],"(array([0.0597719]), array([0.00295956]))","(array([0.03773906]), array([-0.02173937]))","(array([0.03533]), array([-0.02261174]))","(array([0.0347728]), array([-0.02005499]))","(array([0.03324558]), array([-0.01932951]))","(array([0.0334156]), array([-0.01431746]))","(array([0.03277528]), array([-0.00908551]))","(array([0.03124489]), array([-0.00720529]))","(array([0.03116723]), array([-0.00457593]))","(array([0.03173949]), array([-0.00442368]))","(array([0.03203555]), array([-0.00537247]))"
(0.004932935235092093+0j),[0.10581318],[1.],[0.08933224],[1.],"(array([0.05945747]), array([0.00168382]))","(array([0.03532921]), array([-0.02261196]))","(array([0.03477206]), array([-0.02005525]))","(array([0.03324489]), array([-0.01932979]))","(array([0.03341497]), array([-0.01431783]))","(array([0.03277473]), array([-0.00908595]))","(array([0.03124438]), array([-0.00720575]))","(array([0.03116679]), array([-0.00457643]))","(array([0.03173911]), array([-0.00442421]))","(array([0.03203522]), array([-0.005373]))","(array([0.03114488]), array([-0.0070977]))"
(0.004570725563247921+0j),[0.10834131],[1.],[0.07758036],[1.],"(array([0.05457649]), array([0.00121132]))","(array([0.03477119]), array([-0.02005552]))","(array([0.03324407]), array([-0.01933008]))","(array([0.03341423]), array([-0.01431822]))","(array([0.03277407]), array([-0.00908643]))","(array([0.03124376]), array([-0.00720624]))","(array([0.03116625]), array([-0.00457698]))","(array([0.03173865]), array([-0.00442479]))","(array([0.0320348]), array([-0.0053736]))","(array([0.03114448]), array([-0.00709828]))","(array([0.03025584]), array([-0.00475769]))"
(0.004243144758018264+0j),[0.10989146],[1.],[0.0663092],[1.],"(array([0.05144826]), array([0.00426039]))","(array([0.03324308]), array([-0.01933036]))","(array([0.03341333]), array([-0.01431863]))","(array([0.03277327]), array([-0.00908695]))","(array([0.031243]), array([-0.00720678]))","(array([0.03116558]), array([-0.00457759]))","(array([0.03173806]), array([-0.00442545]))","(array([0.03203428]), array([-0.00537428]))","(array([0.03114397]), array([-0.00709893]))","(array([0.03025541]), array([-0.00475837]))","(array([0.02939747]), array([-0.00228558]))"
(0.005645061594563807+0j),[0.10623397],[1.],[0.10367216],[1.],"(array([0.05212171]), array([0.00530742]))","(array([0.03341221]), array([-0.01431906]))","(array([0.03277226]), array([-0.00908751]))","(array([0.03124204]), array([-0.00720737]))","(array([0.03116473]), array([-0.00457828]))","(array([0.0317373]), array([-0.0044262]))","(array([0.03203359]), array([-0.00537505]))","(array([0.03114331]), array([-0.00709968]))","(array([0.03025484]), array([-0.00475915]))","(array([0.029397]), array([-0.00228639]))","(array([0.03077709]), array([-0.0040314]))"
(0.007524093659243645+0j),[0.10425623],[1.],[0.13632318],[1.],"(array([0.06048817]), array([0.00938727]))","(array([0.03277108]), array([-0.00908807]))","(array([0.03124093]), array([-0.00720797]))","(array([0.03116372]), array([-0.00457899]))","(array([0.0317364]), array([-0.00442699]))","(array([0.03203277]), array([-0.00537587]))","(array([0.03114252]), array([-0.00710048]))","(array([0.03025414]), array([-0.00475999]))","(array([0.02939641]), array([-0.00228727]))","(array([0.03077662]), array([-0.00403231]))","(array([0.03406925]), array([-0.01159621]))"
(0.009765745511615508+0j),[0.10141778],[1.],[0.16724968],[1.],"(array([0.06702533]), array([0.01405161]))","(array([0.0312397]), array([-0.00720852]))","(array([0.03116261]), array([-0.00457968]))","(array([0.03173539]), array([-0.00442776]))","(array([0.03203184]), array([-0.00537668]))","(array([0.03114163]), array([-0.00710127]))","(array([0.03025335]), array([-0.00476083]))","(array([0.02939573]), array([-0.00228816]))","(array([0.03077605]), array([-0.00403324]))","(array([0.03406874]), array([-0.01159715]))","(array([0.03716776]), array([-0.01809607]))"
(0.010534237005552624+0j),[0.09822423],[1.],[0.17777828],[1.],"(array([0.07015778]), array([0.01525913]))","(array([0.03116138]), array([-0.00458032]))","(array([0.03173427]), array([-0.0044285]))","(array([0.03203081]), array([-0.00537747]))","(array([0.03114063]), array([-0.00710204]))","(array([0.03025246]), array([-0.00476166]))","(array([0.02939496]), array([-0.00228905]))","(array([0.03077539]), array([-0.00403419]))","(array([0.03406815]), array([-0.01159811]))","(array([0.03716726]), array([-0.01809704]))","(array([0.03891769]), array([-0.02247113]))"
(0.011296616111912867+0j),[0.08948924],[1.],[0.190295],[1.],"(array([0.07239394]), array([0.01712042]))","(array([0.03173302]), array([-0.00442923]))","(array([0.03202965]), array([-0.00537827]))","(array([0.03113951]), array([-0.00710281]))","(array([0.03025145]), array([-0.0047625]))","(array([0.02939407]), array([-0.00228996]))","(array([0.03077463]), array([-0.00403517]))","(array([0.03406746]), array([-0.01159911]))","(array([0.03716667]), array([-0.01809806]))","(array([0.03891719]), array([-0.02247216]))","(array([0.03941088]), array([-0.02485894]))"
(0.012081854346071175+0j),[0.09520133],[1.],[0.19547012],[1.],"(array([0.07570074]), array([0.01534725]))","(array([0.03202843]), array([-0.00537899]))","(array([0.03113834]), array([-0.00710351]))","(array([0.03025039]), array([-0.00476328]))","(array([0.02939312]), array([-0.00229082]))","(array([0.0307738]), array([-0.00403611]))","(array([0.03406671]), array([-0.01160007]))","(array([0.03716601]), array([-0.01809906]))","(array([0.03891663]), array([-0.02247317]))","(array([0.03941042]), array([-0.02485995]))","(array([0.03911202]), array([-0.02818972]))"
(0.014055924283706327+0j),[0.09705127],[1.],[0.21334036],[1.],"(array([0.07838873]), array([0.01567668]))","(array([0.03113715]), array([-0.00710414]))","(array([0.0302493]), array([-0.004764]))","(array([0.02939214]), array([-0.00229162]))","(array([0.03077295]), array([-0.00403699]))","(array([0.03406592]), array([-0.01160098]))","(array([0.03716532]), array([-0.0181]))","(array([0.03891604]), array([-0.02247414]))","(array([0.03940991]), array([-0.02486093]))","(array([0.03911158]), array([-0.02819069]))","(array([0.04141607]), array([-0.02962211]))"
(0.016141533005245397+0j),[0.09013119],[1.],[0.23419951],[1.],"(array([0.08143433]), array([0.01439952]))","(array([0.03024822]), array([-0.00476461]))","(array([0.02939116]), array([-0.00229232]))","(array([0.03077207]), array([-0.00403777]))","(array([0.03406512]), array([-0.01160179]))","(array([0.03716461]), array([-0.01810086]))","(array([0.03891542]), array([-0.02247502]))","(array([0.03940938]), array([-0.02486183]))","(array([0.0391111]), array([-0.02819158]))","(array([0.04141572]), array([-0.02962302]))","(array([0.04377235]), array([-0.03280756]))"
(0.01832854448590179+0j),[0.09157634],[1.],[0.25092945],[1.],"(array([0.08513951]), array([0.01516]))","(array([0.02939015]), array([-0.00229294]))","(array([0.03077116]), array([-0.00403849]))","(array([0.03406427]), array([-0.01160255]))","(array([0.03716386]), array([-0.01810166]))","(array([0.03891475]), array([-0.02247586]))","(array([0.0394088]), array([-0.02486268]))","(array([0.03911059]), array([-0.02819243]))","(array([0.04141532]), array([-0.0296239]))","(array([0.04377205]), array([-0.03280844]))","(array([0.04470188]), array([-0.03757563]))"
(0.0161850162528645+0j),[0.0975165],[1.],[0.23131757],[1.],"(array([0.08420663]), array([0.01788994]))","(array([0.03077017]), array([-0.00403916]))","(array([0.03406335]), array([-0.01160326]))","(array([0.03716303]), array([-0.01810243]))","(array([0.03891401]), array([-0.02247667]))","(array([0.03940815]), array([-0.02486352]))","(array([0.03910999]), array([-0.02819327]))","(array([0.04141486]), array([-0.02962477]))","(array([0.04377168]), array([-0.03280934]))","(array([0.04470157]), array([-0.03757653]))","(array([0.04488817]), array([-0.03738169]))"
(0.014264940869376932+0j),[0.09700914],[1.],[0.21479315],[1.],"(array([0.08123842]), array([0.01749355]))","(array([0.03406236]), array([-0.01160392]))","(array([0.03716213]), array([-0.01810316]))","(array([0.0389132]), array([-0.02247744]))","(array([0.03940743]), array([-0.02486433]))","(array([0.03910934]), array([-0.02819408]))","(array([0.04141433]), array([-0.02962563]))","(array([0.04377125]), array([-0.03281022]))","(array([0.0447012]), array([-0.03757741]))","(array([0.04488789]), array([-0.03738257]))","(array([0.04388306]), array([-0.03294104]))"
(0.012562716682648519+0j),[0.09767934],[1.],[0.19843547],[1.],"(array([0.080813]), array([0.01000287]))","(array([0.03716123]), array([-0.01810382]))","(array([0.03891239]), array([-0.02247815]))","(array([0.0394067]), array([-0.02486508]))","(array([0.03910867]), array([-0.02819484]))","(array([0.04141378]), array([-0.02962645]))","(array([0.04377079]), array([-0.03281107]))","(array([0.04470081]), array([-0.03757826]))","(array([0.04488758]), array([-0.03738342]))","(array([0.04388286]), array([-0.03294188]))","(array([0.04208835]), array([-0.0296844]))"
(0.01376105483495577+0j),[0.10398804],[1.],[0.2068076],[1.],"(array([0.0832424]), array([0.00381076]))","(array([0.03891164]), array([-0.02247876]))","(array([0.03940603]), array([-0.02486572]))","(array([0.03910806]), array([-0.02819549]))","(array([0.04141327]), array([-0.02962715]))","(array([0.04377037]), array([-0.03281179]))","(array([0.04470044]), array([-0.037579]))","(array([0.04488729]), array([-0.03738416]))","(array([0.04388266]), array([-0.03294262]))","(array([0.04208822]), array([-0.02968512]))","(array([0.04202006]), array([-0.02895062]))"
(0.014950928822944506+0j),[0.09693423],[1.],[0.22088232],[1.],"(array([0.08678307]), array([0.00092924]))","(array([0.03940542]), array([-0.02486624]))","(array([0.0391075]), array([-0.02819603]))","(array([0.0414128]), array([-0.02962773]))","(array([0.04376997]), array([-0.03281241]))","(array([0.04470009]), array([-0.03757963]))","(array([0.04488701]), array([-0.03738479]))","(array([0.04388245]), array([-0.03294325]))","(array([0.04208808]), array([-0.02968575]))","(array([0.04201997]), array([-0.02895123]))","(array([0.04420839]), array([-0.02975421]))"
(0.016167301993304174+0j),[0.10463452],[1.],[0.22784912],[1.],"(array([0.09035238]), array([-0.00295238]))","(array([0.039107]), array([-0.02819645]))","(array([0.04141238]), array([-0.0296282]))","(array([0.04376961]), array([-0.0328129]))","(array([0.04469977]), array([-0.03758014]))","(array([0.04488674]), array([-0.03738531]))","(array([0.04388225]), array([-0.03294378]))","(array([0.04208793]), array([-0.02968626]))","(array([0.04201987]), array([-0.02895174]))","(array([0.04420834]), array([-0.02975471]))","(array([0.04445206]), array([-0.03316469]))"
(0.018647545360868285+0j),[0.09890415],[1.],[0.25018481],[1.],"(array([0.09269891]), array([-0.00451055]))","(array([0.04141194]), array([-0.02962863]))","(array([0.04376922]), array([-0.03281337]))","(array([0.04469943]), array([-0.03758062]))","(array([0.04488645]), array([-0.0373858]))","(array([0.04388203]), array([-0.03294428]))","(array([0.04208775]), array([-0.02968676]))","(array([0.04201974]), array([-0.02895223]))","(array([0.04420827]), array([-0.0297552]))","(array([0.04445201]), array([-0.03316518]))","(array([0.04730913]), array([-0.03456925]))"
(0.02115508481926482+0j),[0.10313462],[1.],[0.2669616],[1.],"(array([0.09983883]), array([-0.00717137]))","(array([0.04376886]), array([-0.03281376]))","(array([0.0446991]), array([-0.03758103]))","(array([0.04488617]), array([-0.03738623]))","(array([0.04388181]), array([-0.03294472]))","(array([0.04208758]), array([-0.0296872]))","(array([0.04201961]), array([-0.02895267]))","(array([0.04420818]), array([-0.02975564]))","(array([0.04445194]), array([-0.03316561]))","(array([0.04730911]), array([-0.03456968]))","(array([0.04866253]), array([-0.03937072]))"
(0.023644248114151754+0j),[0.12025748],[1.],[0.2771505],[1.],"(array([0.10580672]), array([-0.00935225]))","(array([0.04469878]), array([-0.03758141]))","(array([0.0448859]), array([-0.03738662]))","(array([0.04388159]), array([-0.03294512]))","(array([0.0420874]), array([-0.0296876]))","(array([0.04201947]), array([-0.02895307]))","(array([0.04420809]), array([-0.02975604]))","(array([0.04445187]), array([-0.033166]))","(array([0.04730909]), array([-0.03457007]))","(array([0.04866253]), array([-0.03937111]))","(array([0.05133768]), array([-0.04199574]))"
(0.02580628506404063+0j),[0.11729227],[1.],[0.29248933],[1.],"(array([0.10869284]), array([-0.0102426]))","(array([0.04488565]), array([-0.03738693]))","(array([0.04388139]), array([-0.03294544]))","(array([0.04208725]), array([-0.02968792]))","(array([0.04201936]), array([-0.02895339]))","(array([0.04420801]), array([-0.02975637]))","(array([0.0444518]), array([-0.03316632]))","(array([0.04730906]), array([-0.0345704]))","(array([0.04866253]), array([-0.03937143]))","(array([0.05133771]), array([-0.04199606]))","(array([0.05567353]), array([-0.04175118]))"
(0.02794390396747956+0j),[0.13489093],[1.],[0.29829766],[1.],"(array([0.11223259]), array([-0.01071001]))","(array([0.04388122]), array([-0.03294569]))","(array([0.04208711]), array([-0.02968817]))","(array([0.04201925]), array([-0.02895365]))","(array([0.04420793]), array([-0.02975663]))","(array([0.04445173]), array([-0.03316658]))","(array([0.04730904]), array([-0.03457067]))","(array([0.04866251]), array([-0.0393717]))","(array([0.05133774]), array([-0.04199634]))","(array([0.05567361]), array([-0.04175145]))","(array([0.05677667]), array([-0.04498576]))"
(0.02998955373461929+0j),[0.14452269],[1.],[0.30618231],[1.],"(array([0.11251673]), array([-0.00251217]))","(array([0.04208697]), array([-0.02968839]))","(array([0.04201915]), array([-0.02895386]))","(array([0.04420785]), array([-0.02975685]))","(array([0.04445166]), array([-0.03316681]))","(array([0.04730901]), array([-0.0345709]))","(array([0.04866249]), array([-0.03937195]))","(array([0.05133776]), array([-0.04199658]))","(array([0.05567368]), array([-0.0417517]))","(array([0.05677678]), array([-0.04498601]))","(array([0.06067422]), array([-0.04422338]))"
(0.02787458270952055+0j),[0.16110375],[1.],[0.28370148],[1.],"(array([0.10964037]), array([0.00278207]))","(array([0.04201903]), array([-0.02895404]))","(array([0.04420778]), array([-0.02975701]))","(array([0.04445159]), array([-0.03316698]))","(array([0.04730895]), array([-0.03457108]))","(array([0.04866246]), array([-0.03937213]))","(array([0.05133774]), array([-0.04199678]))","(array([0.05567371]), array([-0.0417519]))","(array([0.05677684]), array([-0.04498623]))","(array([0.06067437]), array([-0.0442236]))","(array([0.06189712]), array([-0.04226774]))"
(0.02598215347925854+0j),[0.14240267],[1.],[0.28079567],[1.],"(array([0.10463301]), array([0.00714824]))","(array([0.04420769]), array([-0.02975715]))","(array([0.04445151]), array([-0.03316711]))","(array([0.04730889]), array([-0.03457123]))","(array([0.04866241]), array([-0.03937228]))","(array([0.05133771]), array([-0.04199693]))","(array([0.0556737]), array([-0.04175206]))","(array([0.05677687]), array([-0.04498639]))","(array([0.06067444]), array([-0.04422378]))","(array([0.06189729]), array([-0.04226793]))","(array([0.06257263]), array([-0.03617419]))"
(0.02415751349987918+0j),[0.09609874],[1.],[0.2878719],[1.],"(array([0.10613146]), array([0.00225626]))","(array([0.04445143]), array([-0.03316722]))","(array([0.04730881]), array([-0.03457134]))","(array([0.04866234]), array([-0.03937241]))","(array([0.05133766]), array([-0.04199706]))","(array([0.05567368]), array([-0.0417522]))","(array([0.05677687]), array([-0.04498653]))","(array([0.06067447]), array([-0.04422393]))","(array([0.06189739]), array([-0.04226808]))","(array([0.06257282]), array([-0.03617436]))","(array([0.05868644]), array([-0.03762087]))"
(0.024777006257943+0j),[0.0875123],[1.],[0.29453975],[1.],"(array([0.10972827]), array([-0.01125096]))","(array([0.04730873]), array([-0.03457145]))","(array([0.04866227]), array([-0.03937253]))","(array([0.05133761]), array([-0.04199717]))","(array([0.05567363]), array([-0.04175233]))","(array([0.05677685]), array([-0.04498666]))","(array([0.06067448]), array([-0.04422406]))","(array([0.06189745]), array([-0.04226822]))","(array([0.06257295]), array([-0.03617451]))","(array([0.05868661]), array([-0.03762105]))","(array([0.05161859]), array([-0.0455733]))"
(0.025280661832050196+0j),[0.11732723],[1.],[0.28725242],[1.],"(array([0.11397967]), array([-0.01450902]))","(array([0.04866219]), array([-0.03937263]))","(array([0.05133755]), array([-0.04199727]))","(array([0.05567359]), array([-0.04175245]))","(array([0.05677681]), array([-0.04498676]))","(array([0.06067447]), array([-0.04422418]))","(array([0.06189748]), array([-0.04226834]))","(array([0.06257303]), array([-0.03617463]))","(array([0.05868672]), array([-0.03762119]))","(array([0.05161871]), array([-0.04557348]))","(array([0.05071016]), array([-0.04770754]))"
(0.025804338922241363+0j),[0.1247104],[1.],[0.28748683],[1.],"(array([0.11369386]), array([-0.01263694]))","(array([0.05133748]), array([-0.04199735]))","(array([0.05567353]), array([-0.04175255]))","(array([0.05677678]), array([-0.04498685]))","(array([0.06067445]), array([-0.0442243]))","(array([0.06189749]), array([-0.04226844]))","(array([0.06257309]), array([-0.03617475]))","(array([0.05868679]), array([-0.03762132]))","(array([0.05161881]), array([-0.04557364]))","(array([0.05071027]), array([-0.04770772]))","(array([0.05566973]), array([-0.04295126]))"
(0.02684582498179406+0j),[0.12551703],[1.],[0.29378949],[1.],"(array([0.11678147]), array([-0.01357434]))","(array([0.05567346]), array([-0.04175265]))","(array([0.05677673]), array([-0.04498693]))","(array([0.06067441]), array([-0.04422441]))","(array([0.06189749]), array([-0.04226854]))","(array([0.06257312]), array([-0.03617486]))","(array([0.05868682]), array([-0.03762145]))","(array([0.05161886]), array([-0.04557378]))","(array([0.05071034]), array([-0.04770787]))","(array([0.05566987]), array([-0.04295145]))","(array([0.05733714]), array([-0.04246468]))"
(0.027700664217604365+0j),[0.12991791],[1.],[0.2972028],[1.],"(array([0.12239252]), array([-0.01315895]))","(array([0.05677662]), array([-0.04498699]))","(array([0.06067444]), array([-0.04422455]))","(array([0.06189743]), array([-0.04226861]))","(array([0.06257312]), array([-0.03617496]))","(array([0.05868685]), array([-0.03762155]))","(array([0.05161887]), array([-0.04557386]))","(array([0.05071037]), array([-0.047708]))","(array([0.05566998]), array([-0.04295154]))","(array([0.05733726]), array([-0.04246477]))","(array([0.05812241]), array([-0.04348348]))"
(0.028535741854962417+0j),[0.14029497],[1.],[0.29759866],[1.],"(array([0.12421315]), array([-0.01534822]))","(array([0.06067439]), array([-0.04422465]))","(array([0.06189737]), array([-0.04226868]))","(array([0.06257309]), array([-0.03617505]))","(array([0.05868683]), array([-0.03762165]))","(array([0.05161884]), array([-0.04557393]))","(array([0.05071034]), array([-0.0477081]))","(array([0.05566999]), array([-0.04295163]))","(array([0.05733728]), array([-0.04246488]))","(array([0.05812242]), array([-0.04348357]))","(array([0.05938626]), array([-0.04358238]))"
(0.030545959751258553+0j),[0.14208167],[1.],[0.30900102],[1.],"(array([0.12903585]), array([-0.01232417]))","(array([0.06189731]), array([-0.04226873]))","(array([0.06257306]), array([-0.03617513]))","(array([0.05868682]), array([-0.03762173]))","(array([0.05161882]), array([-0.04557398]))","(array([0.05071034]), array([-0.04770819]))","(array([0.05567001]), array([-0.04295169]))","(array([0.05733733]), array([-0.04246494]))","(array([0.05812243]), array([-0.04348363]))","(array([0.05938625]), array([-0.04358244]))","(array([0.06180735]), array([-0.04325249]))"
(0.03244184227409637+0j),[0.17622917],[1.],[0.30253575],[1.],"(array([0.13272271]), array([-0.01002888]))","(array([0.06257304]), array([-0.03617519]))","(array([0.05868678]), array([-0.03762181]))","(array([0.05161877]), array([-0.04557404]))","(array([0.05071031]), array([-0.04770826]))","(array([0.05566999]), array([-0.04295177]))","(array([0.05733734]), array([-0.04246504]))","(array([0.05812244]), array([-0.04348371]))","(array([0.05938624]), array([-0.04358251]))","(array([0.06180734]), array([-0.04325255]))","(array([0.06333325]), array([-0.04521666]))"
(0.03408145699865928+0j),[0.17830034],[1.],[0.31092587],[1.],"(array([0.13195026]), array([0.00341924]))","(array([0.05868675]), array([-0.03762186]))","(array([0.05161873]), array([-0.04557409]))","(array([0.05071027]), array([-0.0477083]))","(array([0.05566998]), array([-0.04295182]))","(array([0.05733733]), array([-0.04246508]))","(array([0.05812243]), array([-0.04348376]))","(array([0.05938622]), array([-0.04358256]))","(array([0.06180733]), array([-0.0432526]))","(array([0.06333324]), array([-0.04521671]))","(array([0.06897845]), array([-0.04028523]))"
(0.032894518629773835+0j),[0.16153623],[1.],[0.31256663],[1.],"(array([0.12801]), array([0.00245763]))","(array([0.05161868]), array([-0.04557412]))","(array([0.05071023]), array([-0.04770833]))","(array([0.05566995]), array([-0.04295185]))","(array([0.0573373]), array([-0.04246512]))","(array([0.0581224]), array([-0.04348379]))","(array([0.0593862]), array([-0.0435826]))","(array([0.06180731]), array([-0.04325265]))","(array([0.06333323]), array([-0.04521676]))","(array([0.06897844]), array([-0.04028528]))","(array([0.06937153]), array([-0.03999598]))"
(0.03215599136490688+0j),[0.14763343],[1.],[0.31466498],[1.],"(array([0.12147007]), array([-0.00898897]))","(array([0.05071019]), array([-0.04770835]))","(array([0.05566991]), array([-0.0429519]))","(array([0.05733728]), array([-0.04246517]))","(array([0.05812238]), array([-0.04348384]))","(array([0.05938616]), array([-0.04358266]))","(array([0.06180727]), array([-0.0432527]))","(array([0.0633332]), array([-0.04521681]))","(array([0.06897842]), array([-0.04028534]))","(array([0.06937152]), array([-0.03999603]))","(array([0.06660938]), array([-0.04220054]))"
(0.03149830082069469+0j),[0.15033115],[1.],[0.30914059],[1.],"(array([0.12104459]), array([-0.01412675]))","(array([0.05566986]), array([-0.04295192]))","(array([0.05733722]), array([-0.04246518]))","(array([0.05812232]), array([-0.04348386]))","(array([0.05938612]), array([-0.0435827]))","(array([0.06180723]), array([-0.04325275]))","(array([0.06333316]), array([-0.04521686]))","(array([0.0689784]), array([-0.04028539]))","(array([0.0693715]), array([-0.03999609]))","(array([0.06660936]), array([-0.0422006]))","(array([0.06424976]), array([-0.04412062]))"
(0.033813998290991194+0j),[0.15334305],[1.],[0.32116199],[1.],"(array([0.12681796]), array([-0.00889245]))","(array([0.05733721]), array([-0.04246521]))","(array([0.05812229]), array([-0.04348392]))","(array([0.05938606]), array([-0.04358276]))","(array([0.06180719]), array([-0.04325281]))","(array([0.06333312]), array([-0.04521692]))","(array([0.06897837]), array([-0.04028546]))","(array([0.06937147]), array([-0.03999615]))","(array([0.06660934]), array([-0.04220066]))","(array([0.06424973]), array([-0.04412068]))","(array([0.06507043]), array([-0.04458635]))"
(0.03601672436203301+0j),[0.16773374],[1.],[0.32634953],[1.],"(array([0.13107132]), array([-0.00776044]))","(array([0.05812227]), array([-0.04348395]))","(array([0.05938601]), array([-0.04358282]))","(array([0.06180714]), array([-0.04325286]))","(array([0.06333308]), array([-0.04521699]))","(array([0.06897834]), array([-0.04028553]))","(array([0.06937145]), array([-0.03999622]))","(array([0.06660931]), array([-0.04220073]))","(array([0.06424971]), array([-0.04412075]))","(array([0.06507041]), array([-0.04458641]))","(array([0.06692224]), array([-0.04650323]))"
(0.038133436726101796+0j),[0.18352672],[1.],[0.32942098],[1.],"(array([0.13296094]), array([-0.00559528]))","(array([0.05938597]), array([-0.04358287]))","(array([0.06180709]), array([-0.04325291]))","(array([0.06333304]), array([-0.04521704]))","(array([0.06897831]), array([-0.04028559]))","(array([0.06937142]), array([-0.03999628]))","(array([0.06660929]), array([-0.04220079]))","(array([0.06424969]), array([-0.0441208]))","(array([0.0650704]), array([-0.04458647]))","(array([0.06692223]), array([-0.04650329]))","(array([0.07023191]), array([-0.04586787]))"
(0.03446154256837111+0j),[0.1981608],[1.],[0.29846346],[1.],"(array([0.13122551]), array([-0.0022191]))","(array([0.06180704]), array([-0.04325295]))","(array([0.063333]), array([-0.04521708]))","(array([0.06897827]), array([-0.04028564]))","(array([0.0693714]), array([-0.03999633]))","(array([0.06660926]), array([-0.04220084]))","(array([0.06424967]), array([-0.04412086]))","(array([0.06507038]), array([-0.04458652]))","(array([0.06692221]), array([-0.04650334]))","(array([0.0702319]), array([-0.04586793]))","(array([0.07174189]), array([-0.04153301]))"
(0.03121420485180162+0j),[0.18648541],[1.],[0.28518902],[1.],"(array([0.12677945]), array([0.00133107]))","(array([0.06333295]), array([-0.04521712]))","(array([0.06897824]), array([-0.04028568]))","(array([0.06937137]), array([-0.03999638]))","(array([0.06660923]), array([-0.04220089]))","(array([0.06424965]), array([-0.0441209]))","(array([0.06507036]), array([-0.04458657]))","(array([0.0669222]), array([-0.0465034]))","(array([0.07023189]), array([-0.04586798]))","(array([0.07174188]), array([-0.04153306]))","(array([0.07109715]), array([-0.03397578]))"
(0.028260350966024934+0j),[0.19281894],[1.],[0.26043953],[1.],"(array([0.12534701]), array([-0.00314308]))","(array([0.0689782]), array([-0.04028573]))","(array([0.06937133]), array([-0.03999643]))","(array([0.0666092]), array([-0.04220093]))","(array([0.06424962]), array([-0.04412095]))","(array([0.06507034]), array([-0.04458662]))","(array([0.06692218]), array([-0.04650345]))","(array([0.07023188]), array([-0.04586803]))","(array([0.07174187]), array([-0.04153311]))","(array([0.07109715]), array([-0.03397583]))","(array([0.06744426]), array([-0.03266876]))"
(0.026247916351026093+0j),[0.18603494],[1.],[0.25077948],[1.],"(array([0.12612576]), array([0.00306985]))","(array([0.06937129]), array([-0.03999647]))","(array([0.06660917]), array([-0.04220098]))","(array([0.06424958]), array([-0.044121]))","(array([0.0650703]), array([-0.04458667]))","(array([0.06692215]), array([-0.0465035]))","(array([0.07023185]), array([-0.04586808]))","(array([0.07174186]), array([-0.04153317]))","(array([0.07109714]), array([-0.03397588]))","(array([0.06744426]), array([-0.03266881]))","(array([0.06612087]), array([-0.02781347]))"
(0.02438926729265438+0j),[0.18817758],[1.],[0.23489844],[1.],"(array([0.12438751]), array([0.00186456]))","(array([0.06660912]), array([-0.04220102]))","(array([0.06424954]), array([-0.04412104]))","(array([0.06507027]), array([-0.04458671]))","(array([0.06692212]), array([-0.04650355]))","(array([0.07023183]), array([-0.04586813]))","(array([0.07174184]), array([-0.04153322]))","(array([0.07109712]), array([-0.03397594]))","(array([0.06744425]), array([-0.03266886]))","(array([0.06612086]), array([-0.02781353]))","(array([0.06376089]), array([-0.02671495]))"
(0.022852102291998706+0j),[0.17881196],[1.],[0.22999239],[1.],"(array([0.11820166]), array([0.0001872]))","(array([0.06424949]), array([-0.04412108]))","(array([0.06507023]), array([-0.04458676]))","(array([0.06692208]), array([-0.04650359]))","(array([0.0702318]), array([-0.04586819]))","(array([0.07174182]), array([-0.04153328]))","(array([0.07109711]), array([-0.033976]))","(array([0.06744423]), array([-0.03266892]))","(array([0.06612086]), array([-0.02781358]))","(array([0.06376088]), array([-0.026715]))","(array([0.0625056]), array([-0.02348636]))"
(0.020935278090466976+0j),[0.19201645],[1.],[0.20204712],[1.],"(array([0.11423665]), array([-0.00374247]))","(array([0.06507018]), array([-0.04458679]))","(array([0.06692204]), array([-0.04650363]))","(array([0.07023177]), array([-0.04586823]))","(array([0.07174179]), array([-0.04153332]))","(array([0.07109709]), array([-0.03397605]))","(array([0.06744421]), array([-0.03266897]))","(array([0.06612084]), array([-0.02781363]))","(array([0.06376087]), array([-0.02671505]))","(array([0.06250559]), array([-0.02348641]))","(array([0.05996253]), array([-0.02310087]))"
(0.01933926796460119+0j),[0.20362309],[1.],[0.17392907],[1.],"(array([0.10889193]), array([-0.00128729]))","(array([0.066922]), array([-0.04650366]))","(array([0.07023173]), array([-0.04586827]))","(array([0.07174176]), array([-0.04153336]))","(array([0.07109706]), array([-0.03397609]))","(array([0.06744419]), array([-0.03266901]))","(array([0.06612082]), array([-0.02781368]))","(array([0.06376085]), array([-0.0267151]))","(array([0.06250558]), array([-0.02348646]))","(array([0.05996252]), array([-0.02310091]))","(array([0.05940939]), array([-0.01630102]))"
(0.018049178938088346+0j),[0.20665895],[1.],[0.15545905],[1.],"(array([0.10451486]), array([-0.00059779]))","(array([0.07023169]), array([-0.0458683]))","(array([0.07174172]), array([-0.0415334]))","(array([0.07109703]), array([-0.03397613]))","(array([0.06744416]), array([-0.03266905]))","(array([0.06612079]), array([-0.02781372]))","(array([0.06376082]), array([-0.02671514]))","(array([0.06250556]), array([-0.0234865]))","(array([0.0599625]), array([-0.02310096]))","(array([0.05940937]), array([-0.01630107]))","(array([0.05855213]), array([-0.00960347]))"
(0.019096620751053516+0j),[0.2001798],[1.],[0.17591055],[1.],"(array([0.10677565]), array([0.0006932]))","(array([0.07174167]), array([-0.04153344]))","(array([0.07109698]), array([-0.03397618]))","(array([0.06744411]), array([-0.0326691]))","(array([0.06612075]), array([-0.02781377]))","(array([0.06376079]), array([-0.02671519]))","(array([0.06250553]), array([-0.02348656]))","(array([0.05996247]), array([-0.02310101]))","(array([0.05940935]), array([-0.01630112]))","(array([0.05855211]), array([-0.00960352]))","(array([0.05859548]), array([-0.00836729]))"
(0.020086448853503344+0j),[0.20825667],[1.],[0.17757276],[1.],"(array([0.11273809]), array([0.00349091]))","(array([0.07109691]), array([-0.03397623]))","(array([0.06744404]), array([-0.03266915]))","(array([0.06612069]), array([-0.02781383]))","(array([0.06376073]), array([-0.02671525]))","(array([0.06250548]), array([-0.02348662]))","(array([0.05996242]), array([-0.02310107]))","(array([0.05940932]), array([-0.01630119]))","(array([0.05855209]), array([-0.00960359]))","(array([0.05859546]), array([-0.00836736]))","(array([0.05949052]), array([-0.01299181]))"
(0.02087032958522089+0j),[0.20839606],[1.],[0.18578975],[1.],"(array([0.11247002]), array([0.01263034]))","(array([0.06744397]), array([-0.03266919]))","(array([0.06612063]), array([-0.02781387]))","(array([0.06376067]), array([-0.0267153]))","(array([0.06250543]), array([-0.02348667]))","(array([0.05996237]), array([-0.02310113]))","(array([0.05940927]), array([-0.01630125]))","(array([0.05855205]), array([-0.00960365]))","(array([0.05859543]), array([-0.00836742]))","(array([0.05949049]), array([-0.01299187]))","(array([0.0610491]), array([-0.01252692]))"
(0.02240333581214538+0j),[0.19377599],[1.],[0.21503484],[1.],"(array([0.11144273]), array([0.01392833]))","(array([0.06612057]), array([-0.02781391]))","(array([0.06376062]), array([-0.02671534]))","(array([0.06250538]), array([-0.02348671]))","(array([0.05996233]), array([-0.02310117]))","(array([0.05940923]), array([-0.01630129]))","(array([0.05855202]), array([-0.0096037]))","(array([0.05859541]), array([-0.00836747]))","(array([0.05949047]), array([-0.01299193]))","(array([0.06104908]), array([-0.01252698]))","(array([0.06235407]), array([-0.01480532]))"
(0.024064739149802547+0j),[0.19726886],[1.],[0.22623318],[1.],"(array([0.11657321]), array([0.01544254]))","(array([0.06376058]), array([-0.02671536]))","(array([0.06250534]), array([-0.02348673]))","(array([0.05996229]), array([-0.02310119]))","(array([0.0594092]), array([-0.01630132]))","(array([0.05855199]), array([-0.00960373]))","(array([0.05859538]), array([-0.00836751]))","(array([0.05949045]), array([-0.01299196]))","(array([0.06104906]), array([-0.01252701]))","(array([0.06235406]), array([-0.01480536]))","(array([0.06268754]), array([-0.02206508]))"
(0.025775913461280626+0j),[0.20292969],[1.],[0.23524222],[1.],"(array([0.11672229]), array([0.01727643]))","(array([0.0625053]), array([-0.02348675]))","(array([0.05996225]), array([-0.02310121]))","(array([0.05940916]), array([-0.01630135]))","(array([0.05855196]), array([-0.00960376]))","(array([0.05859536]), array([-0.00836754]))","(array([0.05949042]), array([-0.012992]))","(array([0.06104904]), array([-0.01252705]))","(array([0.06235404]), array([-0.0148054]))","(array([0.06268753]), array([-0.02206512]))","(array([0.0645789]), array([-0.02387034]))"
(0.024114226404510112+0j),[0.20320926],[1.],[0.22099822],[1.],"(array([0.11451014]), array([0.02166882]))","(array([0.0599622]), array([-0.02310122]))","(array([0.05940912]), array([-0.01630136]))","(array([0.05855192]), array([-0.00960379]))","(array([0.05859532]), array([-0.00836756]))","(array([0.05949039]), array([-0.01299202]))","(array([0.06104902]), array([-0.01252708]))","(array([0.06235402]), array([-0.01480543]))","(array([0.06268751]), array([-0.02206516]))","(array([0.06457889]), array([-0.02387037]))","(array([0.06510833]), array([-0.02245977]))"
(0.02265138893434365+0j),[0.18200222],[1.],[0.22671338],[1.],"(array([0.10889992]), array([0.02210902]))","(array([0.05940908]), array([-0.01630137]))","(array([0.05855188]), array([-0.0096038]))","(array([0.05859528]), array([-0.00836758]))","(array([0.05949035]), array([-0.01299204]))","(array([0.06104898]), array([-0.01252711]))","(array([0.06235399]), array([-0.01480546]))","(array([0.06268748]), array([-0.02206518]))","(array([0.06457886]), array([-0.02387041]))","(array([0.06510831]), array([-0.0224598]))","(array([0.0636221]), array([-0.01977623]))"
(0.021154567074061936+0j),[0.18347495],[1.],[0.21261847],[1.],"(array([0.1096241]), array([0.02408267]))","(array([0.05855183]), array([-0.0096038]))","(array([0.05859524]), array([-0.00836759]))","(array([0.05949031]), array([-0.01299205]))","(array([0.06104895]), array([-0.01252712]))","(array([0.06235396]), array([-0.01480548]))","(array([0.06268745]), array([-0.02206521]))","(array([0.06457884]), array([-0.02387044]))","(array([0.06510829]), array([-0.02245983]))","(array([0.06362208]), array([-0.01977626]))","(array([0.06008114]), array([-0.02329551]))"
(0.020202236985823466+0j),[0.1854396],[1.],[0.20236032],[1.],"(array([0.10625192]), array([0.03094366]))","(array([0.05859519]), array([-0.00836759]))","(array([0.05949027]), array([-0.01299206]))","(array([0.06104891]), array([-0.01252713]))","(array([0.06235393]), array([-0.0148055]))","(array([0.06268742]), array([-0.02206523]))","(array([0.06457881]), array([-0.02387046]))","(array([0.06510827]), array([-0.02245986]))","(array([0.06362206]), array([-0.01977629]))","(array([0.06008112]), array([-0.02329554]))","(array([0.05896519]), array([-0.0210358]))"
(0.01927738783841877+0j),[0.17340779],[1.],[0.20456604],[1.],"(array([0.10404344]), array([0.03258472]))","(array([0.05949023]), array([-0.01299205]))","(array([0.06104887]), array([-0.01252714]))","(array([0.06235389]), array([-0.0148055]))","(array([0.06268739]), array([-0.02206524]))","(array([0.06457878]), array([-0.02387047]))","(array([0.06510824]), array([-0.02245988]))","(array([0.06362204]), array([-0.01977631]))","(array([0.06008109]), array([-0.02329556]))","(array([0.05896517]), array([-0.02103583]))","(array([0.05818987]), array([-0.01888323]))"
(0.0185076556209938+0j),[0.1773148],[1.],[0.19405163],[1.],"(array([0.10540296]), array([0.02543039]))","(array([0.06104883]), array([-0.01252713]))","(array([0.06235385]), array([-0.0148055]))","(array([0.06268735]), array([-0.02206524]))","(array([0.06457875]), array([-0.02387048]))","(array([0.06510821]), array([-0.02245989]))","(array([0.06362201]), array([-0.01977633]))","(array([0.06008107]), array([-0.02329558]))","(array([0.05896515]), array([-0.02103585]))","(array([0.05818985]), array([-0.01888326]))","(array([0.05623119]), array([-0.02055042]))"
(0.0164130599819295+0j),[0.17552194],[1.],[0.17424957],[1.],"(array([0.10306845]), array([0.02674745]))","(array([0.06235381]), array([-0.01480549]))","(array([0.06268731]), array([-0.02206523]))","(array([0.06457871]), array([-0.02387048]))","(array([0.06510818]), array([-0.0224599]))","(array([0.06362198]), array([-0.01977634]))","(array([0.06008103]), array([-0.02329559]))","(array([0.05896512]), array([-0.02103586]))","(array([0.05818983]), array([-0.01888327]))","(array([0.05623116]), array([-0.02055044]))","(array([0.05502259]), array([-0.01675282]))"
(0.014597179727691525+0j),[0.17687172],[1.],[0.15173608],[1.],"(array([0.09998468]), array([0.02413619]))","(array([0.06268728]), array([-0.02206521]))","(array([0.06457868]), array([-0.02387047]))","(array([0.06510814]), array([-0.02245989]))","(array([0.06362195]), array([-0.01977634]))","(array([0.060081]), array([-0.02329559]))","(array([0.05896509]), array([-0.02103586]))","(array([0.0581898]), array([-0.01888328]))","(array([0.05623114]), array([-0.02055045]))","(array([0.05502257]), array([-0.01675284]))","(array([0.05253992]), array([-0.0131185]))"
(0.013171061995290563+0j),[0.16265786],[1.],[0.14982726],[1.],"(array([0.09535575]), array([0.01735654]))","(array([0.06457864]), array([-0.02387046]))","(array([0.06510811]), array([-0.02245989]))","(array([0.06362192]), array([-0.01977633]))","(array([0.06008097]), array([-0.02329559]))","(array([0.05896506]), array([-0.02103587]))","(array([0.05818977]), array([-0.01888329]))","(array([0.05623111]), array([-0.02055046]))","(array([0.05502255]), array([-0.01675285]))","(array([0.0525399]), array([-0.01311851]))","(array([0.05047448]), array([-0.00858089]))"
(0.014946674903386149+0j),[0.1580907],[1.],[0.17597846],[1.],"(array([0.10114957]), array([0.01247283]))","(array([0.06510808]), array([-0.02245988]))","(array([0.06362189]), array([-0.01977633]))","(array([0.06008095]), array([-0.02329558]))","(array([0.05896503]), array([-0.02103586]))","(array([0.05818975]), array([-0.01888329]))","(array([0.05623109]), array([-0.02055047]))","(array([0.05502252]), array([-0.01675286]))","(array([0.05253988]), array([-0.01311852]))","(array([0.05047446]), array([-0.0085809]))","(array([0.04975967]), array([-0.01349974]))"
(0.01691037091377066+0j),[0.15968942],[1.],[0.19539208],[1.],"(array([0.10740091]), array([0.01284022]))","(array([0.06362186]), array([-0.01977632]))","(array([0.06008092]), array([-0.02329557]))","(array([0.05896501]), array([-0.02103586]))","(array([0.05818972]), array([-0.01888329]))","(array([0.05623106]), array([-0.02055047]))","(array([0.0550225]), array([-0.01675286]))","(array([0.05253986]), array([-0.01311852]))","(array([0.05047444]), array([-0.00858091]))","(array([0.04975966]), array([-0.01349975]))","(array([0.05171719]), array([-0.01897665]))"
(0.018980838538245337+0j),[0.1423565],[1.],[0.22684627],[1.],"(array([0.11020456]), array([0.01580401]))","(array([0.0600809]), array([-0.02329556]))","(array([0.05896498]), array([-0.02103585]))","(array([0.0581897]), array([-0.01888328]))","(array([0.05623104]), array([-0.02055046]))","(array([0.05502248]), array([-0.01675286]))","(array([0.05253983]), array([-0.01311853]))","(array([0.05047442]), array([-0.00858092]))","(array([0.04975964]), array([-0.01349975]))","(array([0.05171717]), array([-0.01897665]))","(array([0.05410482]), array([-0.02255167]))"
(0.018005769949121214+0j),[0.14188783],[1.],[0.21880572],[1.],"(array([0.11045025]), array([0.00855559]))","(array([0.05896495]), array([-0.02103584]))","(array([0.05818967]), array([-0.01888328]))","(array([0.05623101]), array([-0.02055046]))","(array([0.05502245]), array([-0.01675286]))","(array([0.05253981]), array([-0.01311853]))","(array([0.05047439]), array([-0.00858092]))","(array([0.04975961]), array([-0.01349976]))","(array([0.05171715]), array([-0.01897666]))","(array([0.0541048]), array([-0.02255168]))","(array([0.05276859]), array([-0.0276956]))"
(0.017096794450307658+0j),[0.15502832],[1.],[0.20131169],[1.],"(array([0.10759611]), array([0.0106585]))","(array([0.05818964]), array([-0.01888327]))","(array([0.05623098]), array([-0.02055046]))","(array([0.05502242]), array([-0.01675286]))","(array([0.05253978]), array([-0.01311853]))","(array([0.05047436]), array([-0.00858093]))","(array([0.04975958]), array([-0.01349976]))","(array([0.05171712]), array([-0.01897667]))","(array([0.05410478]), array([-0.02255169]))","(array([0.05276856]), array([-0.02769561]))","(array([0.05176368]), array([-0.02626868]))"
(0.016248846141241544+0j),[0.13858738],[1.],[0.20526451],[1.],"(array([0.1029954]), array([0.01564968]))","(array([0.05623095]), array([-0.02055045]))","(array([0.05502239]), array([-0.01675286]))","(array([0.05253975]), array([-0.01311853]))","(array([0.05047433]), array([-0.00858093]))","(array([0.04975955]), array([-0.01349977]))","(array([0.0517171]), array([-0.01897668]))","(array([0.05410475]), array([-0.0225517]))","(array([0.05276854]), array([-0.02769562]))","(array([0.05176366]), array([-0.0262687]))","(array([0.0523093]), array([-0.02153649]))"
(0.018052720115237744+0j),[0.14978322],[1.],[0.21431227],[1.],"(array([0.10455165]), array([0.01040776]))","(array([0.05502236]), array([-0.01675285]))","(array([0.05253972]), array([-0.01311853]))","(array([0.0504743]), array([-0.00858093]))","(array([0.04975953]), array([-0.01349977]))","(array([0.05171707]), array([-0.01897668]))","(array([0.05410473]), array([-0.02255171]))","(array([0.05276852]), array([-0.02769563]))","(array([0.05176364]), array([-0.02626871]))","(array([0.05230928]), array([-0.0215365]))","(array([0.05097095]), array([-0.02636788]))"
(0.01980156454733892+0j),[0.15518153],[1.],[0.22590737],[1.],"(array([0.10535127]), array([0.01657126]))","(array([0.05253969]), array([-0.01311853]))","(array([0.05047428]), array([-0.00858093]))","(array([0.0497595]), array([-0.01349977]))","(array([0.05171705]), array([-0.01897668]))","(array([0.05410471]), array([-0.02255171]))","(array([0.05276849]), array([-0.02769563]))","(array([0.05176362]), array([-0.02626871]))","(array([0.05230926]), array([-0.02153651]))","(array([0.05097093]), array([-0.02636789]))","(array([0.05402399]), array([-0.02692409]))"
(0.021559780485979275+0j),[0.14137511],[1.],[0.2487195],[1.],"(array([0.10546867]), array([0.02130118]))","(array([0.05047425]), array([-0.00858093]))","(array([0.04975947]), array([-0.01349977]))","(array([0.05171702]), array([-0.01897669]))","(array([0.05410468]), array([-0.02255172]))","(array([0.05276847]), array([-0.02769564]))","(array([0.05176359]), array([-0.02626872]))","(array([0.05230924]), array([-0.02153652]))","(array([0.05097091]), array([-0.0263679]))","(array([0.05402397]), array([-0.0269241]))","(array([0.05627284]), array([-0.02862802]))"
(0.022723934553643216+0j),[0.1275872],[1.],[0.26461091],[1.],"(array([0.10787264]), array([0.0226913]))","(array([0.04975942]), array([-0.01349977]))","(array([0.05171697]), array([-0.01897669]))","(array([0.05410463]), array([-0.02255173]))","(array([0.05276842]), array([-0.02769565]))","(array([0.05176355]), array([-0.02626874]))","(array([0.0523092]), array([-0.02153654]))","(array([0.05097088]), array([-0.02636792]))","(array([0.05402394]), array([-0.02692413]))","(array([0.05627282]), array([-0.02862805]))","(array([0.05578177]), array([-0.0340724]))"
(0.024042228825910283+0j),[0.11417406],[1.],[0.27975241],[1.],"(array([0.1106604]), array([0.01485899]))","(array([0.0517169]), array([-0.01897669]))","(array([0.05410457]), array([-0.02255174]))","(array([0.05276836]), array([-0.02769566]))","(array([0.05176349]), array([-0.02626875]))","(array([0.05230915]), array([-0.02153657]))","(array([0.05097082]), array([-0.02636795]))","(array([0.05402389]), array([-0.02692416]))","(array([0.05627278]), array([-0.02862808]))","(array([0.05578174]), array([-0.03407244]))","(array([0.05500993]), array([-0.03856249]))"
(0.025396161181021816+0j),[0.11693013],[1.],[0.28762733],[1.],"(array([0.11588916]), array([0.00656548]))","(array([0.05410448]), array([-0.02255175]))","(array([0.05276828]), array([-0.02769568]))","(array([0.05176342]), array([-0.02626877]))","(array([0.05230908]), array([-0.0215366]))","(array([0.05097076]), array([-0.02636798]))","(array([0.05402383]), array([-0.0269242]))","(array([0.05627272]), array([-0.02862813]))","(array([0.05578169]), array([-0.03407249]))","(array([0.05500989]), array([-0.03856254]))","(array([0.05420635]), array([-0.0428038]))"
(0.025067413417235694+0j),[0.08728751],[1.],[0.2957822],[1.],"(array([0.11875748]), array([0.0036842]))","(array([0.05276819]), array([-0.02769568]))","(array([0.05176333]), array([-0.02626879]))","(array([0.05230899]), array([-0.02153663]))","(array([0.05097068]), array([-0.02636801]))","(array([0.05402376]), array([-0.02692424]))","(array([0.05627266]), array([-0.02862818]))","(array([0.05578163]), array([-0.03407254]))","(array([0.05500983]), array([-0.03856259]))","(array([0.0542063]), array([-0.04280386]))","(array([0.05504755]), array([-0.04287326]))"
(0.024841701627162257+0j),[0.09768963],[1.],[0.29099977],[1.],"(array([0.11924537]), array([-0.00785297]))","(array([0.05176322]), array([-0.0262688]))","(array([0.05230889]), array([-0.02153665]))","(array([0.05097058]), array([-0.02636804]))","(array([0.05402368]), array([-0.02692428]))","(array([0.05627258]), array([-0.02862823]))","(array([0.05578156]), array([-0.03407259]))","(array([0.05500976]), array([-0.03856264]))","(array([0.05420623]), array([-0.04280391]))","(array([0.0550475]), array([-0.04287332]))","(array([0.05042294]), array([-0.04764967]))"
(0.024654816945166826+0j),[0.07975978],[1.],[0.29518683],[1.],"(array([0.11721444]), array([-0.00417328]))","(array([0.05230876]), array([-0.02153667]))","(array([0.05097046]), array([-0.02636806]))","(array([0.05402356]), array([-0.02692432]))","(array([0.05627248]), array([-0.02862828]))","(array([0.05578146]), array([-0.03407265]))","(array([0.05500967]), array([-0.0385627]))","(array([0.05420615]), array([-0.04280398]))","(array([0.05504742]), array([-0.04287339]))","(array([0.05042287]), array([-0.04764974]))","(array([0.05186096]), array([-0.04563479]))"
(0.021431030611821708+0j),[0.07637559],[1.],[0.27463402],[1.],"(array([0.11642742]), array([-0.00349626]))","(array([0.05097028]), array([-0.02636808]))","(array([0.0540234]), array([-0.02692436]))","(array([0.05627233]), array([-0.02862834]))","(array([0.05578132]), array([-0.03407271]))","(array([0.05500954]), array([-0.03856278]))","(array([0.05420603]), array([-0.04280405]))","(array([0.05504731]), array([-0.04287347]))","(array([0.05042276]), array([-0.04764982]))","(array([0.05186086]), array([-0.04563488]))","(array([0.04768289]), array([-0.04650833]))"
(0.01866428796722618+0j),[0.07374738],[1.],[0.25553869],[1.],"(array([0.11059659]), array([-0.00894954]))","(array([0.05402319]), array([-0.0269244]))","(array([0.05627213]), array([-0.02862841]))","(array([0.05578113]), array([-0.03407279]))","(array([0.05500937]), array([-0.03856286]))","(array([0.05420586]), array([-0.04280414]))","(array([0.05504716]), array([-0.04287357]))","(array([0.05042262]), array([-0.04764992]))","(array([0.05186074]), array([-0.04563498]))","(array([0.04768277]), array([-0.04650843]))","(array([0.04489817]), array([-0.04292882]))"
(0.01614147301175+0j),[0.08376033],[1.],[0.23268414],[1.],"(array([0.10937271]), array([-0.0100638]))","(array([0.05627193]), array([-0.02862847]))","(array([0.05578094]), array([-0.03407286]))","(array([0.05500919]), array([-0.03856293]))","(array([0.05420569]), array([-0.04280423]))","(array([0.05504701]), array([-0.04287367]))","(array([0.05042247]), array([-0.04765001]))","(array([0.0518606]), array([-0.04563508]))","(array([0.04768264]), array([-0.04650853]))","(array([0.04489805]), array([-0.04292892]))","(array([0.04227661]), array([-0.03950396]))"
(0.013858191491789813+0j),[0.0768459],[1.],[0.21580952],[1.],"(array([0.10645577]), array([-0.00951835]))","(array([0.05578076]), array([-0.03407291]))","(array([0.05500902]), array([-0.03856299]))","(array([0.05420553]), array([-0.04280429]))","(array([0.05504686]), array([-0.04287375]))","(array([0.05042232]), array([-0.04765008]))","(array([0.05186047]), array([-0.04563517]))","(array([0.04768252]), array([-0.04650862]))","(array([0.04489794]), array([-0.04292901]))","(array([0.0422765]), array([-0.03950406]))","(array([0.0416419]), array([-0.03390557]))"
(0.011907469648865516+0j),[0.07359014],[1.],[0.1991228],[1.],"(array([0.10226266]), array([-0.01634456]))","(array([0.05500884]), array([-0.03856304]))","(array([0.05420537]), array([-0.04280435]))","(array([0.05504671]), array([-0.04287382]))","(array([0.05042217]), array([-0.04765015]))","(array([0.05186034]), array([-0.04563525]))","(array([0.04768239]), array([-0.0465087]))","(array([0.04489782]), array([-0.0429291]))","(array([0.0422764]), array([-0.03950414]))","(array([0.0416418]), array([-0.03390566]))","(array([0.03859428]), array([-0.03139046]))"
(0.010260755267463294+0j),[0.08760126],[1.],[0.17645257],[1.],"(array([0.09783807]), array([-0.02143574]))","(array([0.05420517]), array([-0.04280441]))","(array([0.05504653]), array([-0.0428739]))","(array([0.050422]), array([-0.04765022]))","(array([0.05186017]), array([-0.04563534]))","(array([0.04768223]), array([-0.04650878]))","(array([0.04489768]), array([-0.04292919]))","(array([0.04227626]), array([-0.03950424]))","(array([0.04164169]), array([-0.03390576]))","(array([0.03859417]), array([-0.03139057]))","(array([0.03624743]), array([-0.0285277]))"
(0.01218563996513228+0j),[0.10623902],[1.],[0.18757718],[1.],"(array([0.09604955]), array([-0.02248975]))","(array([0.05504629]), array([-0.04287397]))","(array([0.05042176]), array([-0.04765029]))","(array([0.05185996]), array([-0.04563543]))","(array([0.04768203]), array([-0.04650888]))","(array([0.04489748]), array([-0.04292929]))","(array([0.04227609]), array([-0.03950435]))","(array([0.04164153]), array([-0.03390588]))","(array([0.03859403]), array([-0.03139069]))","(array([0.0362473]), array([-0.02852782]))","(array([0.03851537]), array([-0.02608116]))"
(0.014140962176850612+0j),[0.10994344],[1.],[0.20511799],[1.],"(array([0.09930123]), array([-0.01846293]))","(array([0.05042147]), array([-0.04765036]))","(array([0.05185969]), array([-0.04563553]))","(array([0.04768177]), array([-0.04650898]))","(array([0.04489724]), array([-0.0429294]))","(array([0.04227586]), array([-0.03950446]))","(array([0.04164133]), array([-0.03390602]))","(array([0.03859384]), array([-0.03139082]))","(array([0.03624713]), array([-0.02852796]))","(array([0.03851522]), array([-0.02608132]))","(array([0.04326827]), array([-0.02612062]))"
(0.016333640207519894+0j),[0.11146177],[1.],[0.22415607],[1.],"(array([0.09863042]), array([-0.02231243]))","(array([0.05185933]), array([-0.04563562]))","(array([0.04768143]), array([-0.04650907]))","(array([0.04489692]), array([-0.04292951]))","(array([0.04227556]), array([-0.03950459]))","(array([0.04164106]), array([-0.03390617]))","(array([0.03859358]), array([-0.03139098]))","(array([0.03624689]), array([-0.02852811]))","(array([0.03851502]), array([-0.02608149]))","(array([0.04326811]), array([-0.02612082]))","(array([0.046048]), array([-0.02908151]))"
(0.018502473285755914+0j),[0.11844582],[1.],[0.23870769],[1.],"(array([0.10419353]), array([-0.02001868]))","(array([0.04768097]), array([-0.04650916]))","(array([0.04489648]), array([-0.04292963]))","(array([0.04227515]), array([-0.03950473]))","(array([0.04164068]), array([-0.03390635]))","(array([0.03859323]), array([-0.03139116]))","(array([0.03624656]), array([-0.0285283]))","(array([0.03851473]), array([-0.02608171]))","(array([0.04326787]), array([-0.02612107]))","(array([0.04604779]), array([-0.02908178]))","(array([0.04835234]), array([-0.03251464]))"
(0.020822184890099238+0j),[0.12330232],[1.],[0.25422406],[1.],"(array([0.10329899]), array([-0.01934223]))","(array([0.04489589]), array([-0.04292973]))","(array([0.04227459]), array([-0.03950486]))","(array([0.04164016]), array([-0.03390654]))","(array([0.03859274]), array([-0.03139136]))","(array([0.0362461]), array([-0.02852851]))","(array([0.03851432]), array([-0.02608197]))","(array([0.04326752]), array([-0.02612138]))","(array([0.04604748]), array([-0.02908211]))","(array([0.04835206]), array([-0.03251498]))","(array([0.05133664]), array([-0.03458366]))"
(0.023186114618167282+0j),[0.12634571],[1.],[0.26976762],[1.],"(array([0.10397544]), array([-0.01479056]))","(array([0.04227386]), array([-0.03950497]))","(array([0.04163949]), array([-0.03390672]))","(array([0.0385921]), array([-0.03139155]))","(array([0.0362455]), array([-0.02852873]))","(array([0.03851378]), array([-0.02608226]))","(array([0.04326705]), array([-0.02612173]))","(array([0.04604706]), array([-0.02908249]))","(array([0.04835168]), array([-0.03251538]))","(array([0.0513363]), array([-0.03458408]))","(array([0.05390946]), array([-0.03709543]))"
(0.02044385147047954+0j),[0.11757864],[1.],[0.25358378],[1.],"(array([0.10067728]), array([-0.01078344]))","(array([0.04163867]), array([-0.03390687]))","(array([0.03859133]), array([-0.03139173]))","(array([0.03624477]), array([-0.02852893]))","(array([0.03851311]), array([-0.02608255]))","(array([0.04326646]), array([-0.02612211]))","(array([0.04604652]), array([-0.0290829]))","(array([0.04835119]), array([-0.03251582]))","(array([0.05133587]), array([-0.03458455]))","(array([0.05390907]), array([-0.03709593]))","(array([0.05407578]), array([-0.03621879]))"
(0.017933138586245703+0j),[0.09603238],[1.],[0.24333611],[1.],"(array([0.09649683]), array([-0.00724533]))","(array([0.03859044]), array([-0.03139187]))","(array([0.03624393]), array([-0.0285291]))","(array([0.03851234]), array([-0.02608282]))","(array([0.04326577]), array([-0.0261225]))","(array([0.04604589]), array([-0.02908333]))","(array([0.04835061]), array([-0.03251628]))","(array([0.05133535]), array([-0.03458505]))","(array([0.05390861]), array([-0.03709645]))","(array([0.05407537]), array([-0.03621934]))","(array([0.05051922]), array([-0.03417854]))"
(0.01567412631762862+0j),[0.10001219],[1.],[0.22298666],[1.],"(array([0.09126722]), array([-0.00952549]))","(array([0.03624307]), array([-0.02852923]))","(array([0.03851155]), array([-0.02608305]))","(array([0.04326505]), array([-0.02612284]))","(array([0.04604523]), array([-0.02908372]))","(array([0.04835]), array([-0.03251671]))","(array([0.0513348]), array([-0.03458552]))","(array([0.05390812]), array([-0.03709696]))","(array([0.05407493]), array([-0.03621987]))","(array([0.0505188]), array([-0.03417906]))","(array([0.04527575]), array([-0.03468697]))"
(0.018902484492056233+0j),[0.10023808],[1.],[0.24931678],[1.],"(array([0.08945516]), array([-0.00585707]))","(array([0.0385108]), array([-0.02608323]))","(array([0.04326438]), array([-0.02612313]))","(array([0.0460446]), array([-0.02908406]))","(array([0.04834941]), array([-0.03251708]))","(array([0.05133427]), array([-0.03458594]))","(array([0.05390764]), array([-0.03709741]))","(array([0.0540745]), array([-0.03622034]))","(array([0.0505184]), array([-0.03417953]))","(array([0.04527535]), array([-0.03468741]))","(array([0.04624117]), array([-0.03474759]))"
(0.022197123383996206+0j),[0.11370114],[1.],[0.26812476],[1.],"(array([0.09742939]), array([-0.00342558]))","(array([0.04326371]), array([-0.02612338]))","(array([0.04604397]), array([-0.02908436]))","(array([0.04834883]), array([-0.03251741]))","(array([0.05133374]), array([-0.03458632]))","(array([0.05390716]), array([-0.03709782]))","(array([0.05407406]), array([-0.03622078]))","(array([0.05051799]), array([-0.03417996]))","(array([0.04527494]), array([-0.03468782]))","(array([0.04624081]), array([-0.03474802]))","(array([0.04908189]), array([-0.03969674]))"
(0.025390066805001117+0j),[0.12696379],[1.],[0.28423615],[1.],"(array([0.10617484]), array([-0.00050744]))","(array([0.04604331]), array([-0.02908463]))","(array([0.04834821]), array([-0.03251773]))","(array([0.05133317]), array([-0.03458668]))","(array([0.05390664]), array([-0.03709823]))","(array([0.05407358]), array([-0.03622121]))","(array([0.05051753]), array([-0.0341804]))","(array([0.04527449]), array([-0.03468822]))","(array([0.04624042]), array([-0.03474845]))","(array([0.04908154]), array([-0.03969718]))","(array([0.05364016]), array([-0.04167518]))"
(0.02474772230405862+0j),[0.14589643],[1.],[0.27035344],[1.],"(array([0.10963608]), array([-0.00048207]))","(array([0.04834749]), array([-0.03251803]))","(array([0.05133251]), array([-0.03458704]))","(array([0.05390603]), array([-0.03709863]))","(array([0.05407302]), array([-0.03622165]))","(array([0.050517]), array([-0.03418084]))","(array([0.04527397]), array([-0.03468864]))","(array([0.04623994]), array([-0.03474889]))","(array([0.04908111]), array([-0.03969765]))","(array([0.05363982]), array([-0.04167568]))","(array([0.05656753]), array([-0.04077222]))"
(0.0241468675601778+0j),[0.13934999],[1.],[0.26943276],[1.],"(array([0.1088327]), array([0.00033336]))","(array([0.05133175]), array([-0.03458736]))","(array([0.05390533]), array([-0.03709901]))","(array([0.05407237]), array([-0.03622207]))","(array([0.05051638]), array([-0.03418126]))","(array([0.04527336]), array([-0.03468903]))","(array([0.04623939]), array([-0.03474933]))","(array([0.04908061]), array([-0.03969811]))","(array([0.0536394]), array([-0.04167619]))","(array([0.05656719]), array([-0.04077276]))","(array([0.05869336]), array([-0.03595662]))"
(0.02351912693147955+0j),[0.14758601],[1.],[0.26036223],[1.],"(array([0.11154282]), array([-0.00312292]))","(array([0.05390452]), array([-0.03709937]))","(array([0.05407161]), array([-0.03622248]))","(array([0.05051565]), array([-0.03418168]))","(array([0.04527264]), array([-0.03468942]))","(array([0.04623873]), array([-0.03474976]))","(array([0.04908002]), array([-0.03969859]))","(array([0.05363889]), array([-0.04167672]))","(array([0.05656676]), array([-0.04077333]))","(array([0.05869303]), array([-0.03595722]))","(array([0.05735522]), array([-0.03641271]))"
(0.021839063239603586+0j),[0.1342485],[1.],[0.25515569],[1.],"(array([0.11114189]), array([-0.00375985]))","(array([0.0540707]), array([-0.03622288]))","(array([0.05051478]), array([-0.03418209]))","(array([0.04527179]), array([-0.03468979]))","(array([0.04623794]), array([-0.03475019]))","(array([0.0490793]), array([-0.03969907]))","(array([0.05363826]), array([-0.04167727]))","(array([0.05656623]), array([-0.04077394]))","(array([0.05869261]), array([-0.03595788]))","(array([0.05735485]), array([-0.03641337]))","(array([0.05749233]), array([-0.03289993]))"
(0.02024892529982577+0j),[0.1375651],[1.],[0.24109182],[1.],"(array([0.11016009]), array([-0.0058357]))","(array([0.05051379]), array([-0.03418245]))","(array([0.04527082]), array([-0.03469011]))","(array([0.04623704]), array([-0.03475059]))","(array([0.04907846]), array([-0.03969953]))","(array([0.05363753]), array([-0.04167782]))","(array([0.0565656]), array([-0.04077455]))","(array([0.05869209]), array([-0.03595856]))","(array([0.05735438]), array([-0.03641405]))","(array([0.05749194]), array([-0.03290063]))","(array([0.05436158]), array([-0.03338197]))"
(0.018887715954597095+0j),[0.14254727],[1.],[0.22699847],[1.],"(array([0.10359868]), array([-0.00311631]))","(array([0.04526969]), array([-0.03469037]))","(array([0.04623598]), array([-0.03475094]))","(array([0.04907748]), array([-0.03969996]))","(array([0.05363665]), array([-0.04167837]))","(array([0.05656483]), array([-0.04077518]))","(array([0.05869144]), array([-0.03595927]))","(array([0.05735378]), array([-0.03641477]))","(array([0.05749144]), array([-0.03290139]))","(array([0.0543611]), array([-0.03338271]))","(array([0.05344735]), array([-0.03044066]))"
(0.020641035523898853+0j),[0.13469098],[1.],[0.2458521],[1.],"(array([0.09805527]), array([-0.00251838]))","(array([0.04623474]), array([-0.03475122]))","(array([0.04907632]), array([-0.03970034]))","(array([0.0536356]), array([-0.04167889]))","(array([0.0565639]), array([-0.04077581]))","(array([0.05869063]), array([-0.03596001]))","(array([0.05735304]), array([-0.03641553]))","(array([0.0574908]), array([-0.03290219]))","(array([0.0543605]), array([-0.0333835]))","(array([0.05344683]), array([-0.03044146]))","(array([0.05425535]), array([-0.02962871]))"
(0.022403432542255654+0j),[0.1335994],[1.],[0.25972229],[1.],"(array([0.10312975]), array([-0.00430871]))","(array([0.04907505]), array([-0.03970063]))","(array([0.05363443]), array([-0.04167934]))","(array([0.05656285]), array([-0.0407764]))","(array([0.05868971]), array([-0.03596072]))","(array([0.05735219]), array([-0.03641626]))","(array([0.05749005]), array([-0.03290299]))","(array([0.05435979]), array([-0.03338428]))","(array([0.05344621]), array([-0.03044227]))","(array([0.05425482]), array([-0.02962955]))","(array([0.05481232]), array([-0.03405236]))"
(0.024151319728536805+0j),[0.16263569],[1.],[0.25584446],[1.],"(array([0.1089368]), array([-0.0093789]))","(array([0.05363323]), array([-0.0416797]))","(array([0.05656175]), array([-0.04077689]))","(array([0.05868873]), array([-0.03596135]))","(array([0.05735127]), array([-0.03641693]))","(array([0.05748924]), array([-0.03290372]))","(array([0.05435902]), array([-0.033385]))","(array([0.05344552]), array([-0.03044303]))","(array([0.05425423]), array([-0.02963035]))","(array([0.05481177]), array([-0.03405317]))","(array([0.05619107]), array([-0.03668197]))"
(0.025094520012914102+0j),[0.15309982],[1.],[0.26823321],[1.],"(array([0.11202408]), array([-0.00492588]))","(array([0.05656066]), array([-0.04077729]))","(array([0.05868775]), array([-0.03596189]))","(array([0.05735035]), array([-0.0364175]))","(array([0.05748842]), array([-0.03290436]))","(array([0.05435823]), array([-0.03338564]))","(array([0.05344482]), array([-0.03044371]))","(array([0.05425361]), array([-0.02963108]))","(array([0.0548112]), array([-0.03405391]))","(array([0.05619056]), array([-0.03668273]))","(array([0.06102597]), array([-0.03219195]))"
(0.0259122516920172+0j),[0.16565964],[1.],[0.2663486],[1.],"(array([0.11759906]), array([-0.00614416]))","(array([0.05868673]), array([-0.03596236]))","(array([0.05734939]), array([-0.03641801]))","(array([0.05748754]), array([-0.03290495]))","(array([0.0543574]), array([-0.03338623]))","(array([0.05344406]), array([-0.03044434]))","(array([0.05425293]), array([-0.02963177]))","(array([0.05481057]), array([-0.03405462]))","(array([0.05619]), array([-0.03668347]))","(array([0.06102556]), array([-0.03219276]))","(array([0.0605132]), array([-0.03554506]))"
(0.02653219488034262+0j),[0.16010585],[1.],[0.27383672],[1.],"(array([0.11925657]), array([0.00131206]))","(array([0.0573483]), array([-0.03641849]))","(array([0.05748654]), array([-0.03290553]))","(array([0.05435644]), array([-0.0333868]))","(array([0.05344318]), array([-0.03044498]))","(array([0.05425215]), array([-0.02963247]))","(array([0.05480984]), array([-0.03405534]))","(array([0.05618934]), array([-0.03668423]))","(array([0.06102506]), array([-0.03219361]))","(array([0.06051274]), array([-0.0355459]))","(array([0.06256646]), array([-0.03381861]))"
(0.0285123465840336+0j),[0.17019674],[1.],[0.28106767],[1.],"(array([0.12058948]), array([-0.00035851]))","(array([0.05748535]), array([-0.03290607]))","(array([0.0543553]), array([-0.03338735]))","(array([0.05344214]), array([-0.0304456]))","(array([0.05425119]), array([-0.02963318]))","(array([0.05480894]), array([-0.03405608]))","(array([0.05618852]), array([-0.03668502]))","(array([0.06102441]), array([-0.03219451]))","(array([0.06051214]), array([-0.03554681]))","(array([0.06256599]), array([-0.03381955]))","(array([0.06285045]), array([-0.03673938]))"
(0.030365236149766755+0j),[0.13417665],[1.],[0.31106459],[1.],"(array([0.12230056]), array([0.00528141]))","(array([0.054354]), array([-0.03338783]))","(array([0.05344092]), array([-0.03044617]))","(array([0.05425007]), array([-0.02963385]))","(array([0.05480788]), array([-0.0340568]))","(array([0.05618755]), array([-0.0366858]))","(array([0.06102361]), array([-0.03219544]))","(array([0.0605114]), array([-0.03554774]))","(array([0.06256538]), array([-0.03382054]))","(array([0.06284992]), array([-0.03674038]))","(array([0.06548001]), array([-0.03703883]))"
(0.03243507641647916+0j),[0.11508221],[1.],[0.33028273],[1.],"(array([0.12582654]), array([-0.00311502]))","(array([0.05343968]), array([-0.03044664]))","(array([0.05424892]), array([-0.02963443]))","(array([0.05480679]), array([-0.03405743]))","(array([0.05618654]), array([-0.0366865]))","(array([0.06102277]), array([-0.03219629]))","(array([0.0605106]), array([-0.03554861]))","(array([0.06256471]), array([-0.03382147]))","(array([0.06284933]), array([-0.03674132]))","(array([0.06547954]), array([-0.0370398]))","(array([0.06195427]), array([-0.0467616]))"
(0.030987314598553993+0j),[0.1113375],[1.],[0.32304299],[1.],"(array([0.12692326]), array([-0.00444565]))","(array([0.05424786]), array([-0.02963486]))","(array([0.05480579]), array([-0.03405791]))","(array([0.0561856]), array([-0.03668704]))","(array([0.06102197]), array([-0.03219699]))","(array([0.06050985]), array([-0.03554932]))","(array([0.06256407]), array([-0.03382225]))","(array([0.06284875]), array([-0.03674211]))","(array([0.06547907]), array([-0.03704063]))","(array([0.06195379]), array([-0.0467624]))","(array([0.05926015]), array([-0.05063898]))"
(0.029597967075019212+0j),[0.1334207],[1.],[0.30602238],[1.],"(array([0.12612535]), array([-0.00447319]))","(array([0.05480485]), array([-0.03405827]))","(array([0.05618472]), array([-0.03668747]))","(array([0.0610212]), array([-0.03219757]))","(array([0.06050913]), array([-0.03554991]))","(array([0.06256344]), array([-0.03382291]))","(array([0.06284818]), array([-0.03674279]))","(array([0.0654786]), array([-0.03704136]))","(array([0.06195331]), array([-0.04676309]))","(array([0.05925969]), array([-0.05063966]))","(array([0.05773015]), array([-0.0496676]))"
(0.028397525696726694+0j),[0.13098818],[1.],[0.29951773],[1.],"(array([0.12292803]), array([-0.0039299]))","(array([0.05618386]), array([-0.03668781]))","(array([0.06102044]), array([-0.03219805]))","(array([0.06050841]), array([-0.03555042]))","(array([0.06256282]), array([-0.03382348]))","(array([0.06284761]), array([-0.03674339]))","(array([0.06547812]), array([-0.03704201]))","(array([0.06195281]), array([-0.0467637]))","(array([0.05925923]), array([-0.05064026]))","(array([0.05772974]), array([-0.04966821]))","(array([0.06015421]), array([-0.04393288]))"
(0.02880918374290519+0j),[0.11501304],[1.],[0.30846874],[1.],"(array([0.12394506]), array([-0.00702785]))","(array([0.06101971]), array([-0.03219843]))","(array([0.06050772]), array([-0.03555082]))","(array([0.06256219]), array([-0.03382396]))","(array([0.06284704]), array([-0.03674389]))","(array([0.06547762]), array([-0.03704256]))","(array([0.06195232]), array([-0.04676423]))","(array([0.05925876]), array([-0.05064078]))","(array([0.05772932]), array([-0.04966874]))","(array([0.06015388]), array([-0.04393344]))","(array([0.05956749]), array([-0.04385353]))"
(0.028958917710353367+0j),[0.10924374],[1.],[0.31146787],[1.],"(array([0.13063366]), array([-0.0061586]))","(array([0.06050706]), array([-0.03555111]))","(array([0.0625616]), array([-0.03382432]))","(array([0.06284649]), array([-0.03674429]))","(array([0.06547714]), array([-0.03704301]))","(array([0.06195184]), array([-0.04676466]))","(array([0.0592583]), array([-0.0506412]))","(array([0.0577289]), array([-0.04966917]))","(array([0.06015354]), array([-0.04393391]))","(array([0.05956719]), array([-0.04385401]))","(array([0.05735871]), array([-0.04726801]))"
(0.029158313668783496+0j),[0.12079197],[1.],[0.3083891],[1.],"(array([0.13079178]), array([-0.01069841]))","(array([0.06256102]), array([-0.0338246]))","(array([0.06284595]), array([-0.0367446]))","(array([0.06547666]), array([-0.03704338]))","(array([0.06195137]), array([-0.046765]))","(array([0.05925786]), array([-0.05064155]))","(array([0.0577285]), array([-0.04966953]))","(array([0.06015321]), array([-0.04393432]))","(array([0.0595669]), array([-0.04385443]))","(array([0.05735843]), array([-0.04726842]))","(array([0.05666593]), array([-0.04844245]))"
(0.030178751473273605+0j),[0.09964876],[1.],[0.32185542],[1.],"(array([0.13274362]), array([-0.00647391]))","(array([0.06284546]), array([-0.03674483]))","(array([0.06547621]), array([-0.03704367]))","(array([0.06195092]), array([-0.04676527]))","(array([0.05925744]), array([-0.05064182]))","(array([0.05772811]), array([-0.04966982]))","(array([0.06015288]), array([-0.04393464]))","(array([0.0595666]), array([-0.04385477]))","(array([0.05735815]), array([-0.04726875]))","(array([0.05666568]), array([-0.04844279]))","(array([0.05877813]), array([-0.04710493]))"
(0.031187112912841507+0j),[0.10226881],[1.],[0.32683882],[1.],"(array([0.13597598]), array([-0.01397342]))","(array([0.0654758]), array([-0.03704388]))","(array([0.06195052]), array([-0.04676547]))","(array([0.05925705]), array([-0.05064203]))","(array([0.05772776]), array([-0.04967004]))","(array([0.06015257]), array([-0.04393491]))","(array([0.05956632]), array([-0.04385505]))","(array([0.05735789]), array([-0.04726903]))","(array([0.05666545]), array([-0.04844307]))","(array([0.05877793]), array([-0.04710523]))","(array([0.05628625]), array([-0.05194751]))"
(0.03206389404092947+0j),[0.1011654],[1.],[0.3321068],[1.],"(array([0.13963353]), array([-0.01368855]))","(array([0.06195008]), array([-0.04676564]))","(array([0.05925663]), array([-0.0506422]))","(array([0.05772737]), array([-0.04967024]))","(array([0.06015223]), array([-0.04393516]))","(array([0.05956601]), array([-0.04385531]))","(array([0.0573576]), array([-0.04726929]))","(array([0.05666518]), array([-0.04844334]))","(array([0.05877771]), array([-0.04710552]))","(array([0.05628604]), array([-0.05194779]))","(array([0.05730556]), array([-0.05254512]))"
(0.03432985718718012+0j),[0.09892729],[1.],[0.34508943],[1.],"(array([0.1380634]), array([-0.02342083]))","(array([0.05925613]), array([-0.05064235]))","(array([0.05772689]), array([-0.04967041]))","(array([0.0601518]), array([-0.04393539]))","(array([0.05956561]), array([-0.04385556]))","(array([0.05735722]), array([-0.04726956]))","(array([0.05666484]), array([-0.04844361]))","(array([0.05877742]), array([-0.04710582]))","(array([0.05628577]), array([-0.05194808]))","(array([0.05730532]), array([-0.05254543]))","(array([0.05827424]), array([-0.05424407]))"
(0.036701777900793764+0j),[0.10986158],[1.],[0.35414174],[1.],"(array([0.13826881]), array([-0.02770291]))","(array([0.05772637]), array([-0.04967054]))","(array([0.06015132]), array([-0.04393559]))","(array([0.05956517]), array([-0.04385579]))","(array([0.0573568]), array([-0.04726979]))","(array([0.05666445]), array([-0.04844387]))","(array([0.05877707]), array([-0.04710611]))","(array([0.05628544]), array([-0.05194837]))","(array([0.05730503]), array([-0.05254573]))","(array([0.05827399]), array([-0.05424437]))","(array([0.05937284]), array([-0.05695772]))"
(0.03908322841682766+0j),[0.10183938],[1.],[0.36829478],[1.],"(array([0.1387471]), array([-0.02435841]))","(array([0.06015079]), array([-0.04393575]))","(array([0.05956466]), array([-0.04385599]))","(array([0.05735632]), array([-0.04727]))","(array([0.05666401]), array([-0.04844409]))","(array([0.05877668]), array([-0.04710638]))","(array([0.05628507]), array([-0.05194863]))","(array([0.0573047]), array([-0.05254601]))","(array([0.0582737]), array([-0.05424467]))","(array([0.05937257]), array([-0.05695803]))","(array([0.06243167]), array([-0.05751042]))"
(0.03969570978143919+0j),[0.11413493],[1.],[0.36738366],[1.],"(array([0.14336998]), array([-0.02053056]))","(array([0.05956408]), array([-0.04385616]))","(array([0.05735577]), array([-0.04727018]))","(array([0.0566635]), array([-0.04844431]))","(array([0.05877622]), array([-0.04710664]))","(array([0.05628464]), array([-0.0519489]))","(array([0.05730431]), array([-0.0525463]))","(array([0.05827335]), array([-0.05424498]))","(array([0.05937226]), array([-0.05695835]))","(array([0.0624314]), array([-0.05751076]))","(array([0.06187951]), array([-0.06036782]))"
(0.04032220242237955+0j),[0.12675854],[1.],[0.36600341],[1.],"(array([0.14259318]), array([-0.01775119]))","(array([0.05735516]), array([-0.04727032]))","(array([0.05666293]), array([-0.04844448]))","(array([0.0587757]), array([-0.04710688]))","(array([0.05628415]), array([-0.05194914]))","(array([0.05730387]), array([-0.05254657]))","(array([0.05827294]), array([-0.05424528]))","(array([0.05937189]), array([-0.05695866]))","(array([0.06243108]), array([-0.05751109]))","(array([0.06187922]), array([-0.06036816]))","(array([0.06412254]), array([-0.05885333]))"
(0.04107927513385496+0j),[0.15671152],[1.],[0.35769606],[1.],"(array([0.14012709]), array([-0.01830959]))","(array([0.05666235]), array([-0.0484446]))","(array([0.05877517]), array([-0.04710706]))","(array([0.05628364]), array([-0.05194933]))","(array([0.05730341]), array([-0.0525468]))","(array([0.05827253]), array([-0.05424553]))","(array([0.0593715]), array([-0.05695894]))","(array([0.06243074]), array([-0.0575114]))","(array([0.0618789]), array([-0.06036847]))","(array([0.06412228]), array([-0.05885366]))","(array([0.06646707]), array([-0.05720273]))"
(0.036016657304644345+0j),[0.16331446],[1.],[0.32698001],[1.],"(array([0.13409902]), array([-0.01286569]))","(array([0.05877467]), array([-0.04710718]))","(array([0.05628318]), array([-0.05194946]))","(array([0.05730298]), array([-0.05254697]))","(array([0.05827213]), array([-0.05424573]))","(array([0.05937114]), array([-0.05695916]))","(array([0.06243041]), array([-0.05751165]))","(array([0.0618786]), array([-0.06036873]))","(array([0.06412201]), array([-0.05885394]))","(array([0.06646684]), array([-0.05720303]))","(array([0.06953089]), array([-0.0492731]))"
(0.03155104602542383+0j),[0.16386752],[1.],[0.30005465],[1.],"(array([0.12939783]), array([-0.01009447]))","(array([0.05628274]), array([-0.05194955]))","(array([0.05730257]), array([-0.05254709]))","(array([0.05827176]), array([-0.05424588]))","(array([0.05937079]), array([-0.05695933]))","(array([0.06243009]), array([-0.05751186]))","(array([0.06187831]), array([-0.06036895]))","(array([0.06412176]), array([-0.05885418]))","(array([0.06646662]), array([-0.05720329]))","(array([0.06953071]), array([-0.04927338]))","(array([0.06736582]), array([-0.04265546]))"
(0.02785016231083999+0j),[0.15312692],[1.],[0.28207323],[1.],"(array([0.12103532]), array([-0.01468568]))","(array([0.0573022]), array([-0.05254718]))","(array([0.05827141]), array([-0.05424599]))","(array([0.05937047]), array([-0.05695947]))","(array([0.0624298]), array([-0.05751202]))","(array([0.06187803]), array([-0.06036913]))","(array([0.06412151]), array([-0.05885439]))","(array([0.06646641]), array([-0.05720351]))","(array([0.06953054]), array([-0.04927363]))","(array([0.06736567]), array([-0.04265571]))","(array([0.06464798]), array([-0.03744578]))"
(0.027584705404400462+0j),[0.14996903],[1.],[0.28219444],[1.],"(array([0.12050481]), array([-0.01762204]))","(array([0.05827107]), array([-0.05424606]))","(array([0.05937015]), array([-0.05695956]))","(array([0.06242951]), array([-0.05751215]))","(array([0.06187776]), array([-0.06036926]))","(array([0.06412127]), array([-0.05885455]))","(array([0.06646619]), array([-0.05720369]))","(array([0.06953036]), array([-0.04927384]))","(array([0.06736551]), array([-0.04265593]))","(array([0.06464784]), array([-0.037446]))","(array([0.06184757]), array([-0.03727279]))"
(0.027326102795875044+0j),[0.13799577],[1.],[0.28673473],[1.],"(array([0.12147675]), array([-0.01997132]))","(array([0.05936985]), array([-0.05695962]))","(array([0.06242923]), array([-0.05751224]))","(array([0.0618775]), array([-0.06036937]))","(array([0.06412103]), array([-0.05885468]))","(array([0.06646598]), array([-0.05720385]))","(array([0.06953017]), array([-0.04927402]))","(array([0.06736534]), array([-0.04265612]))","(array([0.06464769]), array([-0.0374462]))","(array([0.06184743]), array([-0.03727298]))","(array([0.06128582]), array([-0.03760061]))"
(0.027051851677087804+0j),[0.15971037],[1.],[0.27356348],[1.],"(array([0.12354696]), array([-0.02524842]))","(array([0.06242896]), array([-0.05751229]))","(array([0.06187725]), array([-0.06036943]))","(array([0.0641208]), array([-0.05885477]))","(array([0.06646577]), array([-0.05720396]))","(array([0.06952999]), array([-0.04927416]))","(array([0.06736518]), array([-0.04265628]))","(array([0.06464754]), array([-0.03744636]))","(array([0.06184728]), array([-0.03727314]))","(array([0.06128569]), array([-0.03760078]))","(array([0.05955141]), array([-0.03972364]))"
(0.029597774805972085+0j),[0.13428301],[1.],[0.30327068],[1.],"(array([0.12577295]), array([-0.0210123]))","(array([0.06187703]), array([-0.06036947]))","(array([0.06412059]), array([-0.05885483]))","(array([0.06646558]), array([-0.05720404]))","(array([0.06952982]), array([-0.04927427]))","(array([0.06736502]), array([-0.0426564]))","(array([0.06464739]), array([-0.03744649]))","(array([0.06184714]), array([-0.03727327]))","(array([0.06128556]), array([-0.03760091]))","(array([0.05955128]), array([-0.03972377]))","(array([0.06328204]), array([-0.03660771]))"
(0.03222133507722777+0j),[0.14617873],[1.],[0.31380019],[1.],"(array([0.13174381]), array([-0.02939791]))","(array([0.0641204]), array([-0.05885486]))","(array([0.0664654]), array([-0.05720409]))","(array([0.06952966]), array([-0.04927434]))","(array([0.06736487]), array([-0.04265648]))","(array([0.06464725]), array([-0.03744658]))","(array([0.06184701]), array([-0.03727337]))","(array([0.06128543]), array([-0.03760101]))","(array([0.05955116]), array([-0.03972387]))","(array([0.06328194]), array([-0.03660782]))","(array([0.06175565]), array([-0.04502081]))"
(0.03470863019178555+0j),[0.15788612],[1.],[0.32263374],[1.],"(array([0.13622686]), array([-0.02531195]))","(array([0.06646521]), array([-0.05720413]))","(array([0.06952948]), array([-0.04927441]))","(array([0.0673647]), array([-0.04265656]))","(array([0.06464709]), array([-0.03744667]))","(array([0.06184685]), array([-0.03727346]))","(array([0.06128528]), array([-0.03760111]))","(array([0.05955103]), array([-0.03972397]))","(array([0.06328182]), array([-0.03660793]))","(array([0.06175553]), array([-0.04502092]))","(array([0.06510235]), array([-0.04567475]))"
(0.03441438067445595+0j),[0.17120503],[1.],[0.3138068],[1.],"(array([0.13875969]), array([-0.0211317]))","(array([0.06952925]), array([-0.04927446]))","(array([0.06736448]), array([-0.04265663]))","(array([0.06464688]), array([-0.03744675]))","(array([0.06184665]), array([-0.03727355]))","(array([0.06128509]), array([-0.03760121]))","(array([0.05955084]), array([-0.03972407]))","(array([0.06328166]), array([-0.03660805]))","(array([0.06175537]), array([-0.04502103]))","(array([0.06510221]), array([-0.04567488]))","(array([0.06738701]), array([-0.04457285]))"
(0.033907202047572006+0j),[0.16720384],[1.],[0.31278068],[1.],"(array([0.13981265]), array([-0.0104685]))","(array([0.06736421]), array([-0.04265669]))","(array([0.06464662]), array([-0.03744682]))","(array([0.0618464]), array([-0.03727362]))","(array([0.06128486]), array([-0.0376013]))","(array([0.05955061]), array([-0.03972416]))","(array([0.06328145]), array([-0.03660817]))","(array([0.06175518]), array([-0.04502115]))","(array([0.06510203]), array([-0.045675]))","(array([0.06738685]), array([-0.04457299]))","(array([0.06874882]), array([-0.04146445]))"
(0.03336720802236298+0j),[0.19663466],[1.],[0.29161205],[1.],"(array([0.13747903]), array([-0.0048965]))","(array([0.06464635]), array([-0.03744687]))","(array([0.06184613]), array([-0.03727367]))","(array([0.0612846]), array([-0.03760136]))","(array([0.05955037]), array([-0.03972423]))","(array([0.06328123]), array([-0.03660827]))","(array([0.06175496]), array([-0.04502124]))","(array([0.06510183]), array([-0.04567512]))","(array([0.06738667]), array([-0.04457312]))","(array([0.06874866]), array([-0.04146459]))","(array([0.06775885]), array([-0.04184135]))"
(0.031324488127883736+0j),[0.19072834],[1.],[0.28216148],[1.],"(array([0.1290367]), array([0.00665633]))","(array([0.06184587]), array([-0.03727369]))","(array([0.06128435]), array([-0.03760139]))","(array([0.05955012]), array([-0.03972426]))","(array([0.063281]), array([-0.03660834]))","(array([0.06175474]), array([-0.04502131]))","(array([0.06510163]), array([-0.0456752]))","(array([0.06738649]), array([-0.04457322]))","(array([0.06874849]), array([-0.04146471]))","(array([0.0677587]), array([-0.04184148]))","(array([0.07038981]), array([-0.03371231]))"
(0.0295291148473131+0j),[0.16998332],[1.],[0.28344221],[1.],"(array([0.12422917]), array([0.00552924]))","(array([0.0612841]), array([-0.03760139]))","(array([0.05954989]), array([-0.03972427]))","(array([0.06328078]), array([-0.03660838]))","(array([0.06175452]), array([-0.04502134]))","(array([0.06510143]), array([-0.04567526]))","(array([0.06738631]), array([-0.0445733]))","(array([0.06874833]), array([-0.0414648]))","(array([0.06775855]), array([-0.04184158]))","(array([0.07038968]), array([-0.03371243]))","(array([0.06826018]), array([-0.03262429]))"
(0.0278466359020596+0j),[0.16153729],[1.],[0.27723586],[1.],"(array([0.1239662]), array([0.00065214]))","(array([0.05954964]), array([-0.03972425]))","(array([0.06328054]), array([-0.0366084]))","(array([0.06175429]), array([-0.04502136]))","(array([0.06510121]), array([-0.0456753]))","(array([0.06738611]), array([-0.04457336]))","(array([0.06874814]), array([-0.04146488]))","(array([0.06775838]), array([-0.04184166]))","(array([0.07038953]), array([-0.03371255]))","(array([0.06826005]), array([-0.03262441]))","(array([0.06446968]), array([-0.03515776]))"
(0.03027977681298664+0j),[0.15232638],[1.],[0.29826028],[1.],"(array([0.12386909]), array([-0.00327585]))","(array([0.06328026]), array([-0.03660839]))","(array([0.06175403]), array([-0.04502135]))","(array([0.06510096]), array([-0.04567532]))","(array([0.06738587]), array([-0.04457341]))","(array([0.06874792]), array([-0.04146495]))","(array([0.06775817]), array([-0.04184174]))","(array([0.07038935]), array([-0.03371266]))","(array([0.06825988]), array([-0.03262453]))","(array([0.06446952]), array([-0.03515788]))","(array([0.06372506]), array([-0.03747836]))"
(0.0325586539436318+0j),[0.16970811],[1.],[0.30319024],[1.],"(array([0.13211651]), array([-0.00226516]))","(array([0.06175373]), array([-0.04502131]))","(array([0.06510068]), array([-0.04567532]))","(array([0.0673856]), array([-0.04457343]))","(array([0.06874767]), array([-0.041465]))","(array([0.06775794]), array([-0.04184181]))","(array([0.07038914]), array([-0.03371276]))","(array([0.06825969]), array([-0.03262464]))","(array([0.06446933]), array([-0.035158]))","(array([0.06372489]), array([-0.03747848]))","(array([0.06416036]), array([-0.04244262]))"
(0.03498588273193433+0j),[0.17007472],[1.],[0.31738523],[1.],"(array([0.13168854]), array([-0.00665615]))","(array([0.06510037]), array([-0.04567528]))","(array([0.06738531]), array([-0.04457343]))","(array([0.06874739]), array([-0.04146503]))","(array([0.06775768]), array([-0.04184186]))","(array([0.07038891]), array([-0.03371285]))","(array([0.06825946]), array([-0.03262475]))","(array([0.06446912]), array([-0.0351581]))","(array([0.06372469]), array([-0.03747859]))","(array([0.06416017]), array([-0.04244274]))","(array([0.0681927]), array([-0.04138306]))"
(0.0314408089408241+0j),[0.15927919],[1.],[0.30161931],[1.],"(array([0.13414968]), array([-0.00721229]))","(array([0.06738499]), array([-0.04457338]))","(array([0.06874708]), array([-0.04146503]))","(array([0.06775738]), array([-0.04184187]))","(array([0.07038863]), array([-0.03371291]))","(array([0.06825921]), array([-0.03262483]))","(array([0.06446887]), array([-0.03515818]))","(array([0.06372446]), array([-0.03747868]))","(array([0.06415995]), array([-0.04244285]))","(array([0.06819251]), array([-0.04138319]))","(array([0.06783468]), array([-0.04056729]))"
(0.02813954417476831+0j),[0.14946025],[1.],[0.28575303],[1.],"(array([0.13291094]), array([-0.00850088]))","(array([0.06874672]), array([-0.04146497]))","(array([0.06775703]), array([-0.04184184]))","(array([0.0703883]), array([-0.03371295]))","(array([0.06825889]), array([-0.03262488]))","(array([0.06446856]), array([-0.03515824]))","(array([0.06372417]), array([-0.03747876]))","(array([0.06415968]), array([-0.04244295]))","(array([0.06819227]), array([-0.04138332]))","(array([0.06783445]), array([-0.04056744]))","(array([0.06400278]), array([-0.03871127]))"
(0.025066246232800557+0j),[0.14913242],[1.],[0.26514192],[1.],"(array([0.13075077]), array([-0.00761937]))","(array([0.06775664]), array([-0.04184176]))","(array([0.07038792]), array([-0.03371294]))","(array([0.06825852]), array([-0.03262491]))","(array([0.06446821]), array([-0.03515827]))","(array([0.06372383]), array([-0.03747881]))","(array([0.06415937]), array([-0.04244302]))","(array([0.06819198]), array([-0.04138344]))","(array([0.06783418]), array([-0.04056758]))","(array([0.06400252]), array([-0.03871141]))","(array([0.06031329]), array([-0.0367747]))"
(0.025729773692552+0j),[0.14522245],[1.],[0.27232487],[1.],"(array([0.1280219]), array([-0.00805519]))","(array([0.07038752]), array([-0.0337129]))","(array([0.06825813]), array([-0.03262489]))","(array([0.06446784]), array([-0.03515826]))","(array([0.06372348]), array([-0.03747883]))","(array([0.06415903]), array([-0.04244306]))","(array([0.06819167]), array([-0.04138353]))","(array([0.06783389]), array([-0.04056769]))","(array([0.06400224]), array([-0.03871154]))","(array([0.06031302]), array([-0.03677483]))","(array([0.05939276]), array([-0.03529838]))"
(0.02614736434765178+0j),[0.14400674],[1.],[0.2762361],[1.],"(array([0.13216902]), array([-0.00098659]))","(array([0.06825774]), array([-0.03262483]))","(array([0.06446746]), array([-0.03515821]))","(array([0.06372311]), array([-0.03747881]))","(array([0.06415868]), array([-0.04244307]))","(array([0.06819134]), array([-0.04138359]))","(array([0.06783358]), array([-0.04056778]))","(array([0.06400194]), array([-0.03871163]))","(array([0.06031274]), array([-0.03677493]))","(array([0.0593925]), array([-0.0352985]))","(array([0.05923269]), array([-0.0371416]))"
(0.026606488951392046+0j),[0.15590995],[1.],[0.27321228],[1.],"(array([0.13095082]), array([-0.00019534]))","(array([0.06446711]), array([-0.03515814]))","(array([0.06372277]), array([-0.03747876]))","(array([0.06415836]), array([-0.04244304]))","(array([0.06819104]), array([-0.04138362]))","(array([0.06783329]), array([-0.04056784]))","(array([0.06400166]), array([-0.0387117]))","(array([0.06031247]), array([-0.036775]))","(array([0.05939224]), array([-0.03529859]))","(array([0.05923245]), array([-0.03714171]))","(array([0.05943141]), array([-0.03807942]))"
(0.02347457446194033+0j),[0.14049051],[1.],[0.25970291],[1.],"(array([0.12356763]), array([-4.9653716e-05]))","(array([0.06372248]), array([-0.03747868]))","(array([0.06415808]), array([-0.04244299]))","(array([0.06819076]), array([-0.04138362]))","(array([0.06783302]), array([-0.04056786]))","(array([0.06400141]), array([-0.03871173]))","(array([0.06031222]), array([-0.03677504]))","(array([0.05939201]), array([-0.03529864]))","(array([0.05923224]), array([-0.03714178]))","(array([0.05943121]), array([-0.0380795]))","(array([0.05995517]), array([-0.03362863]))"
(0.020702266086453133+0j),[0.13474221],[1.],[0.24212933],[1.],"(array([0.11986676]), array([-0.00569596]))","(array([0.06415782]), array([-0.04244292]))","(array([0.06819051]), array([-0.04138359]))","(array([0.06783278]), array([-0.04056785]))","(array([0.06400117]), array([-0.03871173]))","(array([0.06031199]), array([-0.03677506]))","(array([0.0593918]), array([-0.03529868]))","(array([0.05923203]), array([-0.03714183]))","(array([0.05943102]), array([-0.03807957]))","(array([0.05995499]), array([-0.03362872]))","(array([0.05559683]), array([-0.0327313]))"
(0.018319022934478568+0j),[0.13971395],[1.],[0.21983531],[1.],"(array([0.11642374]), array([-0.01179294]))","(array([0.06819028]), array([-0.04138354]))","(array([0.06783255]), array([-0.04056783]))","(array([0.06400095]), array([-0.03871172]))","(array([0.06031178]), array([-0.03677505]))","(array([0.05939159]), array([-0.03529869]))","(array([0.05923184]), array([-0.03714185]))","(array([0.05943083]), array([-0.03807961]))","(array([0.05995482]), array([-0.03362878]))","(array([0.05559667]), array([-0.03273136]))","(array([0.05267666]), array([-0.02993888]))"
(0.01751823325972746+0j),[0.12812039],[1.],[0.22043288],[1.],"(array([0.11687205]), array([-0.00965833]))","(array([0.06783234]), array([-0.04056778]))","(array([0.06400075]), array([-0.03871168]))","(array([0.06031158]), array([-0.03677502]))","(array([0.0593914]), array([-0.03529867]))","(array([0.05923166]), array([-0.03714185]))","(array([0.05943066]), array([-0.03807963]))","(array([0.05995466]), array([-0.03362882]))","(array([0.05559652]), array([-0.0327314]))","(array([0.05267652]), array([-0.02993893]))","(array([0.05181577]), array([-0.02629727]))"
(0.016738229973162735+0j),[0.13676099],[1.],[0.20866285],[1.],"(array([0.11665671]), array([-0.01141073]))","(array([0.06400056]), array([-0.03871163]))","(array([0.0603114]), array([-0.03677498]))","(array([0.05939122]), array([-0.03529865]))","(array([0.05923149]), array([-0.03714184]))","(array([0.0594305]), array([-0.03807963]))","(array([0.05995451]), array([-0.03362884]))","(array([0.05559637]), array([-0.03273143]))","(array([0.05267638]), array([-0.02993896]))","(array([0.05181564]), array([-0.02629731]))","(array([0.04966297]), array([-0.02770481]))"
(0.01612024427717648+0j),[0.15061797],[1.],[0.19329679],[1.],"(array([0.110333]), array([-0.00770213]))","(array([0.06031121]), array([-0.03677491]))","(array([0.05939104]), array([-0.03529859]))","(array([0.05923131]), array([-0.0371418]))","(array([0.05943033]), array([-0.03807961]))","(array([0.05995435]), array([-0.03362885]))","(array([0.05559621]), array([-0.03273144]))","(array([0.05267623]), array([-0.02993897]))","(array([0.0518155]), array([-0.02629734]))","(array([0.04966284]), array([-0.02770484]))","(array([0.05002125]), array([-0.02462053]))"
(0.018253593436852032+0j),[0.15290221],[1.],[0.2121868],[1.],"(array([0.10618168]), array([-0.00276972]))","(array([0.05939082]), array([-0.03529849]))","(array([0.0592311]), array([-0.03714172]))","(array([0.05943013]), array([-0.03807956]))","(array([0.05995415]), array([-0.03362882]))","(array([0.05559602]), array([-0.03273141]))","(array([0.05267604]), array([-0.02993896]))","(array([0.05181532]), array([-0.02629734]))","(array([0.04966266]), array([-0.02770485]))","(array([0.05002108]), array([-0.02462056]))","(array([0.05238459]), array([-0.02272266]))"
(0.02046612294883718+0j),[0.16190673],[1.],[0.22527147],[1.],"(array([0.10942026]), array([-0.00083313]))","(array([0.05923085]), array([-0.03714159]))","(array([0.05942988]), array([-0.03807946]))","(array([0.0599539]), array([-0.03362876]))","(array([0.05559578]), array([-0.03273136]))","(array([0.05267581]), array([-0.02993892]))","(array([0.05181509]), array([-0.02629732]))","(array([0.04966245]), array([-0.02770484]))","(array([0.05002088]), array([-0.02462057]))","(array([0.0523844]), array([-0.02272269]))","(array([0.05486259]), array([-0.02609438]))"
(0.022734319077137716+0j),[0.15930655],[1.],[0.24543462],[1.],"(array([0.11212254]), array([-0.00065536]))","(array([0.05942958]), array([-0.03807929]))","(array([0.0599536]), array([-0.03362864]))","(array([0.05559549]), array([-0.03273125]))","(array([0.05267552]), array([-0.02993884]))","(array([0.05181481]), array([-0.02629727]))","(array([0.04966218]), array([-0.02770479]))","(array([0.05002062]), array([-0.02462055]))","(array([0.05238415]), array([-0.02272272]))","(array([0.05486235]), array([-0.02609443]))","(array([0.05804383]), array([-0.02756281]))"
(0.020036907463530977+0j),[0.16088626],[1.],[0.22223446],[1.],"(array([0.1122715]), array([-0.00214221]))","(array([0.05995324]), array([-0.03362847]))","(array([0.05559514]), array([-0.03273109]))","(array([0.05267518]), array([-0.0299387]))","(array([0.05181447]), array([-0.02629716]))","(array([0.04966186]), array([-0.0277047]))","(array([0.0500203]), array([-0.0246205]))","(array([0.05238385]), array([-0.02272272]))","(array([0.05486206]), array([-0.02609446]))","(array([0.05804356]), array([-0.02756287]))","(array([0.05754336]), array([-0.02779433]))"
(0.017626282090987246+0j),[0.16365145],[1.],[0.19815158],[1.],"(array([0.10767834]), array([0.0025525]))","(array([0.05559474]), array([-0.03273087]))","(array([0.05267479]), array([-0.0299385]))","(array([0.05181408]), array([-0.02629702]))","(array([0.04966148]), array([-0.02770457]))","(array([0.05001993]), array([-0.02462042]))","(array([0.05238349]), array([-0.02272269]))","(array([0.05486172]), array([-0.02609448]))","(array([0.05804323]), array([-0.02756293]))","(array([0.05754304]), array([-0.02779441]))","(array([0.05519618]), array([-0.02324114]))"
(0.01565436623054001+0j),[0.16336463],[1.],[0.17832143],[1.],"(array([0.09812795]), array([0.00403903]))","(array([0.0526744]), array([-0.02993828]))","(array([0.05181369]), array([-0.02629684]))","(array([0.04966111]), array([-0.02770441]))","(array([0.05001956]), array([-0.02462031]))","(array([0.05238312]), array([-0.02272264]))","(array([0.05486136]), array([-0.02609447]))","(array([0.05804289]), array([-0.02756297]))","(array([0.05754272]), array([-0.02779447]))","(array([0.05519587]), array([-0.02324122]))","(array([0.05311025]), array([-0.01845035]))"
(0.014173809529918997+0j),[0.17111678],[1.],[0.1534441],[1.],"(array([0.09120025]), array([0.00670272]))","(array([0.05181336]), array([-0.02629667]))","(array([0.04966078]), array([-0.02770425]))","(array([0.05001924]), array([-0.0246202]))","(array([0.0523828]), array([-0.02272259]))","(array([0.05486106]), array([-0.02609445]))","(array([0.0580426]), array([-0.02756299]))","(array([0.05754243]), array([-0.02779451]))","(array([0.0551956]), array([-0.02324128]))","(array([0.05310999]), array([-0.01845043]))","(array([0.05099495]), array([-0.01504426]))"
(0.012880976604559313+0j),[0.16643058],[1.],[0.14208732],[1.],"(array([0.08489058]), array([0.01196226]))","(array([0.04966051]), array([-0.0277041]))","(array([0.05001897]), array([-0.02462008]))","(array([0.05238253]), array([-0.02272252]))","(array([0.05486079]), array([-0.02609441]))","(array([0.05804234]), array([-0.02756299]))","(array([0.05754219]), array([-0.02779453]))","(array([0.05519536]), array([-0.02324132]))","(array([0.05310977]), array([-0.01845049]))","(array([0.05099473]), array([-0.01504434]))","(array([0.04967182]), array([-0.00951658]))"
(0.01179106322009056+0j),[0.16996828],[1.],[0.12183862],[1.],"(array([0.08029279]), array([0.00956192]))","(array([0.05001869]), array([-0.02461995]))","(array([0.05238225]), array([-0.02272244]))","(array([0.05486051]), array([-0.02609436]))","(array([0.05804207]), array([-0.02756298]))","(array([0.05754193]), array([-0.02779453]))","(array([0.05519511]), array([-0.02324134]))","(array([0.05310952]), array([-0.01845054]))","(array([0.0509945]), array([-0.0150444]))","(array([0.0496716]), array([-0.00951667]))","(array([0.04758945]), array([-0.00789564]))"
(0.010763889819918819+0j),[0.16558166],[1.],[0.11139924],[1.],"(array([0.07610337]), array([0.01335028]))","(array([0.05238187]), array([-0.0227223]))","(array([0.05486015]), array([-0.02609426]))","(array([0.05804171]), array([-0.02756293]))","(array([0.05754158]), array([-0.02779452]))","(array([0.05519477]), array([-0.02324135]))","(array([0.0531092]), array([-0.01845058]))","(array([0.05099418]), array([-0.01504446]))","(array([0.0496713]), array([-0.00951677]))","(array([0.04758917]), array([-0.00789576]))","(array([0.04592553]), array([-0.0036053]))"
(0.00979005604367852+0j),[0.16932961],[1.],[0.08647967],[1.],"(array([0.07611289]), array([0.01423969]))","(array([0.05485967]), array([-0.0260941]))","(array([0.05804124]), array([-0.02756284]))","(array([0.05754112]), array([-0.02779446]))","(array([0.05519432]), array([-0.02324133]))","(array([0.05310876]), array([-0.0184506]))","(array([0.05099376]), array([-0.01504451]))","(array([0.0496709]), array([-0.00951688]))","(array([0.04758878]), array([-0.00789588]))","(array([0.04592516]), array([-0.00360546]))","(array([0.04387558]), array([-0.0020712]))"
(0.009048546288282906+0j),[0.17128212],[1.],[0.06344673],[1.],"(array([0.07304967]), array([0.01177944]))","(array([0.05804069]), array([-0.02756268]))","(array([0.05754057]), array([-0.02779435]))","(array([0.05519379]), array([-0.02324127]))","(array([0.05310824]), array([-0.01845058]))","(array([0.05099325]), array([-0.01504454]))","(array([0.04967041]), array([-0.00951696]))","(array([0.04758831]), array([-0.00789599]))","(array([0.04592472]), array([-0.00360562]))","(array([0.04387515]), array([-0.00207138]))","(array([0.04189452]), array([0.00318317]))"
(0.010025172705628516+0j),[0.17092524],[1.],[0.08987249],[1.],"(array([0.07577083]), array([0.01077859]))","(array([0.05754001]), array([-0.02779419]))","(array([0.05519323]), array([-0.02324116]))","(array([0.05310769]), array([-0.01845052]))","(array([0.05099272]), array([-0.01504452]))","(array([0.04966989]), array([-0.00951702]))","(array([0.0475878]), array([-0.00789607]))","(array([0.04592423]), array([-0.00360575]))","(array([0.04387469]), array([-0.00207153]))","(array([0.04189409]), array([0.00318296]))","(array([0.04206969]), array([0.00381529]))"
(0.011347313714857173+0j),[0.1620131],[1.],[0.12758317],[1.],"(array([0.08108219]), array([0.01046942]))","(array([0.05519265]), array([-0.023241]))","(array([0.05310711]), array([-0.01845042]))","(array([0.05099214]), array([-0.01504447]))","(array([0.04966933]), array([-0.00951704]))","(array([0.04758726]), array([-0.00789612]))","(array([0.04592371]), array([-0.00360586]))","(array([0.04387418]), array([-0.00207167]))","(array([0.04189362]), array([0.00318276]))","(array([0.04206927]), array([0.00381503]))","(array([0.04490846]), array([-0.00125693]))"
(0.01308158883762981+0j),[0.15403298],[1.],[0.16004423],[1.],"(array([0.0870723]), array([0.0129436]))","(array([0.05310652]), array([-0.01845028]))","(array([0.05099156]), array([-0.01504437]))","(array([0.04966875]), array([-0.00951702]))","(array([0.04758669]), array([-0.00789614]))","(array([0.04592316]), array([-0.00360594]))","(array([0.04387365]), array([-0.00207177]))","(array([0.04189312]), array([0.00318259]))","(array([0.04206881]), array([0.0038148]))","(array([0.04490804]), array([-0.00125721]))","(array([0.04727673]), array([-0.00951691]))"
(0.01441106541274833+0j),[0.12984989],[1.],[0.19413898],[1.],"(array([0.09130937]), array([0.01585608]))","(array([0.05099098]), array([-0.01504424]))","(array([0.04966818]), array([-0.00951697]))","(array([0.04758613]), array([-0.00789612]))","(array([0.04592261]), array([-0.00360598]))","(array([0.04387312]), array([-0.00207184]))","(array([0.04189262]), array([0.00318244]))","(array([0.04206834]), array([0.00381459]))","(array([0.04490761]), array([-0.00125745]))","(array([0.04727632]), array([-0.00951716]))","(array([0.04881174]), array([-0.01593206]))"
(0.016003761973371073+0j),[0.13520311],[1.],[0.20615561],[1.],"(array([0.09673541]), array([0.01385735]))","(array([0.04966765]), array([-0.00951689]))","(array([0.04758561]), array([-0.00789607]))","(array([0.04592211]), array([-0.003606]))","(array([0.04387263]), array([-0.00207188]))","(array([0.04189215]), array([0.00318234]))","(array([0.0420679]), array([0.00381443]))","(array([0.0449072]), array([-0.00125766]))","(array([0.04727593]), array([-0.00951737]))","(array([0.04881137]), array([-0.01593228]))","(array([0.04790186]), array([-0.02516557]))"
(0.01756094087984969+0j),[0.12685661],[1.],[0.22526696],[1.],"(array([0.09807955]), array([0.02042438]))","(array([0.04758509]), array([-0.007896]))","(array([0.04592159]), array([-0.00360598]))","(array([0.04387212]), array([-0.0020719]))","(array([0.04189167]), array([0.00318226]))","(array([0.04206745]), array([0.00381428]))","(array([0.04490678]), array([-0.00125784]))","(array([0.04727552]), array([-0.00951756]))","(array([0.04881099]), array([-0.01593248]))","(array([0.04790148]), array([-0.02516575]))","(array([0.05013602]), array([-0.02695581]))"
(0.015095701664360923+0j),[0.11622993],[1.],[0.20938588],[1.],"(array([0.09620908]), array([0.0201701]))","(array([0.04592097]), array([-0.00360593]))","(array([0.04387152]), array([-0.00207188]))","(array([0.04189108]), array([0.00318219]))","(array([0.04206689]), array([0.00381414]))","(array([0.04490625]), array([-0.00125803]))","(array([0.04727502]), array([-0.00951776]))","(array([0.04881051]), array([-0.0159327]))","(array([0.04790102]), array([-0.02516595]))","(array([0.0501356]), array([-0.02695605]))","(array([0.04861815]), array([-0.02807716]))"
(0.012902080829551563+0j),[0.11204799],[1.],[0.19071966],[1.],"(array([0.09109171]), array([0.02202182]))","(array([0.04387076]), array([-0.0020718]))","(array([0.04189034]), array([0.00318216]))","(array([0.04206619]), array([0.00381401]))","(array([0.04490558]), array([-0.00125823]))","(array([0.04727437]), array([-0.00951797]))","(array([0.0488099]), array([-0.01593293]))","(array([0.04790042]), array([-0.02516615]))","(array([0.05013506]), array([-0.02695632]))","(array([0.04861764]), array([-0.02807745]))","(array([0.04477993]), array([-0.02630587]))"
(0.011012119331523771+0j),[0.09630959],[1.],[0.17998913],[1.],"(array([0.08498485]), array([0.02260128]))","(array([0.04188946]), array([0.00318219]))","(array([0.04206533]), array([0.00381392]))","(array([0.04490477]), array([-0.00125841]))","(array([0.04727359]), array([-0.00951816]))","(array([0.04880915]), array([-0.01593316]))","(array([0.0478997]), array([-0.02516635]))","(array([0.05013439]), array([-0.02695659]))","(array([0.04861701]), array([-0.02807775]))","(array([0.04477935]), array([-0.02630618]))","(array([0.04192487]), array([-0.02327016]))"
(0.01345031655479878+0j),[0.08711356],[1.],[0.20913449],[1.],"(array([0.08558684]), array([0.02426746]))","(array([0.04206433]), array([0.00381386]))","(array([0.04490381]), array([-0.00125856]))","(array([0.04727266]), array([-0.00951833]))","(array([0.04880827]), array([-0.01593337]))","(array([0.04789884]), array([-0.02516652]))","(array([0.0501336]), array([-0.02695686]))","(array([0.04861627]), array([-0.02807805]))","(array([0.04477865]), array([-0.0263065]))","(array([0.04192423]), array([-0.02327052]))","(array([0.04010951]), array([-0.02730135]))"
(0.01615972601707531+0j),[0.08445283],[1.],[0.23415251],[1.],"(array([0.09214547]), array([0.02286277]))","(array([0.04490275]), array([-0.00125866]))","(array([0.04727164]), array([-0.00951846]))","(array([0.04880729]), array([-0.01593354]))","(array([0.0478979]), array([-0.02516666]))","(array([0.05013272]), array([-0.0269571]))","(array([0.04861544]), array([-0.02807833]))","(array([0.04477786]), array([-0.0263068]))","(array([0.0419235]), array([-0.02327086]))","(array([0.04010882]), array([-0.02730169]))","(array([0.04153796]), array([-0.03384804]))"
(0.01901275714745002+0j),[0.09210162],[1.],[0.25408079],[1.],"(array([0.10039033]), array([0.01732995]))","(array([0.0472705]), array([-0.00951853]))","(array([0.04880619]), array([-0.01593366]))","(array([0.04789684]), array([-0.02516675]))","(array([0.05013173]), array([-0.02695731]))","(array([0.04861451]), array([-0.02807858]))","(array([0.04477698]), array([-0.02630708]))","(array([0.04192267]), array([-0.02327119]))","(array([0.04010804]), array([-0.02730203]))","(array([0.04153724]), array([-0.03384841]))","(array([0.04384263]), array([-0.03876037]))"
(0.020869321948382005+0j),[0.11612802],[1.],[0.25824182],[1.],"(array([0.10620089]), array([0.01095243]))","(array([0.04880494]), array([-0.01593371]))","(array([0.04789564]), array([-0.02516676]))","(array([0.05013059]), array([-0.02695746]))","(array([0.04861343]), array([-0.0280788]))","(array([0.04477595]), array([-0.02630733]))","(array([0.04192171]), array([-0.02327151]))","(array([0.04010713]), array([-0.02730234]))","(array([0.0415364]), array([-0.03384878]))","(array([0.04384187]), array([-0.03876079]))","(array([0.04719422]), array([-0.04080087]))"
(0.02266280657440063+0j),[0.10509214],[1.],[0.27556579],[1.],"(array([0.10859763]), array([0.00997516]))","(array([0.04789428]), array([-0.0251667]))","(array([0.0501293]), array([-0.02695756]))","(array([0.0486122]), array([-0.02807896]))","(array([0.04477478]), array([-0.02630754]))","(array([0.0419206]), array([-0.02327179]))","(array([0.04010608]), array([-0.02730264]))","(array([0.04153543]), array([-0.03384913]))","(array([0.043841]), array([-0.03876121]))","(array([0.04719344]), array([-0.04080139]))","(array([0.05233478]), array([-0.0388288]))"
(0.024630470405904388+0j),[0.11783108],[1.],[0.28370706],[1.],"(array([0.11150179]), array([-0.00146337]))","(array([0.05012795]), array([-0.02695759]))","(array([0.04861091]), array([-0.02807907]))","(array([0.04477354]), array([-0.02630768]))","(array([0.04191944]), array([-0.02327202]))","(array([0.04010497]), array([-0.02730289]))","(array([0.0415344]), array([-0.03384944]))","(array([0.04384006]), array([-0.0387616]))","(array([0.04719261]), array([-0.04080187]))","(array([0.05233409]), array([-0.03882941]))","(array([0.05233202]), array([-0.04323535]))"
(0.024292944656760723+0j),[0.11120967],[1.],[0.28390714],[1.],"(array([0.11382387]), array([-0.00041073]))","(array([0.04860962]), array([-0.02807909]))","(array([0.04477231]), array([-0.02630776]))","(array([0.04191826]), array([-0.02327219]))","(array([0.04010386]), array([-0.02730307]))","(array([0.04153337]), array([-0.03384969]))","(array([0.04383911]), array([-0.03876194]))","(array([0.04719177]), array([-0.04080231]))","(array([0.05233337]), array([-0.03882998]))","(array([0.05233135]), array([-0.04323594]))","(array([0.05483884]), array([-0.04189005]))"
(0.0240311127188587+0j),[0.09983307],[1.],[0.28619191],[1.],"(array([0.11238648]), array([-0.0029618]))","(array([0.04477105]), array([-0.02630776]))","(array([0.04191706]), array([-0.02327228]))","(array([0.04010271]), array([-0.02730318]))","(array([0.0415323]), array([-0.03384988]))","(array([0.04383813]), array([-0.03876222]))","(array([0.04719088]), array([-0.04080271]))","(array([0.0523326]), array([-0.03883052]))","(array([0.05233063]), array([-0.0432365]))","(array([0.05483822]), array([-0.04189068]))","(array([0.05364124]), array([-0.04267491]))"
(0.02387616722247641+0j),[0.10598157],[1.],[0.2827866],[1.],"(array([0.10914449]), array([-0.00373688]))","(array([0.04191577]), array([-0.02327229]))","(array([0.04010149]), array([-0.02730322]))","(array([0.04153115]), array([-0.03385]))","(array([0.04383707]), array([-0.03876245]))","(array([0.04718991]), array([-0.04080306]))","(array([0.05233176]), array([-0.03883103]))","(array([0.05232984]), array([-0.04323705]))","(array([0.05483752]), array([-0.0418913]))","(array([0.0536406]), array([-0.04267555]))","(array([0.05173426]), array([-0.0444648]))"
(0.02557325672210504+0j),[0.10593669],[1.],[0.29383943],[1.],"(array([0.10693853]), array([0.00057499]))","(array([0.04010014]), array([-0.02730319]))","(array([0.04152989]), array([-0.03385007]))","(array([0.0438359]), array([-0.03876264]))","(array([0.04718884]), array([-0.0408034]))","(array([0.0523308]), array([-0.03883154]))","(array([0.05232895]), array([-0.04323759]))","(array([0.05483672]), array([-0.04189194]))","(array([0.05363986]), array([-0.04267621]))","(array([0.05173356]), array([-0.04446548]))","(array([0.05316438]), array([-0.04438898]))"
(0.02735376673855085+0j),[0.0870708],[1.],[0.31080817],[1.],"(array([0.10758357]), array([-0.00337129]))","(array([0.04152854]), array([-0.03385004]))","(array([0.04383463]), array([-0.03876275]))","(array([0.04718767]), array([-0.04080367]))","(array([0.05232976]), array([-0.03883201]))","(array([0.05232796]), array([-0.04323811]))","(array([0.05483583]), array([-0.04189256]))","(array([0.05363902]), array([-0.04267687]))","(array([0.05173277]), array([-0.04446614]))","(array([0.05316368]), array([-0.0443897]))","(array([0.05446794]), array([-0.04647773]))"
(0.0291328281930723+0j),[0.09046944],[1.],[0.32025171],[1.],"(array([0.11269344]), array([-0.01391063]))","(array([0.04383326]), array([-0.03876277]))","(array([0.04718639]), array([-0.04080387]))","(array([0.05232859]), array([-0.03883244]))","(array([0.05232686]), array([-0.04323859]))","(array([0.05483482]), array([-0.04189317]))","(array([0.05363808]), array([-0.04267751]))","(array([0.05173188]), array([-0.0444668]))","(array([0.05316287]), array([-0.04439042]))","(array([0.05446721]), array([-0.0464785]))","(array([0.0528511]), array([-0.05166224]))"
(0.03082312886125697+0j),[0.1232568],[1.],[0.3189481],[1.],"(array([0.11699842]), array([-0.0179596]))","(array([0.04718496]), array([-0.04080399]))","(array([0.05232727]), array([-0.03883283]))","(array([0.0523256]), array([-0.04323904]))","(array([0.05483367]), array([-0.04189376]))","(array([0.05363699]), array([-0.04267815]))","(array([0.05173084]), array([-0.04446747]))","(array([0.05316193]), array([-0.04439117]))","(array([0.05446635]), array([-0.0464793]))","(array([0.05285027]), array([-0.05166303]))","(array([0.05459934]), array([-0.05296266]))"
(0.03237247819842145+0j),[0.11625029],[1.],[0.33014386],[1.],"(array([0.11997065]), array([-0.01274436]))","(array([0.05232576]), array([-0.03883316]))","(array([0.05232417]), array([-0.04323945]))","(array([0.05483234]), array([-0.04189433]))","(array([0.05363573]), array([-0.04267879]))","(array([0.05172964]), array([-0.04446813]))","(array([0.05316083]), array([-0.04439193]))","(array([0.05446534]), array([-0.04648013]))","(array([0.05284929]), array([-0.05166386]))","(array([0.05459845]), array([-0.05296353]))","(array([0.06069403]), array([-0.04900583]))"
(0.03364767837978056+0j),[0.10892182],[1.],[0.33939885],[1.],"(array([0.12744067]), array([-0.01236373]))","(array([0.05232254]), array([-0.04323977]))","(array([0.0548308]), array([-0.04189485]))","(array([0.05363427]), array([-0.04267938]))","(array([0.05172824]), array([-0.04446876]))","(array([0.05315954]), array([-0.04439268]))","(array([0.05446414]), array([-0.04648097]))","(array([0.05284813]), array([-0.05166469]))","(array([0.05459739]), array([-0.05296443]))","(array([0.06069315]), array([-0.04900686]))","(array([0.0604817]), array([-0.05181808]))"
(0.03127123586818566+0j),[0.13165854],[1.],[0.31725962],[1.],"(array([0.12716949]), array([-0.01827556]))","(array([0.05482902]), array([-0.0418953]))","(array([0.05363256]), array([-0.04267992]))","(array([0.0517266]), array([-0.04446936]))","(array([0.05315801]), array([-0.04439342]))","(array([0.05446271]), array([-0.04648181]))","(array([0.05284675]), array([-0.05166554]))","(array([0.05459612]), array([-0.05296536]))","(array([0.06069207]), array([-0.04900795]))","(array([0.0604807]), array([-0.05181919]))","(array([0.05904424]), array([-0.05233879]))"
(0.029101005788936152+0j),[0.13902386],[1.],[0.30067021],[1.],"(array([0.12475048]), array([-0.01195946]))","(array([0.05363062]), array([-0.04268038]))","(array([0.05172473]), array([-0.04446988]))","(array([0.05315625]), array([-0.04439412]))","(array([0.05446106]), array([-0.04648264]))","(array([0.05284516]), array([-0.05166637]))","(array([0.05459463]), array([-0.0529663]))","(array([0.06069079]), array([-0.04900909]))","(array([0.06047951]), array([-0.05182034]))","(array([0.05904314]), array([-0.05233994]))","(array([0.06088724]), array([-0.04558742]))"
(0.027214083831964223+0j),[0.13352596],[1.],[0.29108725],[1.],"(array([0.11993495]), array([-0.0111031]))","(array([0.05172265]), array([-0.04447034]))","(array([0.05315429]), array([-0.04439478]))","(array([0.05445921]), array([-0.04648344]))","(array([0.05284336]), array([-0.05166719]))","(array([0.05459296]), array([-0.05296723]))","(array([0.06068933]), array([-0.04901025]))","(array([0.06047815]), array([-0.05182153]))","(array([0.05904188]), array([-0.05234115]))","(array([0.06088618]), array([-0.04558873]))","(array([0.0605003]), array([-0.04163428]))"
(0.02520863975376482+0j),[0.143906],[1.],[0.27249067],[1.],"(array([0.11569393]), array([-0.01405533]))","(array([0.05315219]), array([-0.04439533]))","(array([0.05445721]), array([-0.04648416]))","(array([0.05284143]), array([-0.05166793]))","(array([0.05459115]), array([-0.0529681]))","(array([0.06068774]), array([-0.04901138]))","(array([0.06047665]), array([-0.05182269]))","(array([0.05904049]), array([-0.05234233]))","(array([0.060885]), array([-0.04559003]))","(array([0.06049927]), array([-0.04163562]))","(array([0.05832721]), array([-0.04019499]))"
(0.023406701203375537+0j),[0.14199761],[1.],[0.2607276],[1.],"(array([0.1130008]), array([-0.01169513]))","(array([0.05445508]), array([-0.04648478]))","(array([0.05283937]), array([-0.05166858]))","(array([0.0545892]), array([-0.05296889]))","(array([0.060686]), array([-0.04901246]))","(array([0.06047502]), array([-0.05182381]))","(array([0.05903896]), array([-0.05234348]))","(array([0.06088368]), array([-0.04559131]))","(array([0.06049811]), array([-0.04163697]))","(array([0.05832615]), array([-0.04019633]))","(array([0.058245]), array([-0.03548204]))"
(0.021771342184017686+0j),[0.13808572],[1.],[0.25080083],[1.],"(array([0.11168633]), array([-0.01414757]))","(array([0.0528374]), array([-0.05166908]))","(array([0.05458734]), array([-0.05296954]))","(array([0.06068432]), array([-0.04901338]))","(array([0.06047344]), array([-0.05182479]))","(array([0.05903748]), array([-0.05234449]))","(array([0.06088239]), array([-0.04559246]))","(array([0.06049697]), array([-0.04163818]))","(array([0.05832509]), array([-0.04019755]))","(array([0.0582441]), array([-0.03548331]))","(array([0.05662189]), array([-0.03339664]))"
(0.022277739094008844+0j),[0.14833804],[1.],[0.24892152],[1.],"(array([0.10956802]), array([-0.02006123]))","(array([0.05458569]), array([-0.05297005]))","(array([0.06068283]), array([-0.04901414]))","(array([0.06047203]), array([-0.0518256]))","(array([0.05903616]), array([-0.05234533]))","(array([0.06088123]), array([-0.04559343]))","(array([0.06049593]), array([-0.0416392]))","(array([0.05832414]), array([-0.04019859]))","(array([0.05824327]), array([-0.0354844]))","(array([0.05662115]), array([-0.03339773]))","(array([0.05573971]), array([-0.03332755]))"
(0.022754063875122053+0j),[0.14422743],[1.],[0.25497829],[1.],"(array([0.11085755]), array([-0.01907543]))","(array([0.06068152]), array([-0.04901475]))","(array([0.06047079]), array([-0.05182624]))","(array([0.059035]), array([-0.05234601]))","(array([0.06088021]), array([-0.04559422]))","(array([0.06049501]), array([-0.04164005]))","(array([0.05832329]), array([-0.04019944]))","(array([0.05824254]), array([-0.0354853]))","(array([0.05662049]), array([-0.03339864]))","(array([0.05573911]), array([-0.03332846]))","(array([0.05749058]), array([-0.03178661]))"
(0.022954449789459732+0j),[0.1578481],[1.],[0.24840719],[1.],"(array([0.11813517]), array([-0.01612057]))","(array([0.06046958]), array([-0.05182682]))","(array([0.05903386]), array([-0.05234662]))","(array([0.06087919]), array([-0.04559495]))","(array([0.0604941]), array([-0.04164083]))","(array([0.05832244]), array([-0.04020024]))","(array([0.05824179]), array([-0.03548615]))","(array([0.05661981]), array([-0.0333995]))","(array([0.05573849]), array([-0.03332932]))","(array([0.05749006]), array([-0.03178749]))","(array([0.05721511]), array([-0.03331008]))"
(0.023042058618518105+0j),[0.17948804],[1.],[0.23397643],[1.],"(array([0.1163181]), array([-0.01586846]))","(array([0.05903266]), array([-0.05234717]))","(array([0.06087811]), array([-0.04559563]))","(array([0.06049312]), array([-0.04164158]))","(array([0.05832152]), array([-0.040201]))","(array([0.05824098]), array([-0.03548697]))","(array([0.05661907]), array([-0.03340033]))","(array([0.05573781]), array([-0.03333016]))","(array([0.05748949]), array([-0.03178837]))","(array([0.05721459]), array([-0.03331095]))","(array([0.05906619]), array([-0.03038791]))"
(0.023219958733965318+0j),[0.17658456],[1.],[0.23752024],[1.],"(array([0.11174152]), array([-0.01161938]))","(array([0.06087694]), array([-0.04559628]))","(array([0.06049205]), array([-0.0416423]))","(array([0.05832052]), array([-0.04020175]))","(array([0.05824009]), array([-0.03548778]))","(array([0.05661825]), array([-0.03340116]))","(array([0.05573705]), array([-0.033331]))","(array([0.05748883]), array([-0.03178926]))","(array([0.057214]), array([-0.03331184]))","(array([0.05906572]), array([-0.03038882]))","(array([0.06162682]), array([-0.02528419]))"
(0.023193406905450676+0j),[0.17187706],[1.],[0.24067859],[1.],"(array([0.11432014]), array([-0.0056756]))","(array([0.06049085]), array([-0.04164299]))","(array([0.05831939]), array([-0.04020246]))","(array([0.05823907]), array([-0.03548858]))","(array([0.05661731]), array([-0.03340199]))","(array([0.05573618]), array([-0.03333184]))","(array([0.05748807]), array([-0.03179016]))","(array([0.0572133]), array([-0.03331274]))","(array([0.05906515]), array([-0.03038976]))","(array([0.06162641]), array([-0.02528518]))","(array([0.06129509]), array([-0.02632366]))"
(0.021580609042519336+0j),[0.16639112],[1.],[0.23155667],[1.],"(array([0.11324524]), array([-0.00285591]))","(array([0.05831799]), array([-0.04020319]))","(array([0.0582378]), array([-0.03548942]))","(array([0.05661612]), array([-0.03340287]))","(array([0.05573507]), array([-0.03333275]))","(array([0.05748709]), array([-0.03179114]))","(array([0.05721239]), array([-0.03331373]))","(array([0.0590644]), array([-0.03039082]))","(array([0.06162584]), array([-0.0252863]))","(array([0.06129459]), array([-0.02632478]))","(array([0.05996912]), array([-0.02629404]))"
(0.020132508884497632+0j),[0.16768163],[1.],[0.21832726],[1.],"(array([0.10912102]), array([-0.00265631]))","(array([0.05823629]), array([-0.03549023]))","(array([0.05661471]), array([-0.03340373]))","(array([0.05573375]), array([-0.03333365]))","(array([0.0574859]), array([-0.03179215]))","(array([0.05721129]), array([-0.03331475]))","(array([0.05906346]), array([-0.03039193]))","(array([0.0616251]), array([-0.0252875]))","(array([0.06129393]), array([-0.02632599]))","(array([0.05996854]), array([-0.02629524]))","(array([0.05791946]), array([-0.02522435]))"
(0.018747564049862407+0j),[0.16094238],[1.],[0.21123434],[1.],"(array([0.10613515]), array([0.00222629]))","(array([0.05661316]), array([-0.03340452]))","(array([0.05573228]), array([-0.03333449]))","(array([0.05748457]), array([-0.03179311]))","(array([0.05721005]), array([-0.03331574]))","(array([0.05906238]), array([-0.03039302]))","(array([0.06162423]), array([-0.02528871]))","(array([0.06129315]), array([-0.0263272]))","(array([0.05996785]), array([-0.02629646]))","(array([0.05791884]), array([-0.02522555]))","(array([0.05661434]), array([-0.02262444]))"
(0.01736435858580022+0j),[0.16203581],[1.],[0.1975412],[1.],"(array([0.10287705]), array([0.00278081]))","(array([0.05573077]), array([-0.03333521]))","(array([0.05748318]), array([-0.03179397]))","(array([0.05720876]), array([-0.03331663]))","(array([0.05906125]), array([-0.03039403]))","(array([0.06162329]), array([-0.02528985]))","(array([0.0612923]), array([-0.02632836]))","(array([0.05996708]), array([-0.02629761]))","(array([0.05791815]), array([-0.0252267]))","(array([0.05661376]), array([-0.0226256]))","(array([0.05447074]), array([-0.02197409]))"
(0.01614907986011428+0j),[0.16852013],[1.],[0.17966042],[1.],"(array([0.09900715]), array([0.00309193]))","(array([0.0574818]), array([-0.03179469]))","(array([0.05720746]), array([-0.0333174]))","(array([0.05906009]), array([-0.03039492]))","(array([0.06162232]), array([-0.02529088]))","(array([0.0612914]), array([-0.02632941]))","(array([0.05996627]), array([-0.02629867]))","(array([0.05791742]), array([-0.02522776]))","(array([0.05661314]), array([-0.02262668]))","(array([0.05447018]), array([-0.02197515]))","(array([0.05318628]), array([-0.01926588]))"
(0.015025905846917693+0j),[0.15969829],[1.],[0.17586023],[1.],"(array([0.09678601]), array([0.0060242]))","(array([0.05720623]), array([-0.03331802]))","(array([0.05905898]), array([-0.03039565]))","(array([0.06162137]), array([-0.02529175]))","(array([0.06129053]), array([-0.0263303]))","(array([0.05996547]), array([-0.02629958]))","(array([0.05791669]), array([-0.02522868]))","(array([0.0566125]), array([-0.02262761]))","(array([0.0544696]), array([-0.02197608]))","(array([0.0531858]), array([-0.01926681]))","(array([0.05240537]), array([-0.01512985]))"
(0.014016657584337872+0j),[0.16149677],[1.],[0.16293378],[1.],"(array([0.09568243]), array([0.00260195]))","(array([0.05905794]), array([-0.03039625]))","(array([0.06162046]), array([-0.02529249]))","(array([0.06128969]), array([-0.02633107]))","(array([0.05996469]), array([-0.02630037]))","(array([0.05791598]), array([-0.02522947]))","(array([0.05661188]), array([-0.02262843]))","(array([0.05446904]), array([-0.02197689]))","(array([0.05318532]), array([-0.01926764]))","(array([0.052405]), array([-0.0151307]))","(array([0.0503467]), array([-0.01536214]))"
(0.013036784159662484+0j),[0.16837561],[1.],[0.14350982],[1.],"(array([0.09464858]), array([0.00585005]))","(array([0.06161957]), array([-0.02529313]))","(array([0.06128886]), array([-0.02633174]))","(array([0.05996393]), array([-0.02630105]))","(array([0.05791528]), array([-0.02523017]))","(array([0.05661125]), array([-0.02262915]))","(array([0.05446846]), array([-0.02197762]))","(array([0.05318482]), array([-0.01926839]))","(array([0.0524046]), array([-0.01513147]))","(array([0.05034634]), array([-0.0153629]))","(array([0.04918648]), array([-0.01269987]))"
(0.01205998809983036+0j),[0.17103011],[1.],[0.1265762],[1.],"(array([0.09287855]), array([0.01234229]))","(array([0.06128797]), array([-0.02633234]))","(array([0.0599631]), array([-0.02630168]))","(array([0.05791451]), array([-0.02523082]))","(array([0.05661057]), array([-0.02262983]))","(array([0.05446783]), array([-0.0219783]))","(array([0.05318427]), array([-0.0192691]))","(array([0.05240415]), array([-0.01513222]))","(array([0.05034592]), array([-0.01536364]))","(array([0.04918613]), array([-0.01270061]))","(array([0.04822367]), array([-0.0082539]))"
(0.011117861865840864+0j),[0.16418261],[1.],[0.12145774],[1.],"(array([0.08860995]), array([0.01191416]))","(array([0.05996212]), array([-0.0263023]))","(array([0.05791359]), array([-0.02523146]))","(array([0.05660973]), array([-0.02263052]))","(array([0.05446705]), array([-0.021979]))","(array([0.05318358]), array([-0.01926984]))","(array([0.05240356]), array([-0.015133]))","(array([0.05034537]), array([-0.01536441]))","(array([0.04918567]), array([-0.01270141]))","(array([0.04822333]), array([-0.00825472]))","(array([0.04678445]), array([-0.0045389]))"
(0.010275027282299258+0j),[0.16824398],[1.],[0.10108767],[1.],"(array([0.0861917]), array([0.01043886]))","(array([0.05791252]), array([-0.02523204]))","(array([0.05660875]), array([-0.02263117]))","(array([0.05446613]), array([-0.02197966]))","(array([0.05318275]), array([-0.01927055]))","(array([0.05240284]), array([-0.01513378]))","(array([0.05034469]), array([-0.01536519]))","(array([0.04918508]), array([-0.01270221]))","(array([0.04822287]), array([-0.00825556]))","(array([0.0467841]), array([-0.00453976]))","(array([0.0449346]), array([-0.00434562]))"
(0.00957342123174325+0j),[0.16189669],[1.],[0.09825333],[1.],"(array([0.07971415]), array([0.01237632]))","(array([0.05660771]), array([-0.02263173]))","(array([0.05446516]), array([-0.02198025]))","(array([0.05318186]), array([-0.0192712]))","(array([0.05240206]), array([-0.01513451]))","(array([0.05034396]), array([-0.01536591]))","(array([0.04918444]), array([-0.01270298]))","(array([0.04822234]), array([-0.00825638]))","(array([0.04678369]), array([-0.0045406]))","(array([0.04493424]), array([-0.00434644]))","(array([0.0434716]), array([-7.72942454e-05]))"
(0.00952945294918357+0j),[0.16369621],[1.],[0.09480717],[1.],"(array([0.07928064]), array([0.013517]))","(array([0.05446426]), array([-0.02198072]))","(array([0.05318104]), array([-0.01927173]))","(array([0.05240133]), array([-0.01513512]))","(array([0.05034326]), array([-0.01536651]))","(array([0.04918382]), array([-0.01270362]))","(array([0.04822183]), array([-0.00825707]))","(array([0.04678328]), array([-0.00454132]))","(array([0.04493387]), array([-0.00434715]))","(array([0.04347134]), array([-7.80220539e-05]))","(array([0.04264305]), array([-0.00156156]))"
(0.009494593509321636+0j),[0.1535964],[1.],[0.11009344],[1.],"(array([0.0764328]), array([0.01454677]))","(array([0.05318029]), array([-0.01927214]))","(array([0.05240065]), array([-0.0151356]))","(array([0.05034262]), array([-0.01536699]))","(array([0.04918324]), array([-0.01270414]))","(array([0.04822135]), array([-0.00825764]))","(array([0.04678288]), array([-0.00454192]))","(array([0.04493351]), array([-0.00434775]))","(array([0.04347106]), array([-7.86396764e-05]))","(array([0.0426428]), array([-0.00156217]))","(array([0.04261871]), array([-0.0007621]))"
(0.009480121486811705+0j),[0.15376005],[1.],[0.1099445],[1.],"(array([0.07854251]), array([0.0149667]))","(array([0.05239998]), array([-0.01513598]))","(array([0.05034199]), array([-0.01536738]))","(array([0.04918266]), array([-0.01270457]))","(array([0.04822085]), array([-0.00825813]))","(array([0.04678246]), array([-0.00454244]))","(array([0.04493312]), array([-0.00434827]))","(array([0.04347076]), array([-7.91861538e-05]))","(array([0.04264253]), array([-0.00156271]))","(array([0.04261851]), array([-0.00076266]))","(array([0.04233345]), array([-0.00484538]))"
(0.008611110345408133+0j),[0.14859171],[1.],[0.10155116],[1.],"(array([0.07611522]), array([0.01903651]))","(array([0.05034129]), array([-0.01536769]))","(array([0.04918202]), array([-0.01270494]))","(array([0.04822028]), array([-0.00825856]))","(array([0.04678196]), array([-0.00454292]))","(array([0.04493266]), array([-0.00434874]))","(array([0.04347038]), array([-7.97021213e-05]))","(array([0.04264218]), array([-0.00156323]))","(array([0.04261823]), array([-0.00076321]))","(array([0.04233318]), array([-0.00484591]))","(array([0.04145249]), array([-0.00345224]))"
(0.00786065361806859+0j),[0.14365825],[1.],[0.0942035],[1.],"(array([0.07226202]), array([0.01767536]))","(array([0.04918134]), array([-0.01270521]))","(array([0.04821966]), array([-0.0082589]))","(array([0.04678141]), array([-0.00454332]))","(array([0.04493215]), array([-0.00434915]))","(array([0.04346994]), array([-8.01592659e-05]))","(array([0.04264177]), array([-0.00156369]))","(array([0.04261789]), array([-0.0007637]))","(array([0.04233285]), array([-0.0048464]))","(array([0.04145223]), array([-0.00345274]))","(array([0.03957703]), array([-0.00246291]))"
(0.007155736485445359+0j),[0.13820801],[1.],[0.08782642],[1.],"(array([0.069516]), array([0.0191886]))","(array([0.04821907]), array([-0.00825913]))","(array([0.04678087]), array([-0.00454361]))","(array([0.04493164]), array([-0.00434945]))","(array([0.0434695]), array([-8.05135189e-05]))","(array([0.04264135]), array([-0.00156405]))","(array([0.04261753]), array([-0.0007641]))","(array([0.0423325]), array([-0.0048468]))","(array([0.04145193]), array([-0.00345316]))","(array([0.03957677]), array([-0.00246333]))","(array([0.03778864]), array([-0.00166391]))"
(0.007419913159961181+0j),[0.12920636],[1.],[0.10607486],[1.],"(array([0.06952439]), array([0.0223269]))","(array([0.04678038]), array([-0.00454381]))","(array([0.04493118]), array([-0.00434967]))","(array([0.04346908]), array([-8.07792799e-05]))","(array([0.04264095]), array([-0.00156432]))","(array([0.04261718]), array([-0.00076442]))","(array([0.04233217]), array([-0.00484711]))","(array([0.04145164]), array([-0.00345349]))","(array([0.03957651]), array([-0.00246367]))","(array([0.03778841]), array([-0.00166425]))","(array([0.03714134]), array([-0.00315833]))"
(0.007770542140812745+0j),[0.12664155],[1.],[0.11569457],[1.],"(array([0.07213438]), array([0.02397035]))","(array([0.04493075]), array([-0.00434981]))","(array([0.04346868]), array([-8.09714236e-05]))","(array([0.04264058]), array([-0.00156452]))","(array([0.04261685]), array([-0.00076466]))","(array([0.04233185]), array([-0.00484735]))","(array([0.04145136]), array([-0.00345376]))","(array([0.03957625]), array([-0.00246394]))","(array([0.03778817]), array([-0.00166453]))","(array([0.03714113]), array([-0.00315861]))","(array([0.03737133]), array([-0.00770045]))"
(0.008195451513048345+0j),[0.12274453],[1.],[0.1269119],[1.],"(array([0.07244518]), array([0.02359496]))","(array([0.0434683]), array([-8.11088794e-05]))","(array([0.04264021]), array([-0.00156467]))","(array([0.04261651]), array([-0.00076485]))","(array([0.04233152]), array([-0.00484754]))","(array([0.04145107]), array([-0.00345398]))","(array([0.03957598]), array([-0.00246417]))","(array([0.03778792]), array([-0.00166476]))","(array([0.0371409]), array([-0.00315885]))","(array([0.03737112]), array([-0.0077007]))","(array([0.03795838]), array([-0.00985613]))"
(0.007592214081121811+0j),[0.12154691],[1.],[0.11877437],[1.],"(array([0.07171494]), array([0.02690184]))","(array([0.04263983]), array([-0.00156476]))","(array([0.04261616]), array([-0.00076498]))","(array([0.04233118]), array([-0.00484767]))","(array([0.04145076]), array([-0.00345414]))","(array([0.0395757]), array([-0.00246434]))","(array([0.03778765]), array([-0.00166494]))","(array([0.03714065]), array([-0.00315904]))","(array([0.03737089]), array([-0.00770089]))","(array([0.03795818]), array([-0.00985634]))","(array([0.0374915]), array([-0.01097114]))"
(0.0070678800084102425+0j),[0.11205685],[1.],[0.11969969],[1.],"(array([0.06911846]), array([0.02519258]))","(array([0.04261582]), array([-0.00076504]))","(array([0.04233086]), array([-0.00484773]))","(array([0.04145045]), array([-0.00345423]))","(array([0.03957541]), array([-0.00246444]))","(array([0.03778738]), array([-0.00166506]))","(array([0.0371404]), array([-0.00315917]))","(array([0.03737065]), array([-0.00770103]))","(array([0.03795797]), array([-0.00985649]))","(array([0.03749131]), array([-0.0109713]))","(array([0.03641204]), array([-0.00955279]))"
(0.006582512356118219+0j),[0.11082109],[1.],[0.11300193],[1.],"(array([0.06929949]), array([0.02388719]))","(array([0.04233051]), array([-0.00484775]))","(array([0.04145013]), array([-0.00345429]))","(array([0.0395751]), array([-0.00246451]))","(array([0.03778709]), array([-0.00166514]))","(array([0.03714012]), array([-0.00315927]))","(array([0.03737039]), array([-0.00770113]))","(array([0.03795773]), array([-0.00985662]))","(array([0.0374911]), array([-0.01097144]))","(array([0.03641186]), array([-0.00955295]))","(array([0.03469149]), array([-0.01078293]))"
(0.007720120808586656+0j),[0.11281683],[1.],[0.12986932],[1.],"(array([0.07031732]), array([0.01963366]))","(array([0.04144971]), array([-0.00345431]))","(array([0.0395747]), array([-0.00246456]))","(array([0.03778671]), array([-0.00166521]))","(array([0.03713976]), array([-0.00315936]))","(array([0.03737004]), array([-0.00770124]))","(array([0.03795741]), array([-0.00985676]))","(array([0.03749081]), array([-0.01097159]))","(array([0.0364116]), array([-0.00955313]))","(array([0.03469125]), array([-0.0107831]))","(array([0.03519514]), array([-0.01199697]))"
(0.008973180679017359+0j),[0.10260961],[1.],[0.1550372],[1.],"(array([0.07315992]), array([0.02143076]))","(array([0.03957421]), array([-0.00246458]))","(array([0.03778624]), array([-0.00166525]))","(array([0.03713931]), array([-0.00315943]))","(array([0.03736962]), array([-0.00770132]))","(array([0.03795702]), array([-0.00985688]))","(array([0.03749045]), array([-0.01097174]))","(array([0.03641128]), array([-0.00955331]))","(array([0.03469094]), array([-0.01078329]))","(array([0.03519487]), array([-0.01199718]))","(array([0.03740645]), array([-0.01501976]))"
(0.010465754773664094+0j),[0.1082415],[1.],[0.16952322],[1.],"(array([0.0768566]), array([0.02015088]))","(array([0.03778574]), array([-0.00166524]))","(array([0.03713883]), array([-0.00315945]))","(array([0.03736917]), array([-0.00770137]))","(array([0.0379566]), array([-0.00985697]))","(array([0.03749006]), array([-0.01097186]))","(array([0.03641092]), array([-0.00955347]))","(array([0.0346906]), array([-0.01078345]))","(array([0.03519457]), array([-0.01199738]))","(array([0.03740619]), array([-0.01501999]))","(array([0.03822697]), array([-0.02098022]))"
(0.012713237650968788+0j),[0.11706399],[1.],[0.18852621],[1.],"(array([0.07905105]), array([0.02216856]))","(array([0.03713841]), array([-0.00315944]))","(array([0.03736876]), array([-0.00770137]))","(array([0.03795622]), array([-0.00985702]))","(array([0.0374897]), array([-0.01097194]))","(array([0.03641059]), array([-0.00955359]))","(array([0.03469029]), array([-0.01078358]))","(array([0.03519429]), array([-0.01199754]))","(array([0.03740594]), array([-0.01502018]))","(array([0.03822674]), array([-0.02098042]))","(array([0.04127351]), array([-0.02382031]))"
(0.015105461636896047+0j),[0.10163415],[1.],[0.21953869],[1.],"(array([0.08257902]), array([0.02265035]))","(array([0.03736841]), array([-0.00770134]))","(array([0.03795588]), array([-0.00985703]))","(array([0.03748938]), array([-0.01097199]))","(array([0.03641029]), array([-0.00955367]))","(array([0.03469001]), array([-0.01078367]))","(array([0.03519403]), array([-0.01199765]))","(array([0.03740571]), array([-0.01502032]))","(array([0.03822653]), array([-0.02098057]))","(array([0.04127333]), array([-0.02382049]))","(array([0.04507239]), array([-0.02644818]))"
(0.0178361412879744+0j),[0.08944565],[1.],[0.24706126],[1.],"(array([0.08960036]), array([0.01482481]))","(array([0.03795558]), array([-0.00985702]))","(array([0.03748909]), array([-0.010972]))","(array([0.03641002]), array([-0.00955372]))","(array([0.03468975]), array([-0.01078372]))","(array([0.03519379]), array([-0.01199774]))","(array([0.03740549]), array([-0.01502044]))","(array([0.03822633]), array([-0.02098069]))","(array([0.04127316]), array([-0.02382063]))","(array([0.04507224]), array([-0.02644835]))","(array([0.04562431]), array([-0.03397142]))"
(0.016418465412159248+0j),[0.11317373],[1.],[0.22518528],[1.],"(array([0.09247474]), array([0.01004075]))","(array([0.03748883]), array([-0.010972]))","(array([0.03640978]), array([-0.00955375]))","(array([0.03468953]), array([-0.01078376]))","(array([0.03519358]), array([-0.0119978]))","(array([0.0374053]), array([-0.01502052]))","(array([0.03822616]), array([-0.02098079]))","(array([0.041273]), array([-0.02382075]))","(array([0.04507211]), array([-0.02644848]))","(array([0.04562419]), array([-0.03397155]))","(array([0.04449165]), array([-0.03726634]))"
(0.015169641612941995+0j),[0.11434059],[1.],[0.21347935],[1.],"(array([0.08720914]), array([0.01417183]))","(array([0.03640957]), array([-0.00955376]))","(array([0.03468933]), array([-0.01078378]))","(array([0.03519339]), array([-0.01199785]))","(array([0.03740512]), array([-0.01502059]))","(array([0.038226]), array([-0.02098087]))","(array([0.04127286]), array([-0.02382084]))","(array([0.04507199]), array([-0.02644859]))","(array([0.04562408]), array([-0.03397167]))","(array([0.04449155]), array([-0.03726646]))","(array([0.04663545]), array([-0.03048734]))"
(0.014038541834359158+0j),[0.11067342],[1.],[0.20493465],[1.],"(array([0.0835832]), array([0.01581331]))","(array([0.03468915]), array([-0.01078379]))","(array([0.03519321]), array([-0.01199788]))","(array([0.03740496]), array([-0.01502065]))","(array([0.03822586]), array([-0.02098094]))","(array([0.04127273]), array([-0.02382092]))","(array([0.04507189]), array([-0.02644869]))","(array([0.04562398]), array([-0.03397177]))","(array([0.04449147]), array([-0.03726656]))","(array([0.0466354]), array([-0.03048745]))","(array([0.04555544]), array([-0.0281702]))"
(0.014151527782485546+0j),[0.10018786],[1.],[0.21129976],[1.],"(array([0.0812109]), array([0.01380736]))","(array([0.03519304]), array([-0.01199789]))","(array([0.0374048]), array([-0.01502069]))","(array([0.03822572]), array([-0.02098099]))","(array([0.04127259]), array([-0.02382098]))","(array([0.04507177]), array([-0.02644877]))","(array([0.04562387]), array([-0.03397186]))","(array([0.04449139]), array([-0.03726665]))","(array([0.04663534]), array([-0.03048756]))","(array([0.04555541]), array([-0.02817031]))","(array([0.04455752]), array([-0.0279936]))"
(0.014280722198482481+0j),[0.1051975],[1.],[0.21006493],[1.],"(array([0.08310123]), array([0.01031745]))","(array([0.03740466]), array([-0.01502072]))","(array([0.03822559]), array([-0.02098102]))","(array([0.04127247]), array([-0.02382103]))","(array([0.04507167]), array([-0.02644884]))","(array([0.04562377]), array([-0.03397193]))","(array([0.0444913]), array([-0.03726673]))","(array([0.04663527]), array([-0.03048765]))","(array([0.04555536]), array([-0.02817041]))","(array([0.0445575]), array([-0.02799371]))","(array([0.04327982]), array([-0.03033217]))"
(0.014376593089435334+0j),[0.10031164],[1.],[0.21333155],[1.],"(array([0.08498559]), array([0.00847047]))","(array([0.03822544]), array([-0.02098105]))","(array([0.04127233]), array([-0.02382108]))","(array([0.04507154]), array([-0.02644891]))","(array([0.04562366]), array([-0.033972]))","(array([0.04449119]), array([-0.0372668]))","(array([0.04663518]), array([-0.03048774]))","(array([0.04555529]), array([-0.02817051]))","(array([0.04455746]), array([-0.02799382]))","(array([0.04327981]), array([-0.03033229]))","(array([0.04413453]), array([-0.02946083]))"
(0.017137380929873262+0j),[0.1053582],[1.],[0.23484593],[1.],"(array([0.08902965]), array([0.00158046]))","(array([0.04127214]), array([-0.02382113]))","(array([0.04507137]), array([-0.02644898]))","(array([0.04562349]), array([-0.03397209]))","(array([0.04449104]), array([-0.03726689]))","(array([0.04663505]), array([-0.03048785]))","(array([0.04555517]), array([-0.02817063]))","(array([0.04455735]), array([-0.02799395]))","(array([0.04327973]), array([-0.03033242]))","(array([0.0441345]), array([-0.02946097]))","(array([0.04494106]), array([-0.03271714]))"
(0.019948214130873224+0j),[0.10909018],[1.],[0.25519407],[1.],"(array([0.09670785]), array([-8.36549414e-05]))","(array([0.04507113]), array([-0.02644907]))","(array([0.04562327]), array([-0.03397219]))","(array([0.04449083]), array([-0.037267]))","(array([0.04663487]), array([-0.030488]))","(array([0.04555499]), array([-0.02817078]))","(array([0.0445572]), array([-0.02799408]))","(array([0.0432796]), array([-0.03033261]))","(array([0.04413437]), array([-0.02946112]))","(array([0.04494107]), array([-0.0327173]))","(array([0.04827525]), array([-0.03614017]))"
(0.02274479042677785+0j),[0.11663164],[1.],[0.27208897],[1.],"(array([0.10486367]), array([-0.00183029]))","(array([0.045623]), array([-0.03397228]))","(array([0.04449057]), array([-0.03726711]))","(array([0.04663464]), array([-0.03048816]))","(array([0.04555478]), array([-0.02817094]))","(array([0.044557]), array([-0.02799423]))","(array([0.04327942]), array([-0.03033281]))","(array([0.04413421]), array([-0.0294613]))","(array([0.044941]), array([-0.0327175]))","(array([0.04827534]), array([-0.03614048]))","(array([0.05121697]), array([-0.03947267]))"
(0.022261525025866844+0j),[0.12739518],[1.],[0.26350789],[1.],"(array([0.10649391]), array([-0.00751463]))","(array([0.04449027]), array([-0.03726721]))","(array([0.04663437]), array([-0.03048831]))","(array([0.04555452]), array([-0.0281711]))","(array([0.04455677]), array([-0.0279944]))","(array([0.04327921]), array([-0.03033301]))","(array([0.04413401]), array([-0.02946149]))","(array([0.04494087]), array([-0.0327177]))","(array([0.04827533]), array([-0.03614076]))","(array([0.05121709]), array([-0.03947301]))","(array([0.05334869]), array([-0.03948715]))"
(0.021905324989116643+0j),[0.12738546],[1.],[0.26069777],[1.],"(array([0.10350116]), array([-0.00836252]))","(array([0.04663405]), array([-0.03048847]))","(array([0.04555422]), array([-0.02817127]))","(array([0.0445565]), array([-0.02799458]))","(array([0.04327895]), array([-0.03033321]))","(array([0.04413377]), array([-0.0294617]))","(array([0.04494069]), array([-0.03271792]))","(array([0.04827525]), array([-0.03614103]))","(array([0.0512171]), array([-0.03947334]))","(array([0.05334879]), array([-0.03948754]))","(array([0.05453788]), array([-0.03665282]))"
(0.02140885807711146+0j),[0.13423648],[1.],[0.25335277],[1.],"(array([0.10497796]), array([-0.00175156]))","(array([0.04555392]), array([-0.02817142]))","(array([0.04455621]), array([-0.02799472]))","(array([0.04327868]), array([-0.03033338]))","(array([0.04413355]), array([-0.0294619]))","(array([0.04494047]), array([-0.0327181]))","(array([0.04827514]), array([-0.03614128]))","(array([0.05121703]), array([-0.03947361]))","(array([0.05334881]), array([-0.03948787]))","(array([0.05453799]), array([-0.03665316]))","(array([0.0540591]), array([-0.03615906]))"
(0.019244834565101565+0j),[0.1410795],[1.],[0.23227102],[1.],"(array([0.10080335]), array([0.00201622]))","(array([0.04455594]), array([-0.02799482]))","(array([0.04327845]), array([-0.03033351]))","(array([0.04413338]), array([-0.02946205]))","(array([0.04494027]), array([-0.03271824]))","(array([0.04827501]), array([-0.03614147]))","(array([0.05121695]), array([-0.03947381]))","(array([0.05334875]), array([-0.0394881]))","(array([0.05453804]), array([-0.03665342]))","(array([0.05405917]), array([-0.03615932]))","(array([0.05376816]), array([-0.03275372]))"
(0.01737525863012774+0j),[0.13886641],[1.],[0.21760553],[1.],"(array([0.09519327]), array([0.00369619]))","(array([0.04327824]), array([-0.0303336]))","(array([0.04413322]), array([-0.02946218]))","(array([0.0449401]), array([-0.03271835]))","(array([0.04827487]), array([-0.0361416]))","(array([0.05121686]), array([-0.03947398]))","(array([0.05334866]), array([-0.03948827]))","(array([0.05453801]), array([-0.0366536]))","(array([0.05405919]), array([-0.03615954]))","(array([0.05376817]), array([-0.03275391]))","(array([0.05276402]), array([-0.02800784]))"
(0.015773823081167877+0j),[0.13317466],[1.],[0.20668736],[1.],"(array([0.09072063]), array([0.00093089]))","(array([0.04413307]), array([-0.02946228]))","(array([0.04493994]), array([-0.03271845]))","(array([0.04827473]), array([-0.03614172]))","(array([0.05121676]), array([-0.03947411]))","(array([0.05334856]), array([-0.03948842]))","(array([0.05453796]), array([-0.03665375]))","(array([0.05405918]), array([-0.03615971]))","(array([0.05376817]), array([-0.03275408]))","(array([0.052764]), array([-0.028008]))","(array([0.05079715]), array([-0.02545419]))"
(0.014062940499862746+0j),[0.13618281],[1.],[0.18791583],[1.],"(array([0.08888757]), array([0.00053213]))","(array([0.04493974]), array([-0.03271853]))","(array([0.04827454]), array([-0.03614185]))","(array([0.05121662]), array([-0.03947425]))","(array([0.05334842]), array([-0.03948858]))","(array([0.05453787]), array([-0.03665392]))","(array([0.05405914]), array([-0.03615989]))","(array([0.05376814]), array([-0.03275426]))","(array([0.05276397]), array([-0.02800816]))","(array([0.05079712]), array([-0.02545436]))","(array([0.04835334]), array([-0.02376144]))"
(0.012618692845649584+0j),[0.14890408],[1.],[0.16161454],[1.],"(array([0.08554467]), array([-0.00197872]))","(array([0.04827426]), array([-0.036142]))","(array([0.0512164]), array([-0.03947442]))","(array([0.0533482]), array([-0.03948877]))","(array([0.05453772]), array([-0.03665412]))","(array([0.05405905]), array([-0.03616011]))","(array([0.05376806]), array([-0.03275447]))","(array([0.0527639]), array([-0.02800838]))","(array([0.05079708]), array([-0.02545459]))","(array([0.04835328]), array([-0.02376166]))","(array([0.04692412]), array([-0.0197952]))"
(0.011444776054948098+0j),[0.1489791],[1.],[0.14688394],[1.],"(array([0.08301202]), array([-0.0025159]))","(array([0.05121605]), array([-0.03947461]))","(array([0.05334784]), array([-0.03948901]))","(array([0.05453744]), array([-0.03665437]))","(array([0.05405885]), array([-0.03616038]))","(array([0.05376788]), array([-0.03275475]))","(array([0.05276374]), array([-0.02800866]))","(array([0.05079696]), array([-0.02545489]))","(array([0.04835315]), array([-0.02376197]))","(array([0.04692407]), array([-0.01979552]))","(array([0.04649027]), array([-0.01327102]))"
(0.010601707596370974+0j),[0.14815956],[1.],[0.13633319],[1.],"(array([0.08289321]), array([-0.0057454]))","(array([0.05334734]), array([-0.03948927]))","(array([0.05453702]), array([-0.03665466]))","(array([0.05405851]), array([-0.03616068]))","(array([0.05376757]), array([-0.03275507]))","(array([0.05276347]), array([-0.028009]))","(array([0.05079673]), array([-0.02545526]))","(array([0.04835293]), array([-0.02376234]))","(array([0.04692393]), array([-0.01979591]))","(array([0.04649025]), array([-0.01327141]))","(array([0.04504935]), array([-0.01056896]))"
(0.009836066262417379+0j),[0.1517569],[1.],[0.12073938],[1.],"(array([0.08265158]), array([-0.00593744]))","(array([0.05453644]), array([-0.03665498]))","(array([0.05405801]), array([-0.03616103]))","(array([0.05376711]), array([-0.03275545]))","(array([0.05276305]), array([-0.02800941]))","(array([0.05079637]), array([-0.02545569]))","(array([0.04835258]), array([-0.02376279]))","(array([0.04692368]), array([-0.01979637]))","(array([0.04649013]), array([-0.01327188]))","(array([0.04504933]), array([-0.01056943]))","(array([0.04370942]), array([-0.00860273]))"
(0.009142535037794297+0j),[0.15063314],[1.],[0.11074597],[1.],"(array([0.08038229]), array([-0.00238113]))","(array([0.05405736]), array([-0.03616139]))","(array([0.05376652]), array([-0.03275587]))","(array([0.05276251]), array([-0.02800987]))","(array([0.05079589]), array([-0.02545617]))","(array([0.04835213]), array([-0.02376329]))","(array([0.04692331]), array([-0.01979689]))","(array([0.04648989]), array([-0.01327242]))","(array([0.04504919]), array([-0.01056995]))","(array([0.04370942]), array([-0.00860324]))","(array([0.0426056]), array([-0.0052467]))"
(0.010905582729191142+0j),[0.15229226],[1.],[0.13682566],[1.],"(array([0.08212449]), array([-0.00214783]))","(array([0.05376587]), array([-0.03275627]))","(array([0.05276192]), array([-0.02801031]))","(array([0.05079536]), array([-0.02545664]))","(array([0.04835162]), array([-0.02376378]))","(array([0.04692289]), array([-0.0197974]))","(array([0.04648958]), array([-0.01327295]))","(array([0.04504896]), array([-0.01057047]))","(array([0.04370931]), array([-0.00860372]))","(array([0.04260564]), array([-0.00524715]))","(array([0.04349082]), array([-0.0073005]))"
(0.01286687513027504+0j),[0.15246925],[1.],[0.16229141],[1.],"(array([0.08755798]), array([0.00153186]))","(array([0.0527613]), array([-0.02801072]))","(array([0.0507948]), array([-0.02545708]))","(array([0.04835109]), array([-0.02376424]))","(array([0.04692244]), array([-0.01979788]))","(array([0.04648923]), array([-0.01327346]))","(array([0.04504868]), array([-0.01057097]))","(array([0.04370913]), array([-0.0086042]))","(array([0.04260559]), array([-0.00524758]))","(array([0.04349093]), array([-0.00730094]))","(array([0.04659108]), array([-0.01212116]))"
(0.014984506511365429+0j),[0.14722228],[1.],[0.19006728],[1.],"(array([0.09216077]), array([0.00619254]))","(array([0.05079418]), array([-0.0254575]))","(array([0.04835051]), array([-0.02376469]))","(array([0.04692193]), array([-0.01979836]))","(array([0.04648882]), array([-0.01327398]))","(array([0.04504834]), array([-0.01057149]))","(array([0.04370888]), array([-0.0086047]))","(array([0.04260546]), array([-0.00524807]))","(array([0.04349092]), array([-0.00730142]))","(array([0.04659126]), array([-0.01212173]))","(array([0.04932131]), array([-0.01701968]))"
(0.016876020608789594+0j),[0.14955539],[1.],[0.2066625],[1.],"(array([0.09586222]), array([0.00752278]))","(array([0.04834979]), array([-0.02376516]))","(array([0.04692129]), array([-0.01979888]))","(array([0.04648829]), array([-0.01327456]))","(array([0.04504788]), array([-0.01057208]))","(array([0.0437085]), array([-0.00860528]))","(array([0.04260519]), array([-0.00524866]))","(array([0.04349076]), array([-0.00730202]))","(array([0.04659126]), array([-0.01212242]))","(array([0.04932156]), array([-0.01702043]))","(array([0.05109655]), array([-0.02254035]))"
(0.018860699754228348+0j),[0.1396885],[1.],[0.23051883],[1.],"(array([0.09711288]), array([0.00968125]))","(array([0.04692047]), array([-0.01979946]))","(array([0.04648758]), array([-0.01327522]))","(array([0.04504724]), array([-0.01057275]))","(array([0.04370795]), array([-0.00860595]))","(array([0.04260476]), array([-0.00524933]))","(array([0.04349044]), array([-0.00730268]))","(array([0.04659112]), array([-0.01212313]))","(array([0.04932168]), array([-0.01702115]))","(array([0.05109676]), array([-0.02254105]))","(array([0.0533479]), array([-0.0255074]))"
(0.020951208618919772+0j),[0.12986783],[1.],[0.25243034],[1.],"(array([0.10095118]), array([0.01137599]))","(array([0.04648667]), array([-0.01327595]))","(array([0.0450464]), array([-0.01057351]))","(array([0.04370722]), array([-0.0086067]))","(array([0.04260418]), array([-0.00525007]))","(array([0.04348995]), array([-0.00730345]))","(array([0.04659084]), array([-0.01212393]))","(array([0.04932164]), array([-0.01702197]))","(array([0.05109684]), array([-0.02254186]))","(array([0.05334818]), array([-0.02550843]))","(array([0.0540151]), array([-0.03120483]))"
(0.019353657534909717+0j),[0.10907156],[1.],[0.24998708],[1.],"(array([0.10221061]), array([0.01557938]))","(array([0.04504533]), array([-0.01057434]))","(array([0.04370633]), array([-0.00860757]))","(array([0.04260341]), array([-0.00525094]))","(array([0.04348926]), array([-0.00730435]))","(array([0.04659035]), array([-0.01212492]))","(array([0.04932136]), array([-0.017023]))","(array([0.05109666]), array([-0.02254289]))","(array([0.05334814]), array([-0.02550965]))","(array([0.05401535]), array([-0.03120626]))","(array([0.05285261]), array([-0.03383127]))"
(0.01788471435455728+0j),[0.09835352],[1.],[0.24300154],[1.],"(array([0.10027072]), array([0.01364458]))","(array([0.04370523]), array([-0.00860847]))","(array([0.04260242]), array([-0.00525186]))","(array([0.0434884]), array([-0.0073053]))","(array([0.04658966]), array([-0.01212593]))","(array([0.04932092]), array([-0.01702403]))","(array([0.0510963]), array([-0.02254391]))","(array([0.05334802]), array([-0.02551083]))","(array([0.05401557]), array([-0.03120753]))","(array([0.05285295]), array([-0.03383244]))","(array([0.04858828]), array([-0.03571776]))"
(0.016552066778538464+0j),[0.09810817],[1.],[0.23232879],[1.],"(array([0.09743038]), array([0.01320807]))","(array([0.04260133]), array([-0.00525274]))","(array([0.04348743]), array([-0.00730624]))","(array([0.04658885]), array([-0.01212693]))","(array([0.04932033]), array([-0.01702504]))","(array([0.05109579]), array([-0.02254495]))","(array([0.05334772]), array([-0.02551195]))","(array([0.05401553]), array([-0.03120875]))","(array([0.05285304]), array([-0.03383352]))","(array([0.04858872]), array([-0.0357192]))","(array([0.04575758]), array([-0.03561967]))"
(0.016762054510272146+0j),[0.10674943],[1.],[0.23034714],[1.],"(array([0.09537131]), array([0.01643038]))","(array([0.04348647]), array([-0.00730706]))","(array([0.04658801]), array([-0.01212785]))","(array([0.04931967]), array([-0.01702596]))","(array([0.05109522]), array([-0.02254591]))","(array([0.05334732]), array([-0.02551297]))","(array([0.05401533]), array([-0.03120985]))","(array([0.05285292]), array([-0.03383453]))","(array([0.04858887]), array([-0.03572039]))","(array([0.04575795]), array([-0.03562098]))","(array([0.04516435]), array([-0.03485913]))"
(0.01694282181049885+0j),[0.13329232],[1.],[0.21776224],[1.],"(array([0.09579884]), array([0.01632801]))","(array([0.04658719]), array([-0.01212864]))","(array([0.04931898]), array([-0.01702678]))","(array([0.05109463]), array([-0.02254677]))","(array([0.05334684]), array([-0.02551389]))","(array([0.05401502]), array([-0.03121082]))","(array([0.05285266]), array([-0.03383545]))","(array([0.04858877]), array([-0.03572143]))","(array([0.04575802]), array([-0.03562209]))","(array([0.04516473]), array([-0.03486034]))","(array([0.04662583]), array([-0.03348677]))"
(0.01702875707965316+0j),[0.12851911],[1.],[0.22140153],[1.],"(array([0.09605477]), array([0.01746262]))","(array([0.04931827]), array([-0.01702751]))","(array([0.05109402]), array([-0.02254753]))","(array([0.05334633]), array([-0.0255147]))","(array([0.05401462]), array([-0.03121167]))","(array([0.05285233]), array([-0.03383627]))","(array([0.04858853]), array([-0.03572229]))","(array([0.04575788]), array([-0.03562298]))","(array([0.04516482]), array([-0.03486127]))","(array([0.04662635]), array([-0.03348775]))","(array([0.05036156]), array([-0.0280449]))"
(0.01903797768585741+0j),[0.12148413],[1.],[0.24191564],[1.],"(array([0.10130993]), array([0.0116345]))","(array([0.05109335]), array([-0.02254825]))","(array([0.05334584]), array([-0.0255154]))","(array([0.05401413]), array([-0.03121248]))","(array([0.05285195]), array([-0.03383702]))","(array([0.04858823]), array([-0.03572307]))","(array([0.04575763]), array([-0.03562378]))","(array([0.04516467]), array([-0.03486209]))","(array([0.04662657]), array([-0.03348867]))","(array([0.05036216]), array([-0.02804592]))","(array([0.05081869]), array([-0.03069535]))"
(0.021156878327937258+0j),[0.14217921],[1.],[0.24730816],[1.],"(array([0.10753498]), array([0.00469959]))","(array([0.05334527]), array([-0.02551604]))","(array([0.0540137]), array([-0.03121322]))","(array([0.05285147]), array([-0.03383771]))","(array([0.04858781]), array([-0.0357238]))","(array([0.04575733]), array([-0.03562452]))","(array([0.04516449]), array([-0.03486283]))","(array([0.04662646]), array([-0.03348952]))","(array([0.0503625]), array([-0.02804689]))","(array([0.05081926]), array([-0.03069634]))","(array([0.05181891]), array([-0.03525619]))"
(0.023176755196012845+0j),[0.12403952],[1.],[0.27133273],[1.],"(array([0.11090043]), array([0.00635264]))","(array([0.05401321]), array([-0.0312139]))","(array([0.05285098]), array([-0.03383835]))","(array([0.04858736]), array([-0.03572447]))","(array([0.04575697]), array([-0.03562521]))","(array([0.04516423]), array([-0.03486352]))","(array([0.0466263]), array([-0.0334903]))","(array([0.05036264]), array([-0.02804777]))","(array([0.05081963]), array([-0.03069725]))","(array([0.05181943]), array([-0.03525706]))","(array([0.05637742]), array([-0.03391009]))"
(0.022597520239758005+0j),[0.13496347],[1.],[0.26168802],[1.],"(array([0.11468611]), array([-0.00319727]))","(array([0.05285042]), array([-0.03383898]))","(array([0.04858686]), array([-0.03572509]))","(array([0.04575656]), array([-0.03562585]))","(array([0.0451639]), array([-0.03486419]))","(array([0.04662606]), array([-0.03349104]))","(array([0.05036272]), array([-0.02804861]))","(array([0.05081987]), array([-0.03069811]))","(array([0.05181982]), array([-0.03525788]))","(array([0.05637798]), array([-0.03391086]))","(array([0.05460036]), array([-0.0385361]))"
(0.022142140638290685+0j),[0.13901676],[1.],[0.25599925],[1.],"(array([0.11143039]), array([-0.00335644]))","(array([0.04858617]), array([-0.03572575]))","(array([0.04575601]), array([-0.0356265]))","(array([0.04516357]), array([-0.03486489]))","(array([0.04662572]), array([-0.0334918]))","(array([0.05036262]), array([-0.02804947]))","(array([0.05082003]), array([-0.03069902]))","(array([0.05182002]), array([-0.03525873]))","(array([0.05637842]), array([-0.03391173]))","(array([0.05460079]), array([-0.038537]))","(array([0.05568936]), array([-0.03549059]))"
(0.021871416424160087+0j),[0.15744179],[1.],[0.24278794],[1.],"(array([0.10601853]), array([-0.00430738]))","(array([0.04575542]), array([-0.03562704]))","(array([0.04516313]), array([-0.03486548]))","(array([0.04662536]), array([-0.03349253]))","(array([0.05036244]), array([-0.02805024]))","(array([0.05081999]), array([-0.03069982]))","(array([0.05182011]), array([-0.03525957]))","(array([0.0563786]), array([-0.03391251]))","(array([0.05460108]), array([-0.03853787]))","(array([0.05568972]), array([-0.03549136]))","(array([0.05592601]), array([-0.03402894]))"
(0.02250650356623836+0j),[0.15512863],[1.],[0.24898453],[1.],"(array([0.10105505]), array([-0.00016094]))","(array([0.04516263]), array([-0.03486599]))","(array([0.04662498]), array([-0.03349314]))","(array([0.05036228]), array([-0.02805092]))","(array([0.05081983]), array([-0.03070051]))","(array([0.05182012]), array([-0.03526031]))","(array([0.05637872]), array([-0.03391318]))","(array([0.0546012]), array([-0.03853864]))","(array([0.05569005]), array([-0.03549208]))","(array([0.0559263]), array([-0.03402957]))","(array([0.05836489]), array([-0.03015804]))"
(0.023125855447538066+0j),[0.15676618],[1.],[0.25246941],[1.],"(array([0.10183532]), array([7.07700838e-05]))","(array([0.04662465]), array([-0.03349367]))","(array([0.05036194]), array([-0.0280516]))","(array([0.05081963]), array([-0.03070117]))","(array([0.05182006]), array([-0.03526103]))","(array([0.05637871]), array([-0.03391387]))","(array([0.05460121]), array([-0.03853935]))","(array([0.05569025]), array([-0.03549281]))","(array([0.05592649]), array([-0.03403024]))","(array([0.05836507]), array([-0.03015862]))","(array([0.05859297]), array([-0.03161177]))"
(0.023652723360203708+0j),[0.1366025],[1.],[0.26750896],[1.],"(array([0.10402547]), array([0.00176859]))","(array([0.05036161]), array([-0.02805221]))","(array([0.0508194]), array([-0.03070177]))","(array([0.05182002]), array([-0.03526171]))","(array([0.05637868]), array([-0.03391448]))","(array([0.05460122]), array([-0.03854001]))","(array([0.05569047]), array([-0.03549348]))","(array([0.05592668]), array([-0.03403084]))","(array([0.05836528]), array([-0.03015918]))","(array([0.05859319]), array([-0.03161231]))","(array([0.05923879]), array([-0.03207941]))"
(0.026010863152683916+0j),[0.127735],[1.],[0.28770398],[1.],"(array([0.11254686]), array([0.00264212]))","(array([0.05081921]), array([-0.03070227]))","(array([0.05181987]), array([-0.03526226]))","(array([0.05637861]), array([-0.03391504]))","(array([0.05460116]), array([-0.03854056]))","(array([0.05569056]), array([-0.03549407]))","(array([0.0559268]), array([-0.0340314]))","(array([0.05836541]), array([-0.03015965]))","(array([0.05859335]), array([-0.03161282]))","(array([0.05923897]), array([-0.03207987]))","(array([0.05767519]), array([-0.03850683]))"
(0.028434672504231977+0j),[0.12680464],[1.],[0.30338212],[1.],"(array([0.11741499]), array([-0.00189715]))","(array([0.05181978]), array([-0.03526276]))","(array([0.0563785]), array([-0.03391552]))","(array([0.05460112]), array([-0.03854107]))","(array([0.05569064]), array([-0.0354946]))","(array([0.05592689]), array([-0.03403189]))","(array([0.05836553]), array([-0.0301601]))","(array([0.0585935]), array([-0.03161328]))","(array([0.05923916]), array([-0.03208031]))","(array([0.05767538]), array([-0.03850726]))","(array([0.05824422]), array([-0.04327097]))"
(0.030880176020848374+0j),[0.11943146],[1.],[0.3207331],[1.],"(array([0.12181812]), array([-0.00655529]))","(array([0.05637839]), array([-0.03391592]))","(array([0.05460104]), array([-0.03854151]))","(array([0.05569071]), array([-0.03549506]))","(array([0.05592696]), array([-0.0340323]))","(array([0.05836561]), array([-0.03016048]))","(array([0.05859362]), array([-0.03161369]))","(array([0.05923932]), array([-0.03208069]))","(array([0.05767556]), array([-0.03850765]))","(array([0.05824442]), array([-0.04327136]))","(array([0.0598609]), array([-0.04626646]))"
(0.0322631431197492+0j),[0.10954474],[1.],[0.33183332],[1.],"(array([0.1295184]), array([-0.00686442]))","(array([0.05460096]), array([-0.03854187]))","(array([0.05569072]), array([-0.03549547]))","(array([0.05592698]), array([-0.03403267]))","(array([0.05836566]), array([-0.03016082]))","(array([0.0585937]), array([-0.03161407]))","(array([0.05923943]), array([-0.03208104]))","(array([0.05767569]), array([-0.03850802]))","(array([0.05824458]), array([-0.04327173]))","(array([0.05986109]), array([-0.04626682]))","(array([0.0599976]), array([-0.04981527]))"
(0.03373173719696629+0j),[0.12661736],[1.],[0.33368003],[1.],"(array([0.13021386]), array([-0.01355606]))","(array([0.05569071]), array([-0.03549583]))","(array([0.05592698]), array([-0.03403298]))","(array([0.05836568]), array([-0.03016111]))","(array([0.05859375]), array([-0.03161439]))","(array([0.05923951]), array([-0.03208134]))","(array([0.05767579]), array([-0.03850833]))","(array([0.05824472]), array([-0.04327206]))","(array([0.05986125]), array([-0.04626714]))","(array([0.05999779]), array([-0.0498156]))","(array([0.05944507]), array([-0.0529897]))"
(0.03506310563349035+0j),[0.10456542],[1.],[0.34807851],[1.],"(array([0.13167647]), array([-0.00683259]))","(array([0.05592696]), array([-0.03403325]))","(array([0.0583657]), array([-0.03016135]))","(array([0.05859378]), array([-0.03161468]))","(array([0.05923957]), array([-0.03208159]))","(array([0.05767588]), array([-0.03850861]))","(array([0.05824482]), array([-0.04327233]))","(array([0.05986139]), array([-0.04626742]))","(array([0.05999794]), array([-0.04981589]))","(array([0.05944525]), array([-0.05298999]))","(array([0.06281621]), array([-0.05147384]))"
(0.034652859626267574+0j),[0.07972774],[1.],[0.35213957],[1.],"(array([0.13406888]), array([-0.0102564]))","(array([0.05836568]), array([-0.03016158]))","(array([0.05859378]), array([-0.03161492]))","(array([0.0592396]), array([-0.03208182]))","(array([0.05767592]), array([-0.03850887]))","(array([0.05824489]), array([-0.04327259]))","(array([0.05986148]), array([-0.04626769]))","(array([0.05999806]), array([-0.04981615]))","(array([0.05944538]), array([-0.05299028]))","(array([0.06281638]), array([-0.05147411]))","(array([0.05966251]), array([-0.05578439]))"
(0.03408423485758624+0j),[0.05776674],[1.],[0.35323367],[1.],"(array([0.13734718]), array([-0.01193766]))","(array([0.05859376]), array([-0.03161513]))","(array([0.0592396]), array([-0.03208201]))","(array([0.05767592]), array([-0.03850909]))","(array([0.05824493]), array([-0.0432728]))","(array([0.05986154]), array([-0.04626792]))","(array([0.05999813]), array([-0.04981639]))","(array([0.05944548]), array([-0.05299052]))","(array([0.06281651]), array([-0.05147436]))","(array([0.05966266]), array([-0.05578463]))","(array([0.05527329]), array([-0.05928795]))"
(0.03350523926071467+0j),[0.0482836],[1.],[0.35148919],[1.],"(array([0.13781329]), array([-0.01818383]))","(array([0.05923959]), array([-0.03208216]))","(array([0.05767592]), array([-0.03850926]))","(array([0.05824493]), array([-0.04327297]))","(array([0.05986156]), array([-0.0462681]))","(array([0.05999816]), array([-0.04981657]))","(array([0.05944553]), array([-0.05299071]))","(array([0.0628166]), array([-0.05147455]))","(array([0.05966275]), array([-0.05578483]))","(array([0.0552734]), array([-0.05928815]))","(array([0.05124177]), array([-0.06189043]))"
(0.034767787805653025+0j),[0.03538284],[1.],[0.3595418],[1.],"(array([0.13916637]), array([-0.02072399]))","(array([0.05767588]), array([-0.0385094]))","(array([0.05824492]), array([-0.0432731]))","(array([0.05986156]), array([-0.04626826]))","(array([0.05999818]), array([-0.04981671]))","(array([0.05944555]), array([-0.05299088]))","(array([0.06281665]), array([-0.05147471]))","(array([0.05966282]), array([-0.055785]))","(array([0.05527346]), array([-0.05928832]))","(array([0.05124184]), array([-0.0618906]))","(array([0.04979997]), array([-0.06353951]))"
(0.0360519541369022+0j),[0.03408277],[1.],[0.36611768],[1.],"(array([0.13940082]), array([-0.0298352]))","(array([0.05824491]), array([-0.0432732]))","(array([0.05986154]), array([-0.04626839]))","(array([0.05999818]), array([-0.04981682]))","(array([0.05944555]), array([-0.05299102]))","(array([0.06281667]), array([-0.05147483]))","(array([0.05966287]), array([-0.05578514]))","(array([0.05527349]), array([-0.05928846]))","(array([0.05124189]), array([-0.06189074]))","(array([0.04980002]), array([-0.06353964]))","(array([0.04837466]), array([-0.06643875]))"
(0.0372805886841576+0j),[0.02709769],[1.],[0.37269904],[1.],"(array([0.14139268]), array([-0.03477076]))","(array([0.05986151]), array([-0.04626848]))","(array([0.05999815]), array([-0.04981694]))","(array([0.05944556]), array([-0.05299111]))","(array([0.06281666]), array([-0.05147496]))","(array([0.05966289]), array([-0.05578525]))","(array([0.05527351]), array([-0.05928858]))","(array([0.0512419]), array([-0.06189086]))","(array([0.04980007]), array([-0.06353976]))","(array([0.04837466]), array([-0.06643883]))","(array([0.04893725]), array([-0.06775681]))"
(0.03415368287287631+0j),[0.05954213],[1.],[0.3527284],[1.],"(array([0.14201197]), array([-0.03922701]))","(array([0.05999813]), array([-0.04981703]))","(array([0.05944553]), array([-0.0529912]))","(array([0.06281666]), array([-0.05147505]))","(array([0.0596629]), array([-0.05578536]))","(array([0.05527351]), array([-0.05928868]))","(array([0.05124191]), array([-0.06189095]))","(array([0.0498001]), array([-0.06353987]))","(array([0.04837467]), array([-0.0664389]))","(array([0.04893724]), array([-0.06775686]))","(array([0.04717335]), array([-0.0676236]))"
(0.03149826993413104+0j),[0.05399088],[1.],[0.33931158],[1.],"(array([0.13775652]), array([-0.03554755]))","(array([0.05944549]), array([-0.05299128]))","(array([0.06281664]), array([-0.05147514]))","(array([0.0596629]), array([-0.05578544]))","(array([0.0552735]), array([-0.05928877]))","(array([0.0512419]), array([-0.06189104]))","(array([0.04980012]), array([-0.06353996]))","(array([0.04837467]), array([-0.06643896]))","(array([0.04893722]), array([-0.0677569]))","(array([0.04717332]), array([-0.06762364]))","(array([0.05123697]), array([-0.06020595]))"
(0.029101022042048823+0j),[0.05770331],[1.],[0.32524967],[1.],"(array([0.13426907]), array([-0.03985886]))","(array([0.06281662]), array([-0.05147521]))","(array([0.05966287]), array([-0.05578553]))","(array([0.05527347]), array([-0.05928884]))","(array([0.05124189]), array([-0.06189112]))","(array([0.0498001]), array([-0.06354004]))","(array([0.04837465]), array([-0.06643903]))","(array([0.04893721]), array([-0.06775694]))","(array([0.0471733]), array([-0.06762367]))","(array([0.05123695]), array([-0.06020599]))","(array([0.04878483]), array([-0.05823289]))"
(0.029997821005031237+0j),[0.07145507],[1.],[0.32785205],[1.],"(array([0.13658331]), array([-0.0375583]))","(array([0.05966285]), array([-0.05578559]))","(array([0.05527344]), array([-0.0592889]))","(array([0.05124186]), array([-0.06189118]))","(array([0.0498001]), array([-0.06354011]))","(array([0.04837464]), array([-0.06643908]))","(array([0.04893719]), array([-0.06775698]))","(array([0.04717328]), array([-0.0676237]))","(array([0.05123694]), array([-0.06020601]))","(array([0.04878482]), array([-0.05823291]))","(array([0.04893578]), array([-0.05692534]))"
(0.031075632929032097+0j),[0.11049385],[1.],[0.32319827],[1.],"(array([0.13407152]), array([-0.03874325]))","(array([0.05527343]), array([-0.05928895]))","(array([0.05124183]), array([-0.06189123]))","(array([0.04980008]), array([-0.06354016]))","(array([0.04837463]), array([-0.06643912]))","(array([0.04893717]), array([-0.06775701]))","(array([0.04717327]), array([-0.06762373]))","(array([0.05123693]), array([-0.06020603]))","(array([0.04878481]), array([-0.05823293]))","(array([0.04893577]), array([-0.05692536]))","(array([0.05196345]), array([-0.05591861]))"
(0.032459169204309926+0j),[0.11308607],[1.],[0.33011268],[1.],"(array([0.12875532]), array([-0.03358204]))","(array([0.05124182]), array([-0.06189127]))","(array([0.04980005]), array([-0.06354021]))","(array([0.04837461]), array([-0.06643916]))","(array([0.04893716]), array([-0.06775703]))","(array([0.04717325]), array([-0.06762375]))","(array([0.05123692]), array([-0.06020606]))","(array([0.0487848]), array([-0.05823295]))","(array([0.04893576]), array([-0.05692538]))","(array([0.05196344]), array([-0.05591862]))","(array([0.05900379]), array([-0.05078372]))"
(0.03317554751857256+0j),[0.11060736],[1.],[0.3347525],[1.],"(array([0.12581363]), array([-0.0355557]))","(array([0.04980004]), array([-0.06354025]))","(array([0.04837459]), array([-0.0664392]))","(array([0.04893714]), array([-0.06775706]))","(array([0.04717323]), array([-0.06762377]))","(array([0.0512369]), array([-0.06020608]))","(array([0.04878478]), array([-0.05823297]))","(array([0.04893575]), array([-0.0569254]))","(array([0.05196343]), array([-0.05591864]))","(array([0.05900379]), array([-0.05078374]))","(array([0.06009319]), array([-0.05141328]))"
(0.0339263132185078+0j),[0.1309907],[1.],[0.33130236],[1.],"(array([0.12542]), array([-0.03771107]))","(array([0.04837457]), array([-0.06643922]))","(array([0.04893711]), array([-0.06775708]))","(array([0.04717321]), array([-0.06762379]))","(array([0.05123688]), array([-0.0602061]))","(array([0.04878476]), array([-0.05823299]))","(array([0.04893573]), array([-0.05692542]))","(array([0.05196342]), array([-0.05591866]))","(array([0.05900378]), array([-0.05078377]))","(array([0.06009318]), array([-0.05141331]))","(array([0.06017872]), array([-0.05257421]))"
(0.03481903772958429+0j),[0.13062904],[1.],[0.33608922],[1.],"(array([0.12326244]), array([-0.03605786]))","(array([0.04893709]), array([-0.06775709]))","(array([0.04717318]), array([-0.0676238]))","(array([0.05123686]), array([-0.06020612]))","(array([0.04878474]), array([-0.05823301]))","(array([0.04893571]), array([-0.05692544]))","(array([0.0519634]), array([-0.05591868]))","(array([0.05900376]), array([-0.05078379]))","(array([0.06009317]), array([-0.05141333]))","(array([0.06017871]), array([-0.05257423]))","(array([0.06375498]), array([-0.04966413]))"
(0.03776673321589898+0j),[0.11241332],[1.],[0.35782449],[1.],"(array([0.12613392]), array([-0.03742583]))","(array([0.04717316]), array([-0.06762381]))","(array([0.05123684]), array([-0.06020613]))","(array([0.04878473]), array([-0.05823302]))","(array([0.0489357]), array([-0.05692545]))","(array([0.05196339]), array([-0.0559187]))","(array([0.05900376]), array([-0.0507838]))","(array([0.06009316]), array([-0.05141335]))","(array([0.0601787]), array([-0.05257425]))","(array([0.06375498]), array([-0.04966415]))","(array([0.06486608]), array([-0.05168879]))"
(0.04068751670584509+0j),[0.09382009],[1.],[0.37720622],[1.],"(array([0.12916475]), array([-0.04131105]))","(array([0.05123684]), array([-0.06020614]))","(array([0.04878472]), array([-0.05823304]))","(array([0.04893569]), array([-0.05692546]))","(array([0.05196339]), array([-0.05591872]))","(array([0.05900375]), array([-0.05078382]))","(array([0.06009316]), array([-0.05141336]))","(array([0.0601787]), array([-0.05257427]))","(array([0.06375498]), array([-0.04966417]))","(array([0.06486608]), array([-0.05168881]))","(array([0.06378332]), array([-0.05785042]))"
(0.04320233746957089+0j),[0.09201385],[1.],[0.38917636],[1.],"(array([0.13737227]), array([-0.03817162]))","(array([0.04878472]), array([-0.05823305]))","(array([0.04893568]), array([-0.05692548]))","(array([0.05196339]), array([-0.05591873]))","(array([0.05900375]), array([-0.05078384]))","(array([0.06009316]), array([-0.05141338]))","(array([0.06017871]), array([-0.05257428]))","(array([0.06375498]), array([-0.04966418]))","(array([0.06486608]), array([-0.05168882]))","(array([0.06378333]), array([-0.05785044]))","(array([0.06215018]), array([-0.06357822]))"
(0.04145123050008506+0j),[0.07455767],[1.],[0.38419291],[1.],"(array([0.13533517]), array([-0.03664876]))","(array([0.04893566]), array([-0.05692548]))","(array([0.05196337]), array([-0.05591874]))","(array([0.05900374]), array([-0.05078385]))","(array([0.06009315]), array([-0.05141339]))","(array([0.06017869]), array([-0.0525743]))","(array([0.06375497]), array([-0.0496642]))","(array([0.06486607]), array([-0.05168884]))","(array([0.06378332]), array([-0.05785046]))","(array([0.06215017]), array([-0.06357824]))","(array([0.06196778]), array([-0.06416277]))"
(0.03971215158809308+0j),[0.0982473],[1.],[0.36999998],[1.],"(array([0.13439259]), array([-0.03920645]))","(array([0.05196334]), array([-0.05591875]))","(array([0.05900372]), array([-0.05078386]))","(array([0.06009312]), array([-0.05141341]))","(array([0.06017867]), array([-0.05257431]))","(array([0.06375495]), array([-0.04966422]))","(array([0.06486606]), array([-0.05168886]))","(array([0.0637833]), array([-0.05785048]))","(array([0.06215016]), array([-0.06357826]))","(array([0.06196777]), array([-0.06416279]))","(array([0.05807361]), array([-0.06514838]))"
(0.03808563498012209+0j),[0.10999885],[1.],[0.35822309],[1.],"(array([0.13423374]), array([-0.03300851]))","(array([0.05900369]), array([-0.05078387]))","(array([0.06009309]), array([-0.05141342]))","(array([0.06017865]), array([-0.05257433]))","(array([0.06375493]), array([-0.04966423]))","(array([0.06486603]), array([-0.05168888]))","(array([0.06378328]), array([-0.05785049]))","(array([0.06215014]), array([-0.06357828]))","(array([0.06196775]), array([-0.06416281]))","(array([0.05807359]), array([-0.0651484]))","(array([0.06097606]), array([-0.05979317]))"
(0.037377703947838084+0j),[0.13908712],[1.],[0.34413666],[1.],"(array([0.13917499]), array([-0.02540824]))","(array([0.06009305]), array([-0.05141343]))","(array([0.0601786]), array([-0.05257435]))","(array([0.06375489]), array([-0.04966426]))","(array([0.06486599]), array([-0.05168891]))","(array([0.06378324]), array([-0.05785052]))","(array([0.0621501]), array([-0.0635783]))","(array([0.06196771]), array([-0.06416284]))","(array([0.05807356]), array([-0.06514843]))","(array([0.06097603]), array([-0.0597932]))","(array([0.06206162]), array([-0.05674262]))"
(0.03678103076946158+0j),[0.1449291],[1.],[0.33842796],[1.],"(array([0.13714404]), array([-0.01962457]))","(array([0.06017852]), array([-0.05257435]))","(array([0.06375481]), array([-0.04966428]))","(array([0.06486592]), array([-0.05168893]))","(array([0.06378317]), array([-0.05785055]))","(array([0.06215003]), array([-0.06357833]))","(array([0.06196765]), array([-0.06416286]))","(array([0.0580735]), array([-0.06514846]))","(array([0.06097597]), array([-0.05979323]))","(array([0.06206157]), array([-0.05674266]))","(array([0.0660555]), array([-0.05083376]))"
(0.03625693209759774+0j),[0.14265265],[1.],[0.33649343],[1.],"(array([0.13597401]), array([-0.01947206]))","(array([0.06375472]), array([-0.04966429]))","(array([0.06486583]), array([-0.05168895]))","(array([0.06378308]), array([-0.05785056]))","(array([0.06214994]), array([-0.06357835]))","(array([0.06196757]), array([-0.06416289]))","(array([0.05807342]), array([-0.06514848]))","(array([0.0609759]), array([-0.05979326]))","(array([0.06206151]), array([-0.0567427]))","(array([0.06605545]), array([-0.05083381]))","(array([0.06656522]), array([-0.04908976]))"
(0.03233630504398265+0j),[0.15431889],[1.],[0.30861625],[1.],"(array([0.13694286]), array([-0.01712835]))","(array([0.06486575]), array([-0.05168894]))","(array([0.06378301]), array([-0.05785056]))","(array([0.06214987]), array([-0.06357835]))","(array([0.0619675]), array([-0.06416289]))","(array([0.05807335]), array([-0.06514849]))","(array([0.06097584]), array([-0.05979328]))","(array([0.06206145]), array([-0.05674272]))","(array([0.0660554]), array([-0.05083383]))","(array([0.06656517]), array([-0.04908979]))","(array([0.06477105]), array([-0.0471149]))"
(0.028964857425224665+0j),[0.16487915],[1.],[0.28175369],[1.],"(array([0.13189475]), array([-0.01652762]))","(array([0.06378295]), array([-0.05785054]))","(array([0.06214982]), array([-0.06357834]))","(array([0.06196745]), array([-0.06416289]))","(array([0.0580733]), array([-0.06514848]))","(array([0.06097579]), array([-0.05979328]))","(array([0.0620614]), array([-0.05674272]))","(array([0.06605535]), array([-0.05083385]))","(array([0.06656513]), array([-0.04908981]))","(array([0.06477101]), array([-0.04711492]))","(array([0.06396511]), array([-0.04046822]))"
(0.02624296741037056+0j),[0.15786671],[1.],[0.26748868],[1.],"(array([0.12492787]), array([-0.0202061]))","(array([0.06214976]), array([-0.06357831]))","(array([0.06196739]), array([-0.06416287]))","(array([0.05807325]), array([-0.06514847]))","(array([0.06097574]), array([-0.05979327]))","(array([0.06206135]), array([-0.05674272]))","(array([0.0660553]), array([-0.05083386]))","(array([0.06656508]), array([-0.04908982]))","(array([0.06477096]), array([-0.04711494]))","(array([0.06396507]), array([-0.04046824]))","(array([0.06317351]), array([-0.0341309]))"
(0.02553171625358394+0j),[0.18177953],[1.],[0.24681831],[1.],"(array([0.12152771]), array([-0.0273274]))","(array([0.06196732]), array([-0.06416285]))","(array([0.05807318]), array([-0.06514845]))","(array([0.06097567]), array([-0.05979327]))","(array([0.06206129]), array([-0.05674272]))","(array([0.06605525]), array([-0.05083387]))","(array([0.06656503]), array([-0.04908984]))","(array([0.06477091]), array([-0.04711496]))","(array([0.06396502]), array([-0.04046826]))","(array([0.06317347]), array([-0.03413093]))","(array([0.0610832]), array([-0.03329743]))"
(0.02503445529112445+0j),[0.18809899],[1.],[0.23834999],[1.],"(array([0.11680403]), array([-0.0226372]))","(array([0.0580731]), array([-0.06514843]))","(array([0.0609756]), array([-0.05979325]))","(array([0.06206122]), array([-0.05674272]))","(array([0.06605518]), array([-0.05083388]))","(array([0.06656497]), array([-0.04908985]))","(array([0.06477085]), array([-0.04711497]))","(array([0.06396496]), array([-0.04046828]))","(array([0.06317342]), array([-0.03413095]))","(array([0.06108315]), array([-0.03329746]))","(array([0.06338064]), array([-0.02672725]))"
(0.024741867622350023+0j),[0.20053404],[1.],[0.2256708],[1.],"(array([0.11114073]), array([-0.02220953]))","(array([0.0609755]), array([-0.05979322]))","(array([0.06206113]), array([-0.0567427]))","(array([0.06605509]), array([-0.05083387]))","(array([0.06656488]), array([-0.04908986]))","(array([0.06477077]), array([-0.04711498]))","(array([0.06396489]), array([-0.0404683]))","(array([0.06317335]), array([-0.03413098]))","(array([0.06108308]), array([-0.03329749]))","(array([0.06338058]), array([-0.02672729]))","(array([0.06372]), array([-0.02448858]))"
(0.024471110253831453+0j),[0.1978],[1.],[0.22591771],[1.],"(array([0.11132061]), array([-0.01425182]))","(array([0.06206099]), array([-0.05674264]))","(array([0.06605496]), array([-0.05083384]))","(array([0.06656475]), array([-0.04908984]))","(array([0.06477065]), array([-0.04711498]))","(array([0.06396477]), array([-0.04046831]))","(array([0.06317324]), array([-0.034131]))","(array([0.06108297]), array([-0.03329751]))","(array([0.06338048]), array([-0.02672733]))","(array([0.0637199]), array([-0.02448862]))","(array([0.06461257]), array([-0.0208296]))"
(0.024108719773365532+0j),[0.20951156],[1.],[0.21202026],[1.],"(array([0.11243352]), array([-0.01187748]))","(array([0.06605478]), array([-0.05083377]))","(array([0.06656458]), array([-0.04908979]))","(array([0.06477048]), array([-0.04711494]))","(array([0.06396461]), array([-0.04046829]))","(array([0.06317308]), array([-0.034131]))","(array([0.06108282]), array([-0.03329752]))","(array([0.06338033]), array([-0.02672736]))","(array([0.06371976]), array([-0.02448867]))","(array([0.06461244]), array([-0.02082966]))","(array([0.06404063]), array([-0.02119151]))"
(0.02357235457992053+0j),[0.22897903],[1.],[0.18559233],[1.],"(array([0.1132755]), array([-0.00353782]))","(array([0.06656437]), array([-0.04908969]))","(array([0.06477028]), array([-0.04711486]))","(array([0.06396441]), array([-0.04046824]))","(array([0.06317288]), array([-0.03413097]))","(array([0.06108263]), array([-0.0332975]))","(array([0.06338015]), array([-0.02672737]))","(array([0.06371958]), array([-0.02448869]))","(array([0.06461227]), array([-0.02082971]))","(array([0.06404047]), array([-0.02119157]))","(array([0.06456985]), array([-0.01724662]))"
(0.021610241479160706+0j),[0.22679621],[1.],[0.16730961],[1.],"(array([0.10614293]), array([0.00244692]))","(array([0.06477009]), array([-0.04711474]))","(array([0.06396421]), array([-0.04046814]))","(array([0.06317268]), array([-0.0341309]))","(array([0.06108244]), array([-0.03329744]))","(array([0.06337995]), array([-0.02672734]))","(array([0.06371939]), array([-0.02448869]))","(array([0.06461208]), array([-0.02082972]))","(array([0.06404029]), array([-0.02119159]))","(array([0.06456968]), array([-0.01724666]))","(array([0.06442127]), array([-0.00850796]))"
(0.019905236386515097+0j),[0.21900462],[1.],[0.15814177],[1.],"(array([0.10037073]), array([0.00389754]))","(array([0.06396402]), array([-0.04046803]))","(array([0.06317249]), array([-0.03413081]))","(array([0.06108225]), array([-0.03329736]))","(array([0.06337976]), array([-0.0267273]))","(array([0.0637192]), array([-0.02448866]))","(array([0.06461189]), array([-0.02082972]))","(array([0.06404011]), array([-0.0211916]))","(array([0.0645695]), array([-0.01724669]))","(array([0.0644211]), array([-0.00850802]))","(array([0.06197822]), array([-0.00532515]))"
(0.0182107160043921+0j),[0.21767777],[1.],[0.13861209],[1.],"(array([0.09756799]), array([0.00866942]))","(array([0.06317231]), array([-0.0341307]))","(array([0.06108207]), array([-0.03329727]))","(array([0.06337958]), array([-0.02672723]))","(array([0.06371902]), array([-0.02448862]))","(array([0.06461171]), array([-0.0208297]))","(array([0.06403993]), array([-0.02119159]))","(array([0.06456933]), array([-0.0172467]))","(array([0.06442094]), array([-0.00850806]))","(array([0.06197806]), array([-0.0053252]))","(array([0.05935623]), array([-0.00453338]))"
(0.01792079160146755+0j),[0.21503358],[1.],[0.13929044],[1.],"(array([0.09464899]), array([0.01455911]))","(array([0.06108192]), array([-0.03329717]))","(array([0.06337942]), array([-0.02672716]))","(array([0.06371886]), array([-0.02448856]))","(array([0.06461155]), array([-0.02082966]))","(array([0.06403977]), array([-0.02119156]))","(array([0.06456917]), array([-0.0172467]))","(array([0.06442079]), array([-0.00850808]))","(array([0.06197791]), array([-0.00532523]))","(array([0.05935609]), array([-0.00453341]))","(array([0.05790493]), array([-0.00291489]))"
(0.01766796948786386+0j),[0.21544744],[1.],[0.13558337],[1.],"(array([0.09276061]), array([0.01478868]))","(array([0.06337927]), array([-0.02672707]))","(array([0.06371871]), array([-0.02448849]))","(array([0.0646114]), array([-0.02082961]))","(array([0.06403962]), array([-0.02119152]))","(array([0.06456903]), array([-0.01724668]))","(array([0.06442064]), array([-0.00850808]))","(array([0.06197777]), array([-0.00532524]))","(array([0.05935595]), array([-0.00453343]))","(array([0.0579048]), array([-0.00291491]))","(array([0.05748289]), array([-0.00339181]))"
(0.017225098512615045+0j),[0.2004963],[1.],[0.15180106],[1.],"(array([0.09419031]), array([0.02128682]))","(array([0.06371857]), array([-0.02448841]))","(array([0.06461126]), array([-0.02082955]))","(array([0.06403948]), array([-0.02119147]))","(array([0.06456889]), array([-0.01724664]))","(array([0.0644205]), array([-0.00850807]))","(array([0.06197764]), array([-0.00532524]))","(array([0.05935582]), array([-0.00453343]))","(array([0.05790467]), array([-0.00291492]))","(array([0.05748277]), array([-0.00339183]))","(array([0.05698676]), array([-0.00267636]))"
(0.017020557703327503+0j),[0.20248699],[1.],[0.1470732],[1.],"(array([0.09841675]), array([0.02018173]))","(array([0.06461113]), array([-0.02082947]))","(array([0.06403935]), array([-0.02119141]))","(array([0.06456876]), array([-0.0172466]))","(array([0.06442037]), array([-0.00850805]))","(array([0.06197751]), array([-0.00532522]))","(array([0.05935569]), array([-0.00453341]))","(array([0.05790455]), array([-0.00291492]))","(array([0.05748265]), array([-0.00339183]))","(array([0.05698665]), array([-0.00267638]))","(array([0.05603455]), array([-0.00771458]))"
(0.016718025007934574+0j),[0.19866891],[1.],[0.14885426],[1.],"(array([0.09825156]), array([0.02418734]))","(array([0.06403924]), array([-0.02119133]))","(array([0.06456864]), array([-0.01724654]))","(array([0.06442025]), array([-0.00850802]))","(array([0.06197738]), array([-0.00532519]))","(array([0.05935557]), array([-0.00453339]))","(array([0.05790443]), array([-0.0029149]))","(array([0.05748254]), array([-0.00339183]))","(array([0.05698654]), array([-0.00267639]))","(array([0.05603444]), array([-0.00771459]))","(array([0.05580591]), array([-0.0066252]))"
(0.016467931200623814+0j),[0.19129499],[1.],[0.15558303],[1.],"(array([0.09808797]), array([0.02299404]))","(array([0.06456852]), array([-0.01724648]))","(array([0.06442013]), array([-0.00850797]))","(array([0.06197726]), array([-0.00532516]))","(array([0.05935545]), array([-0.00453336]))","(array([0.05790432]), array([-0.00291488]))","(array([0.05748242]), array([-0.00339182]))","(array([0.05698643]), array([-0.00267639]))","(array([0.05603434]), array([-0.0077146]))","(array([0.05580581]), array([-0.00662521]))","(array([0.05529001]), array([-0.00739452]))"
(0.015295026278158142+0j),[0.17724274],[1.],[0.15814398],[1.],"(array([0.09885342]), array([0.02522081]))","(array([0.06442001]), array([-0.00850792]))","(array([0.06197714]), array([-0.00532511]))","(array([0.05935533]), array([-0.00453331]))","(array([0.0579042]), array([-0.00291485]))","(array([0.05748231]), array([-0.0033918]))","(array([0.05698632]), array([-0.00267638]))","(array([0.05603423]), array([-0.00771459]))","(array([0.0558057]), array([-0.00662522]))","(array([0.05528992]), array([-0.00739454]))","(array([0.05392019]), array([-0.00845809]))"
(0.01403108922403838+0j),[0.17150974],[1.],[0.14947387],[1.],"(array([0.09927758]), array([0.03065593]))","(array([0.06197702]), array([-0.00532505]))","(array([0.05935522]), array([-0.00453326]))","(array([0.05790408]), array([-0.00291481]))","(array([0.05748219]), array([-0.00339177]))","(array([0.05698621]), array([-0.00267636]))","(array([0.05603412]), array([-0.00771457]))","(array([0.0558056]), array([-0.00662522]))","(array([0.05528982]), array([-0.00739454]))","(array([0.0539201]), array([-0.0084581]))","(array([0.05134568]), array([-0.01060575]))"
(0.012863933035530871+0j),[0.17056414],[1.],[0.13548682],[1.],"(array([0.09499247]), array([0.03250026]))","(array([0.05935509]), array([-0.00453319]))","(array([0.05790395]), array([-0.00291475]))","(array([0.05748206]), array([-0.00339172]))","(array([0.05698608]), array([-0.00267633]))","(array([0.056034]), array([-0.00771454]))","(array([0.05580548]), array([-0.0066252]))","(array([0.0552897]), array([-0.00739454]))","(array([0.05391999]), array([-0.00845811]))","(array([0.05134558]), array([-0.01060576]))","(array([0.04926541]), array([-0.00967971]))"
(0.011819095442064142+0j),[0.16556995],[1.],[0.12710065],[1.],"(array([0.08933943]), array([0.03306515]))","(array([0.05790377]), array([-0.00291466]))","(array([0.05748189]), array([-0.00339164]))","(array([0.0569859]), array([-0.00267628]))","(array([0.05603383]), array([-0.00771449]))","(array([0.05580532]), array([-0.00662518]))","(array([0.05528954]), array([-0.00739453]))","(array([0.05391983]), array([-0.00845811]))","(array([0.05134543]), array([-0.01060576]))","(array([0.04926527]), array([-0.00967972]))","(array([0.04755329]), array([-0.00716824]))"
(0.010859658963945659+0j),[0.16030172],[1.],[0.11961702],[1.],"(array([0.08608261]), array([0.03354731]))","(array([0.05748165]), array([-0.00339153]))","(array([0.05698567]), array([-0.00267619]))","(array([0.05603361]), array([-0.00771441]))","(array([0.0558051]), array([-0.00662513]))","(array([0.05528933]), array([-0.0073945]))","(array([0.05391963]), array([-0.00845809]))","(array([0.05134523]), array([-0.01060575]))","(array([0.04926508]), array([-0.00967973]))","(array([0.04755311]), array([-0.00716827]))","(array([0.04566641]), array([-0.00617288]))"
(0.010000573055860629+0j),[0.15322077],[1.],[0.11549502],[1.],"(array([0.0840271]), array([0.03192595]))","(array([0.05698538]), array([-0.00267607]))","(array([0.05603333]), array([-0.0077143]))","(array([0.05580482]), array([-0.00662505]))","(array([0.05528906]), array([-0.00739446]))","(array([0.05391937]), array([-0.00845806]))","(array([0.05134498]), array([-0.01060573]))","(array([0.04926484]), array([-0.00967973]))","(array([0.04755289]), array([-0.0071683]))","(array([0.04566619]), array([-0.00617293]))","(array([0.04385857]), array([-0.00533062]))"
(0.010023109166397058+0j),[0.14762608],[1.],[0.12361949],[1.],"(array([0.08414753]), array([0.03106832]))","(array([0.056033]), array([-0.00771414]))","(array([0.05580449]), array([-0.00662494]))","(array([0.05528874]), array([-0.00739438]))","(array([0.05391905]), array([-0.00845801]))","(array([0.05134468]), array([-0.01060569]))","(array([0.04926455]), array([-0.00967972]))","(array([0.04755261]), array([-0.00716832]))","(array([0.04566593]), array([-0.00617297]))","(array([0.04385832]), array([-0.00533069]))","(array([0.0428046]), array([-0.0066513]))"
(0.010204677089290968+0j),[0.13365618],[1.],[0.14159068],[1.],"(array([0.08500449]), array([0.02492415]))","(array([0.0558041]), array([-0.00662479]))","(array([0.05528835]), array([-0.00739426]))","(array([0.05391868]), array([-0.00845792]))","(array([0.05134432]), array([-0.01060561]))","(array([0.04926421]), array([-0.00967968]))","(array([0.04755228]), array([-0.00716832]))","(array([0.04566561]), array([-0.00617301]))","(array([0.04385802]), array([-0.00533075]))","(array([0.04280431]), array([-0.00665139]))","(array([0.04275135]), array([-0.00877134]))"
(0.010477341155348548+0j),[0.13775657],[1.],[0.14193936],[1.],"(array([0.08873296]), array([0.02291542]))","(array([0.05528796]), array([-0.00739413]))","(array([0.0539183]), array([-0.00845781]))","(array([0.05134396]), array([-0.01060552]))","(array([0.04926385]), array([-0.00967962]))","(array([0.04755193]), array([-0.00716831]))","(array([0.04566528]), array([-0.00617303]))","(array([0.04385771]), array([-0.00533081]))","(array([0.04280402]), array([-0.00665146]))","(array([0.04275107]), array([-0.00877144]))","(array([0.04204704]), array([-0.01374756]))"
(0.009586283162123689+0j),[0.1383174],[1.],[0.12889901],[1.],"(array([0.08650258]), array([0.02306782]))","(array([0.05391796]), array([-0.0084577]))","(array([0.05134363]), array([-0.01060541]))","(array([0.04926353]), array([-0.00967954]))","(array([0.04755162]), array([-0.00716828]))","(array([0.04566498]), array([-0.00617303]))","(array([0.04385742]), array([-0.00533084]))","(array([0.04280374]), array([-0.00665152]))","(array([0.04275081]), array([-0.00877152]))","(array([0.04204679]), array([-0.01374764]))","(array([0.04198817]), array([-0.01180206]))"
(0.00882052451299769+0j),[0.13177567],[1.],[0.12438533],[1.],"(array([0.08229937]), array([0.02215532]))","(array([0.05134333]), array([-0.0106053]))","(array([0.04926324]), array([-0.00967946]))","(array([0.04755133]), array([-0.00716823]))","(array([0.0456647]), array([-0.00617301]))","(array([0.04385715]), array([-0.00533085]))","(array([0.04280348]), array([-0.00665155]))","(array([0.04275056]), array([-0.00877158]))","(array([0.04204655]), array([-0.0137477]))","(array([0.04198796]), array([-0.01180215]))","(array([0.0407024]), array([-0.00927286]))"
(0.008188903695734625+0j),[0.12769237],[1.],[0.11888315],[1.],"(array([0.07879597]), array([0.01862299]))","(array([0.04926296]), array([-0.00967936]))","(array([0.04755106]), array([-0.00716817]))","(array([0.04566443]), array([-0.00617298]))","(array([0.04385689]), array([-0.00533085]))","(array([0.04280323]), array([-0.00665157]))","(array([0.04275032]), array([-0.00877162]))","(array([0.04204632]), array([-0.01374775]))","(array([0.04198774]), array([-0.01180222]))","(array([0.0407022]), array([-0.00927295]))","(array([0.03903879]), array([-0.00916086]))"
(0.009624343004392638+0j),[0.11436294],[1.],[0.15191853],[1.],"(array([0.07897926]), array([0.01862811]))","(array([0.04755076]), array([-0.00716809]))","(array([0.04566414]), array([-0.00617293]))","(array([0.0438566]), array([-0.00533083]))","(array([0.04280296]), array([-0.00665157]))","(array([0.04275006]), array([-0.00877165]))","(array([0.04204607]), array([-0.01374778]))","(array([0.0419875]), array([-0.01180229]))","(array([0.04070198]), array([-0.00927305]))","(array([0.03903858]), array([-0.00916096]))","(array([0.03937318]), array([-0.01158167]))"
(0.011409108116048443+0j),[0.1033448],[1.],[0.18043186],[1.],"(array([0.08456245]), array([0.01814465]))","(array([0.0456638]), array([-0.00617285]))","(array([0.04385627]), array([-0.00533078]))","(array([0.04280263]), array([-0.00665156]))","(array([0.04274975]), array([-0.00877166]))","(array([0.04204577]), array([-0.0137478]))","(array([0.04198722]), array([-0.01180235]))","(array([0.04070172]), array([-0.00927314]))","(array([0.03903833]), array([-0.00916107]))","(array([0.03937294]), array([-0.01158179]))","(array([0.04042739]), array([-0.01939706]))"
(0.013482465483992246+0j),[0.10301081],[1.],[0.20196751],[1.],"(array([0.08897778]), array([0.01669107]))","(array([0.04385587]), array([-0.00533071]))","(array([0.04280225]), array([-0.00665152]))","(array([0.04274937]), array([-0.00877166]))","(array([0.04204541]), array([-0.01374781]))","(array([0.04198688]), array([-0.01180241]))","(array([0.04070139]), array([-0.00927324]))","(array([0.03903802]), array([-0.00916118]))","(array([0.03937265]), array([-0.01158192]))","(array([0.04042711]), array([-0.01939719]))","(array([0.04145782]), array([-0.02607946]))"
(0.012514419351382491+0j),[0.09284911],[1.],[0.19768924],[1.],"(array([0.08857656]), array([0.01743871]))","(array([0.04280174]), array([-0.00665143]))","(array([0.04274888]), array([-0.00877163]))","(array([0.04204494]), array([-0.01374779]))","(array([0.04198643]), array([-0.01180245]))","(array([0.04070096]), array([-0.00927333]))","(array([0.0390376]), array([-0.0091613]))","(array([0.03937226]), array([-0.01158207]))","(array([0.04042673]), array([-0.01939734]))","(array([0.04145747]), array([-0.02607962]))","(array([0.04207938]), array([-0.02734505]))"
(0.011661797239023945+0j),[0.07999898],[1.],[0.19508832],[1.],"(array([0.08660752]), array([0.01391721]))","(array([0.04274826]), array([-0.00877154]))","(array([0.04204433]), array([-0.01374772]))","(array([0.04198584]), array([-0.01180247]))","(array([0.0407004]), array([-0.00927342]))","(array([0.03903706]), array([-0.00916142]))","(array([0.03937174]), array([-0.01158222]))","(array([0.04042624]), array([-0.0193975]))","(array([0.041457]), array([-0.02607979]))","(array([0.04207895]), array([-0.02734526]))","(array([0.03971605]), array([-0.02765322]))"
(0.010894991122066789+0j),[0.07505631],[1.],[0.18954482],[1.],"(array([0.0859832]), array([0.00902495]))","(array([0.04204362]), array([-0.0137476]))","(array([0.04198514]), array([-0.01180245]))","(array([0.04069972]), array([-0.00927348]))","(array([0.03903641]), array([-0.00916152]))","(array([0.03937112]), array([-0.01158237]))","(array([0.04042564]), array([-0.01939766]))","(array([0.04145643]), array([-0.02607997]))","(array([0.04207842]), array([-0.02734548]))","(array([0.03971555]), array([-0.02765346]))","(array([0.03702993]), array([-0.02854502]))"
(0.012236017574127839+0j),[0.07934243],[1.],[0.20145665],[1.],"(array([0.08634334]), array([0.00308474]))","(array([0.04198442]), array([-0.01180239]))","(array([0.04069902]), array([-0.0092735]))","(array([0.03903573]), array([-0.00916158]))","(array([0.03937046]), array([-0.01158249]))","(array([0.040425]), array([-0.01939778]))","(array([0.04145582]), array([-0.02608012]))","(array([0.04207785]), array([-0.02734568]))","(array([0.03971502]), array([-0.02765367]))","(array([0.03702942]), array([-0.02854524]))","(array([0.03672731]), array([-0.02994924]))"
(0.013570549265802078+0j),[0.06763334],[1.],[0.21810978],[1.],"(array([0.08889775]), array([0.00592405]))","(array([0.04069831]), array([-0.00927349]))","(array([0.03903504]), array([-0.00916161]))","(array([0.03936979]), array([-0.01158257]))","(array([0.04042436]), array([-0.01939787]))","(array([0.04145522]), array([-0.02608023]))","(array([0.04207728]), array([-0.02734584]))","(array([0.03971447]), array([-0.02765385]))","(array([0.03702891]), array([-0.02854542]))","(array([0.03672683]), array([-0.02994945]))","(array([0.03880849]), array([-0.0317656]))"
(0.01496055123798612+0j),[0.07056253],[1.],[0.22941163],[1.],"(array([0.09129813]), array([0.00581557]))","(array([0.03903433]), array([-0.0091616]))","(array([0.03936911]), array([-0.01158261]))","(array([0.04042371]), array([-0.01939793]))","(array([0.04145459]), array([-0.02608032]))","(array([0.04207669]), array([-0.02734599]))","(array([0.03971391]), array([-0.02765401]))","(array([0.03702837]), array([-0.02854559]))","(array([0.03672633]), array([-0.02994964]))","(array([0.03880803]), array([-0.03176583]))","(array([0.03836774]), array([-0.03627685]))"
(0.016064475559149263+0j),[0.07468671],[1.],[0.23737389],[1.],"(array([0.09185422]), array([0.00656804]))","(array([0.03936836]), array([-0.01158263]))","(array([0.04042298]), array([-0.01939797]))","(array([0.0414539]), array([-0.02608038]))","(array([0.04207604]), array([-0.02734611]))","(array([0.03971329]), array([-0.02765415]))","(array([0.03702778]), array([-0.02854574]))","(array([0.03672577]), array([-0.02994982]))","(array([0.03880752]), array([-0.03176606]))","(array([0.03836726]), array([-0.03627709]))","(array([0.04003256]), array([-0.03787923]))"
(0.017158106117596543+0j),[0.07979059],[1.],[0.24454561],[1.],"(array([0.09392429]), array([0.00511275]))","(array([0.04042218]), array([-0.01939797]))","(array([0.04145313]), array([-0.02608041]))","(array([0.0420753]), array([-0.02734621]))","(array([0.03971259]), array([-0.02765428]))","(array([0.03702711]), array([-0.02854588]))","(array([0.03672515]), array([-0.02995]))","(array([0.03880694]), array([-0.03176629]))","(array([0.03836672]), array([-0.03627732]))","(array([0.04003207]), array([-0.03787951]))","(array([0.04173699]), array([-0.03889987]))"
(0.018265769980633707+0j),[0.08544729],[1.],[0.25124698],[1.],"(array([0.0965209]), array([-0.00139038]))","(array([0.04145223]), array([-0.02608041]))","(array([0.04207444]), array([-0.02734629]))","(array([0.03971177]), array([-0.02765439]))","(array([0.03702633]), array([-0.02854601]))","(array([0.03672441]), array([-0.02995016]))","(array([0.03880626]), array([-0.03176653]))","(array([0.03836607]), array([-0.03627757]))","(array([0.04003148]), array([-0.0378798]))","(array([0.04173646]), array([-0.03890021]))","(array([0.04364482]), array([-0.03957997]))"
(0.021712679625270067+0j),[0.08736442],[1.],[0.27562138],[1.],"(array([0.10087625]), array([-0.00666801]))","(array([0.0420734]), array([-0.02734632]))","(array([0.03971077]), array([-0.02765446]))","(array([0.03702537]), array([-0.0285461]))","(array([0.0367235]), array([-0.02995031]))","(array([0.03880541]), array([-0.03176675]))","(array([0.03836527]), array([-0.03627782]))","(array([0.04003075]), array([-0.03788011]))","(array([0.0417358]), array([-0.03890058]))","(array([0.04364422]), array([-0.03958039]))","(array([0.04652412]), array([-0.04175751]))"
(0.025265627574598472+0j),[0.08483265],[1.],[0.2997078],[1.],"(array([0.10680847]), array([-0.00748691]))","(array([0.03970953]), array([-0.02765445]))","(array([0.03702419]), array([-0.02854612]))","(array([0.03672237]), array([-0.0299504]))","(array([0.03880434]), array([-0.03176696]))","(array([0.03836427]), array([-0.03627804]))","(array([0.04002983]), array([-0.03788043]))","(array([0.04173496]), array([-0.03890097]))","(array([0.04364346]), array([-0.03958085]))","(array([0.04652343]), array([-0.04175803]))","(array([0.04956688]), array([-0.04613367]))"
(0.028991812668668175+0j),[0.0996626],[1.],[0.31779801],[1.],"(array([0.10976371]), array([-0.00835107]))","(array([0.03702276]), array([-0.02854605]))","(array([0.03672101]), array([-0.02995042]))","(array([0.03880305]), array([-0.03176712]))","(array([0.03836305]), array([-0.03627825]))","(array([0.0400287]), array([-0.03788074]))","(array([0.04173392]), array([-0.03890139]))","(array([0.04364251]), array([-0.03958136]))","(array([0.04652258]), array([-0.04175862]))","(array([0.0495661]), array([-0.04613431]))","(array([0.05174497]), array([-0.05101836]))"
(0.03036911840467109+0j),[0.08726963],[1.],[0.32902093],[1.],"(array([0.10950958]), array([-0.00596594]))","(array([0.03671946]), array([-0.02995034]))","(array([0.03880158]), array([-0.03176721]))","(array([0.03836166]), array([-0.03627838]))","(array([0.04002739]), array([-0.037881]))","(array([0.04173271]), array([-0.03890177]))","(array([0.04364141]), array([-0.03958185]))","(array([0.04652156]), array([-0.04175921]))","(array([0.04956517]), array([-0.04613496]))","(array([0.05174412]), array([-0.05101906]))","(array([0.05579901]), array([-0.05148687]))"
(0.03172925220184061+0j),[0.10675871],[1.],[0.33065047],[1.],"(array([0.11167154]), array([-0.01006405]))","(array([0.03879995]), array([-0.03176719]))","(array([0.0383601]), array([-0.03627842]))","(array([0.04002594]), array([-0.0378812]))","(array([0.04173135]), array([-0.03890211]))","(array([0.04364015]), array([-0.03958233]))","(array([0.04652041]), array([-0.04175979]))","(array([0.04956411]), array([-0.04613563]))","(array([0.05174313]), array([-0.05101977]))","(array([0.05579814]), array([-0.05148768]))","(array([0.05469875]), array([-0.05496884]))"
(0.032979545969577286+0j),[0.08880472],[1.],[0.34242963],[1.],"(array([0.11405141]), array([-0.00755367]))","(array([0.03835844]), array([-0.03627838]))","(array([0.04002437]), array([-0.03788132]))","(array([0.04172988]), array([-0.0389024]))","(array([0.04363878]), array([-0.03958276]))","(array([0.04651914]), array([-0.04176035]))","(array([0.04956294]), array([-0.04613628]))","(array([0.05174205]), array([-0.05102049]))","(array([0.05579718]), array([-0.05148849]))","(array([0.05469784]), array([-0.05496967]))","(array([0.05859603]), array([-0.0530645]))"
(0.029812256213793468+0j),[0.08830298],[1.],[0.32444837],[1.],"(array([0.11342499]), array([-0.01590404]))","(array([0.04002274]), array([-0.03788137]))","(array([0.04172835]), array([-0.03890262]))","(array([0.04363735]), array([-0.03958314]))","(array([0.04651781]), array([-0.04176087]))","(array([0.0495617]), array([-0.04613689]))","(array([0.0517409]), array([-0.05102117]))","(array([0.05579615]), array([-0.05148929]))","(array([0.05469687]), array([-0.05497048]))","(array([0.05859519]), array([-0.05306541]))","(array([0.05517871]), array([-0.05482392]))"
(0.0269240218031384+0j),[0.09469558],[1.],[0.30511543],[1.],"(array([0.1110944]), array([-0.01757279]))","(array([0.04172675]), array([-0.03890276]))","(array([0.04363585]), array([-0.03958345]))","(array([0.0465164]), array([-0.04176132]))","(array([0.04956039]), array([-0.04613746]))","(array([0.05173968]), array([-0.05102181]))","(array([0.05579505]), array([-0.05149006]))","(array([0.05469582]), array([-0.05497127]))","(array([0.05859428]), array([-0.0530663]))","(array([0.05517783]), array([-0.05482481]))","(array([0.05312438]), array([-0.05139705]))"
(0.02431817379195023+0j),[0.07509386],[1.],[0.29412362],[1.],"(array([0.1085054]), array([-0.01715833]))","(array([0.04363422]), array([-0.03958368]))","(array([0.04651487]), array([-0.04176172]))","(array([0.04955896]), array([-0.04613798]))","(array([0.05173833]), array([-0.05102242]))","(array([0.05579383]), array([-0.05149081]))","(array([0.05469466]), array([-0.05497205]))","(array([0.05859325]), array([-0.0530672]))","(array([0.05517685]), array([-0.0548257]))","(array([0.05312347]), array([-0.05139797]))","(array([0.05222146]), array([-0.04696125]))"
(0.026592643768436997+0j),[0.08626772],[1.],[0.30551102],[1.],"(array([0.1114345]), array([-0.02213092]))","(array([0.04651312]), array([-0.04176205]))","(array([0.0495573]), array([-0.04613846]))","(array([0.05173678]), array([-0.05102301]))","(array([0.0557924]), array([-0.05149157]))","(array([0.0546933]), array([-0.05497285]))","(array([0.05859203]), array([-0.05306814]))","(array([0.05517567]), array([-0.05482664]))","(array([0.05312238]), array([-0.05139894]))","(array([0.05222048]), array([-0.04696227]))","(array([0.04901571]), array([-0.04999192]))"
(0.028768368902621008+0j),[0.10545522],[1.],[0.31277277],[1.],"(array([0.11673032]), array([-0.02180286]))","(array([0.04955539]), array([-0.04613887]))","(array([0.05173497]), array([-0.05102355]))","(array([0.05579073]), array([-0.05149232]))","(array([0.0546917]), array([-0.05497365]))","(array([0.05859059]), array([-0.05306912]))","(array([0.05517428]), array([-0.05482762]))","(array([0.05312109]), array([-0.05139997]))","(array([0.0522193]), array([-0.04696336]))","(array([0.04901456]), array([-0.04999296]))","(array([0.05239497]), array([-0.05083192]))"
(0.03085880502480812+0j),[0.09428286],[1.],[0.32834839],[1.],"(array([0.12127891]), array([-0.02185701]))","(array([0.05173306]), array([-0.05102403]))","(array([0.05578895]), array([-0.05149302]))","(array([0.05468999]), array([-0.0549744]))","(array([0.05858904]), array([-0.05307007]))","(array([0.05517279]), array([-0.05482857]))","(array([0.05311968]), array([-0.05140098]))","(array([0.05221802]), array([-0.04696444]))","(array([0.04901332]), array([-0.04999399]))","(array([0.05239388]), array([-0.05083302]))","(array([0.05689175]), array([-0.04997504]))"
(0.03378368764216156+0j),[0.09701183],[1.],[0.34360926],[1.],"(array([0.12737986]), array([-0.0290836]))","(array([0.05578723]), array([-0.05149359]))","(array([0.05468835]), array([-0.05497503]))","(array([0.05858753]), array([-0.05307089]))","(array([0.05517133]), array([-0.0548294]))","(array([0.05311832]), array([-0.05140187]))","(array([0.05221676]), array([-0.0469654]))","(array([0.0490121]), array([-0.04999491]))","(array([0.0523928]), array([-0.05083402]))","(array([0.05689084]), array([-0.04997612]))","(array([0.05682559]), array([-0.05454325]))"
(0.03651439765147504+0j),[0.1149281],[1.],[0.35240841],[1.],"(array([0.13466843]), array([-0.02894725]))","(array([0.05468676]), array([-0.05497556]))","(array([0.05858606]), array([-0.05307161]))","(array([0.05516991]), array([-0.05483013]))","(array([0.05311697]), array([-0.05140266]))","(array([0.05221552]), array([-0.04696626]))","(array([0.04901089]), array([-0.04999574]))","(array([0.05239172]), array([-0.05083492]))","(array([0.05688992]), array([-0.04997712]))","(array([0.05682473]), array([-0.05454423]))","(array([0.05896754]), array([-0.05704116]))"
(0.03930670386792064+0j),[0.13234755],[1.],[0.36039115],[1.],"(array([0.13550478]), array([-0.02841347]))","(array([0.0585845]), array([-0.05307226]))","(array([0.0551684]), array([-0.0548308]))","(array([0.05311555]), array([-0.05140339]))","(array([0.05221419]), array([-0.04696708]))","(array([0.04900961]), array([-0.04999652]))","(array([0.05239057]), array([-0.0508358]))","(array([0.05688892]), array([-0.04997809]))","(array([0.0568238]), array([-0.0545452]))","(array([0.05896671]), array([-0.05704215]))","(array([0.06341368]), array([-0.05671065]))"
(0.03661953668887481+0j),[0.15147005],[1.],[0.33796667],[1.],"(array([0.13801051]), array([-0.02272805]))","(array([0.05516679]), array([-0.05483136]))","(array([0.05311401]), array([-0.05140403]))","(array([0.05221275]), array([-0.04696782]))","(array([0.04900822]), array([-0.04999723]))","(array([0.05238931]), array([-0.05083661]))","(array([0.05688781]), array([-0.04997902]))","(array([0.05682276]), array([-0.05454613]))","(array([0.05896577]), array([-0.05704311]))","(array([0.06341289]), array([-0.05671167]))","(array([0.06599317]), array([-0.053614]))"
(0.03444463921061662+0j),[0.13270252],[1.],[0.33353701],[1.],"(array([0.12974588]), array([-0.02023654]))","(array([0.05311242]), array([-0.05140454]))","(array([0.05221125]), array([-0.04696843]))","(array([0.04900677]), array([-0.04999781]))","(array([0.05238798]), array([-0.05083732]))","(array([0.05688663]), array([-0.04997986]))","(array([0.05682164]), array([-0.05454697]))","(array([0.05896477]), array([-0.05704399]))","(array([0.06341203]), array([-0.05671262]))","(array([0.06599244]), array([-0.05361501]))","(array([0.06725074]), array([-0.0472912]))"
(0.03238191037614763+0j),[0.1338194],[1.],[0.32111589],[1.],"(array([0.1267697]), array([-0.02101801]))","(array([0.05220964]), array([-0.04696896]))","(array([0.04900521]), array([-0.04999832]))","(array([0.05238655]), array([-0.05083796]))","(array([0.05688534]), array([-0.04998065]))","(array([0.05682043]), array([-0.05454778]))","(array([0.05896366]), array([-0.05704485]))","(array([0.06341107]), array([-0.05671356]))","(array([0.06599162]), array([-0.053616]))","(array([0.06725006]), array([-0.04729224]))","(array([0.06314534]), array([-0.04859707]))"
(0.0302060149687433+0j),[0.15264079],[1.],[0.29917719],[1.],"(array([0.12298163]), array([-0.01644224]))","(array([0.04900354]), array([-0.04999876]))","(array([0.052385]), array([-0.05083855]))","(array([0.05688393]), array([-0.04998141]))","(array([0.05681911]), array([-0.05454855]))","(array([0.05896245]), array([-0.05704569]))","(array([0.06341]), array([-0.05671449]))","(array([0.0659907]), array([-0.05361702]))","(array([0.06724929]), array([-0.04729331]))","(array([0.06314461]), array([-0.0485981]))","(array([0.06182418]), array([-0.04602826]))"
(0.028482302192129695+0j),[0.1368854],[1.],[0.29587922],[1.],"(array([0.11502921]), array([-0.01525506]))","(array([0.05238335]), array([-0.05083906]))","(array([0.05688243]), array([-0.04998211]))","(array([0.05681769]), array([-0.05454928]))","(array([0.05896114]), array([-0.05704649]))","(array([0.06340885]), array([-0.0567154]))","(array([0.06598969]), array([-0.05361801]))","(array([0.06724844]), array([-0.04729437]))","(array([0.06314379]), array([-0.04859913]))","(array([0.06182345]), array([-0.0460293]))","(array([0.06310294]), array([-0.03980942]))"
(0.026737510263639967+0j),[0.12508933],[1.],[0.28996926],[1.],"(array([0.1176036]), array([-0.01953283]))","(array([0.05688069]), array([-0.04998278]))","(array([0.05681605]), array([-0.05454999]))","(array([0.05895962]), array([-0.05704729]))","(array([0.0634075]), array([-0.05671635]))","(array([0.06598849]), array([-0.05361906]))","(array([0.06724741]), array([-0.04729551]))","(array([0.0631428]), array([-0.04860023]))","(array([0.06182257]), array([-0.04603043]))","(array([0.06310223]), array([-0.03981061]))","(array([0.05972343]), array([-0.04083068]))"
(0.02382324920623582+0j),[0.12790666],[1.],[0.26913364],[1.],"(array([0.11982373]), array([-0.02128406]))","(array([0.05681411]), array([-0.05455067]))","(array([0.05895782]), array([-0.05704809]))","(array([0.06340589]), array([-0.05671732]))","(array([0.06598705]), array([-0.05362017]))","(array([0.06724616]), array([-0.04729673]))","(array([0.0631416]), array([-0.04860142]))","(array([0.06182149]), array([-0.04603165]))","(array([0.06310133]), array([-0.03981193]))","(array([0.05972258]), array([-0.04083196]))","(array([0.05632689]), array([-0.04016237]))"
(0.021355606566308697+0j),[0.13195298],[1.],[0.24925707],[1.],"(array([0.11517468]), array([-0.02511173]))","(array([0.05895572]), array([-0.05704887]))","(array([0.06340399]), array([-0.0567183]))","(array([0.06598534]), array([-0.05362133]))","(array([0.06724465]), array([-0.04729803]))","(array([0.06314016]), array([-0.04860268]))","(array([0.06182018]), array([-0.04603296]))","(array([0.06310022]), array([-0.03981335]))","(array([0.05972151]), array([-0.04083336]))","(array([0.0563259]), array([-0.04016373]))","(array([0.05467681]), array([-0.0358239]))"
(0.019207010656273386+0j),[0.12295006],[1.],[0.23745282],[1.],"(array([0.11289266]), array([-0.02664957]))","(array([0.06340205]), array([-0.05671917]))","(array([0.06598357]), array([-0.05362237]))","(array([0.06724308]), array([-0.04729924]))","(array([0.06313865]), array([-0.04860384]))","(array([0.0618188]), array([-0.04603418]))","(array([0.06309904]), array([-0.03981471]))","(array([0.05972038]), array([-0.04083469]))","(array([0.05632483]), array([-0.04016503]))","(array([0.05467587]), array([-0.03582522]))","(array([0.05329663]), array([-0.03151265]))"
(0.0221032827037122+0j),[0.11753635],[1.],[0.26267888],[1.],"(array([0.11916638]), array([-0.02830337]))","(array([0.06598185]), array([-0.0536233]))","(array([0.06724154]), array([-0.04730032]))","(array([0.06313717]), array([-0.0486049]))","(array([0.06181744]), array([-0.0460353]))","(array([0.06309787]), array([-0.03981596]))","(array([0.05971925]), array([-0.04083591]))","(array([0.05632377]), array([-0.04016623]))","(array([0.05467493]), array([-0.03582644]))","(array([0.0532958]), array([-0.03151389]))","(array([0.05249254]), array([-0.03408668]))"
(0.02494893565559112+0j),[0.12117938],[1.],[0.28127249],[1.],"(array([0.12720508]), array([-0.02648211]))","(array([0.06724004]), array([-0.04730127]))","(array([0.06313573]), array([-0.04860583]))","(array([0.06181611]), array([-0.04603629]))","(array([0.06309671]), array([-0.03981708]))","(array([0.05971814]), array([-0.04083702]))","(array([0.05632271]), array([-0.04016732]))","(array([0.05467398]), array([-0.03582756]))","(array([0.05329497]), array([-0.03151502]))","(array([0.05249175]), array([-0.03408779]))","(array([0.05411809]), array([-0.03945132]))"
(0.027689156966672512+0j),[0.1262338],[1.],[0.29716011],[1.],"(array([0.13249861]), array([-0.01952448]))","(array([0.06313426]), array([-0.04860666]))","(array([0.06181476]), array([-0.0460372]))","(array([0.06309551]), array([-0.03981814]))","(array([0.05971698]), array([-0.04083806]))","(array([0.05632162]), array([-0.04016835]))","(array([0.054673]), array([-0.03582861]))","(array([0.05329409]), array([-0.0315161]))","(array([0.05249092]), array([-0.03408884]))","(array([0.05411734]), array([-0.03945236]))","(array([0.05668619]), array([-0.04262808]))"
(0.027397934128059014+0j),[0.15296613],[1.],[0.28235018],[1.],"(array([0.12972298]), array([-0.01969447]))","(array([0.06181342]), array([-0.04603796]))","(array([0.06309432]), array([-0.03981904]))","(array([0.05971583]), array([-0.04083896]))","(array([0.05632053]), array([-0.04016924]))","(array([0.05467201]), array([-0.03582954]))","(array([0.0532932]), array([-0.03151706]))","(array([0.05249008]), array([-0.03408977]))","(array([0.05411657]), array([-0.03945329]))","(array([0.05668553]), array([-0.04262903]))","(array([0.05833435]), array([-0.04321232]))"
(0.027196510129118695+0j),[0.16620865],[1.],[0.27327843],[1.],"(array([0.12517963]), array([-0.01131235]))","(array([0.06309312]), array([-0.03981983]))","(array([0.05971467]), array([-0.04083974]))","(array([0.05631943]), array([-0.04017002]))","(array([0.05467101]), array([-0.03583036]))","(array([0.05329228]), array([-0.03151791]))","(array([0.05248921]), array([-0.03409061]))","(array([0.05411578]), array([-0.03945413]))","(array([0.05668484]), array([-0.04262989]))","(array([0.05833376]), array([-0.0432132]))","(array([0.06175758]), array([-0.03751477]))"
(0.02687176047759607+0j),[0.16920747],[1.],[0.26907223],[1.],"(array([0.1244368]), array([-0.00233508]))","(array([0.05971356]), array([-0.0408404]))","(array([0.05631837]), array([-0.04017068]))","(array([0.05467003]), array([-0.03583107]))","(array([0.05329139]), array([-0.03151866]))","(array([0.05248836]), array([-0.03409135]))","(array([0.054115]), array([-0.03945488]))","(array([0.05668416]), array([-0.04263066]))","(array([0.05833318]), array([-0.04321399]))","(array([0.06175715]), array([-0.0375156]))","(array([0.06313574]), array([-0.03438348]))"
(0.026924313339498795+0j),[0.16919402],[1.],[0.2693168],[1.],"(array([0.12039662]), array([-0.00267269]))","(array([0.05631745]), array([-0.04017118]))","(array([0.05466917]), array([-0.03583162]))","(array([0.0532906]), array([-0.03151924]))","(array([0.05248761]), array([-0.03409192]))","(array([0.05411431]), array([-0.03945546]))","(array([0.05668356]), array([-0.04263127]))","(array([0.05833266]), array([-0.04321462]))","(array([0.06175675]), array([-0.03751629]))","(array([0.06313544]), array([-0.03438418]))","(array([0.06339665]), array([-0.03346981]))"
(0.027067353757881163+0j),[0.17796665],[1.],[0.26446073],[1.],"(array([0.11713629]), array([-0.00202473]))","(array([0.05466843]), array([-0.03583202]))","(array([0.0532899]), array([-0.03151968]))","(array([0.05248696]), array([-0.03409236]))","(array([0.05411371]), array([-0.03945592]))","(array([0.05668302]), array([-0.04263176]))","(array([0.05833219]), array([-0.04321513]))","(array([0.06175639]), array([-0.03751684]))","(array([0.06313516]), array([-0.03438476]))","(array([0.06339643]), array([-0.03347039]))","(array([0.06344594]), array([-0.03359794]))"
(0.02716315294993747+0j),[0.20606264],[1.],[0.24376584],[1.],"(array([0.11446051]), array([0.00413582]))","(array([0.05328925]), array([-0.03152003]))","(array([0.05248634]), array([-0.03409271]))","(array([0.05411313]), array([-0.03945629]))","(array([0.05668251]), array([-0.04263216]))","(array([0.05833174]), array([-0.04321556]))","(array([0.06175603]), array([-0.03751732]))","(array([0.06313487]), array([-0.03438526]))","(array([0.06339621]), array([-0.0334709]))","(array([0.06344575]), array([-0.03359846]))","(array([0.06450982]), array([-0.03179799]))"
(0.027412804993413455+0j),[0.19901813],[1.],[0.251209],[1.],"(array([0.10879215]), array([0.01451956]))","(array([0.05248575]), array([-0.03409296]))","(array([0.0541126]), array([-0.03945656]))","(array([0.05668203]), array([-0.04263247]))","(array([0.05833131]), array([-0.0432159]))","(array([0.06175568]), array([-0.03751771]))","(array([0.06313458]), array([-0.03438567]))","(array([0.06339596]), array([-0.03347133]))","(array([0.06344555]), array([-0.0335989]))","(array([0.06450968]), array([-0.03179844]))","(array([0.06762342]), array([-0.02504754]))"
(0.027759232566884427+0j),[0.18670743],[1.],[0.26277451],[1.],"(array([0.10964243]), array([0.01046046]))","(array([0.05411209]), array([-0.03945675]))","(array([0.05668157]), array([-0.0426327]))","(array([0.0583309]), array([-0.04321616]))","(array([0.06175533]), array([-0.03751802]))","(array([0.06313429]), array([-0.03438602]))","(array([0.06339571]), array([-0.03347169]))","(array([0.06344534]), array([-0.03359927]))","(array([0.06450951]), array([-0.03179883]))","(array([0.06762333]), array([-0.02504795]))","(array([0.06716315]), array([-0.02722281]))"
(0.028189319878604194+0j),[0.17184508],[1.],[0.27549298],[1.],"(array([0.11376836]), array([0.00252183]))","(array([0.05668111]), array([-0.04263287]))","(array([0.05833048]), array([-0.04321637]))","(array([0.06175497]), array([-0.03751829]))","(array([0.06313398]), array([-0.03438632]))","(array([0.06339544]), array([-0.03347201]))","(array([0.06344511]), array([-0.0335996]))","(array([0.06450932]), array([-0.03179918]))","(array([0.06762322]), array([-0.02504833]))","(array([0.06716306]), array([-0.0272232]))","(array([0.06618302]), array([-0.03067494]))"
(0.02619077102388105+0j),[0.17273366],[1.],[0.26072099],[1.],"(array([0.11716894]), array([-0.00384149]))","(array([0.05833006]), array([-0.04321652]))","(array([0.0617546]), array([-0.03751851]))","(array([0.06313365]), array([-0.03438657]))","(array([0.06339515]), array([-0.03347229]))","(array([0.06344485]), array([-0.0335999]))","(array([0.06450911]), array([-0.0317995]))","(array([0.06762308]), array([-0.02504868]))","(array([0.06716294]), array([-0.02722356]))","(array([0.06618291]), array([-0.0306753]))","(array([0.06383857]), array([-0.03298866]))"
(0.02435896015347443+0j),[0.16100374],[1.],[0.25483176],[1.],"(array([0.11553063]), array([-0.00420943]))","(array([0.06175422]), array([-0.03751867]))","(array([0.06313331]), array([-0.03438678]))","(array([0.06339485]), array([-0.03347252]))","(array([0.06344458]), array([-0.03360016]))","(array([0.06450888]), array([-0.03179978]))","(array([0.06762291]), array([-0.025049]))","(array([0.0671628]), array([-0.02722389]))","(array([0.06618278]), array([-0.03067564]))","(array([0.06383844]), array([-0.03298899]))","(array([0.06238171]), array([-0.03003392]))"
(0.02244538972768781+0j),[0.14081617],[1.],[0.25265883],[1.],"(array([0.11758038]), array([-0.00122532]))","(array([0.06313301]), array([-0.03438691]))","(array([0.06339458]), array([-0.03347268]))","(array([0.06344433]), array([-0.03360034]))","(array([0.06450866]), array([-0.03179999]))","(array([0.06762274]), array([-0.02504924]))","(array([0.06716265]), array([-0.02722414]))","(array([0.06618265]), array([-0.03067589]))","(array([0.06383831]), array([-0.03298925]))","(array([0.0623816]), array([-0.03003418]))","(array([0.05934428]), array([-0.03020043]))"
(0.020368161352533203+0j),[0.13323351],[1.],[0.24113508],[1.],"(array([0.11829391]), array([-0.00260474]))","(array([0.06339435]), array([-0.03347278]))","(array([0.06344412]), array([-0.03360046]))","(array([0.06450847]), array([-0.03180013]))","(array([0.06762258]), array([-0.02504942]))","(array([0.06716251]), array([-0.02722434]))","(array([0.06618251]), array([-0.03067609]))","(array([0.06383819]), array([-0.03298946]))","(array([0.0623815]), array([-0.03003439]))","(array([0.05934418]), array([-0.03020063]))","(array([0.0551048]), array([-0.03187984]))"
(0.018460555105533034+0j),[0.12612876],[1.],[0.22996187],[1.],"(array([0.11601686]), array([-0.00337595]))","(array([0.06344391]), array([-0.03360054]))","(array([0.06450828]), array([-0.03180024]))","(array([0.06762243]), array([-0.02504957]))","(array([0.06716237]), array([-0.02722449]))","(array([0.06618238]), array([-0.03067626]))","(array([0.06383806]), array([-0.03298962]))","(array([0.06238138]), array([-0.03003456]))","(array([0.05934407]), array([-0.0302008]))","(array([0.05510469]), array([-0.03188]))","(array([0.05237603]), array([-0.03052418]))"
(0.016730827509861424+0j),[0.13598243],[1.],[0.20946802],[1.],"(array([0.11360985]), array([-0.00505873]))","(array([0.0645081]), array([-0.03180032]))","(array([0.06762227]), array([-0.02504968]))","(array([0.06716222]), array([-0.02722462]))","(array([0.06618224]), array([-0.03067639]))","(array([0.06383793]), array([-0.03298976]))","(array([0.06238126]), array([-0.0300347]))","(array([0.05934396]), array([-0.03020094]))","(array([0.05510458]), array([-0.03188014]))","(array([0.05237593]), array([-0.03052432]))","(array([0.04980104]), array([-0.02917422]))"
(0.015767759945090516+0j),[0.14961945],[1.],[0.19104787],[1.],"(array([0.11077761]), array([-0.00113259]))","(array([0.0676221]), array([-0.02504976]))","(array([0.06716206]), array([-0.02722472]))","(array([0.06618209]), array([-0.0306765]))","(array([0.06383778]), array([-0.03298987]))","(array([0.06238113]), array([-0.03003482]))","(array([0.05934383]), array([-0.03020106]))","(array([0.05510445]), array([-0.03188025]))","(array([0.05237581]), array([-0.03052444]))","(array([0.04980093]), array([-0.02917434]))","(array([0.04969392]), array([-0.02473685]))"
(0.014750485419945943+0j),[0.14414943],[1.],[0.18548682],[1.],"(array([0.10976849]), array([0.00845332]))","(array([0.06716188]), array([-0.0272248]))","(array([0.06618192]), array([-0.03067659]))","(array([0.06383762]), array([-0.03298996]))","(array([0.06238097]), array([-0.03003493]))","(array([0.05934368]), array([-0.03020117]))","(array([0.05510431]), array([-0.03188035]))","(array([0.05237568]), array([-0.03052454]))","(array([0.04980081]), array([-0.02917444]))","(array([0.04969382]), array([-0.02473696]))","(array([0.05008786]), array([-0.01974843]))"
(0.013861870664842268+0j),[0.13943753],[1.],[0.1803133],[1.],"(array([0.10809878]), array([0.00513121]))","(array([0.06618174]), array([-0.03067666]))","(array([0.06383744]), array([-0.03299004]))","(array([0.06238081]), array([-0.03003501]))","(array([0.05934352]), array([-0.03020125]))","(array([0.05510415]), array([-0.03188043]))","(array([0.05237553]), array([-0.03052462]))","(array([0.04980067]), array([-0.02917453]))","(array([0.0496937]), array([-0.02473706]))","(array([0.05008776]), array([-0.01974854]))","(array([0.04848972]), array([-0.01927453]))"
(0.012724462591760716+0j),[0.14703951],[1.],[0.16156561],[1.],"(array([0.10549721]), array([0.00073061]))","(array([0.06383725]), array([-0.03299007]))","(array([0.06238062]), array([-0.03003506]))","(array([0.05934335]), array([-0.03020131]))","(array([0.05510398]), array([-0.03188048]))","(array([0.05237537]), array([-0.03052468]))","(array([0.04980052]), array([-0.02917459]))","(array([0.04969356]), array([-0.02473714]))","(array([0.05008764]), array([-0.01974863]))","(array([0.04848961]), array([-0.01927462]))","(array([0.04685735]), array([-0.01834472]))"
(0.011838124634735103+0j),[0.1472889],[1.],[0.15071991],[1.],"(array([0.09908878]), array([0.00014724]))","(array([0.06238044]), array([-0.03003508]))","(array([0.05934316]), array([-0.03020133]))","(array([0.05510381]), array([-0.03188051]))","(array([0.0523752]), array([-0.03052471]))","(array([0.04980036]), array([-0.02917462]))","(array([0.04969341]), array([-0.02473719]))","(array([0.05008752]), array([-0.0197487]))","(array([0.04848949]), array([-0.01927469]))","(array([0.04685724]), array([-0.01834479]))","(array([0.04632362]), array([-0.01396023]))"
(0.011027871448082345+0j),[0.14448804],[1.],[0.14316861],[1.],"(array([0.09528402]), array([0.00308443]))","(array([0.05934298]), array([-0.03020133]))","(array([0.05510363]), array([-0.0318805]))","(array([0.05237504]), array([-0.03052471]))","(array([0.0498002]), array([-0.02917463]))","(array([0.04969326]), array([-0.02473722]))","(array([0.05008738]), array([-0.01974875]))","(array([0.04848937]), array([-0.01927475]))","(array([0.04685713]), array([-0.01834485]))","(array([0.04632351]), array([-0.0139603]))","(array([0.04513421]), array([-0.01193575]))"
(0.01112702294462935+0j),[0.1494225],[1.],[0.13977465],[1.],"(array([0.09188857]), array([0.00230601]))","(array([0.05510347]), array([-0.03188047]))","(array([0.05237488]), array([-0.03052469]))","(array([0.04980005]), array([-0.02917462]))","(array([0.04969312]), array([-0.02473722]))","(array([0.05008724]), array([-0.01974877]))","(array([0.04848924]), array([-0.01927478]))","(array([0.04685701]), array([-0.01834489]))","(array([0.04632341]), array([-0.01396035]))","(array([0.04513411]), array([-0.01193581]))","(array([0.04442504]), array([-0.0119318]))"
(0.011321135513124575+0j),[0.14339883],[1.],[0.14869438],[1.],"(array([0.0870063]), array([0.00175169]))","(array([0.05237473]), array([-0.03052465]))","(array([0.0497999]), array([-0.02917458]))","(array([0.04969298]), array([-0.02473721]))","(array([0.05008711]), array([-0.01974878]))","(array([0.04848911]), array([-0.01927479]))","(array([0.04685689]), array([-0.01834491]))","(array([0.0463233]), array([-0.01396039]))","(array([0.04513401]), array([-0.01193585]))","(array([0.04442494]), array([-0.01193185]))","(array([0.04507776]), array([-0.01081274]))"
(0.011545004665506951+0j),[0.14760633],[1.],[0.14766055],[1.],"(array([0.08630538]), array([0.00174803]))","(array([0.04979977]), array([-0.02917453]))","(array([0.04969285]), array([-0.02473717]))","(array([0.05008698]), array([-0.01974876]))","(array([0.04848899]), array([-0.01927479]))","(array([0.04685677]), array([-0.01834491]))","(array([0.04632319]), array([-0.0139604]))","(array([0.04513391]), array([-0.01193587]))","(array([0.04442485]), array([-0.01193188]))","(array([0.04507767]), array([-0.01081278]))","(array([0.0449143]), array([-0.01324862]))"
(0.010820064000822697+0j),[0.1589911],[1.],[0.12452866],[1.],"(array([0.08211293]), array([0.00398968]))","(array([0.04969273]), array([-0.02473712]))","(array([0.05008687]), array([-0.01974873]))","(array([0.04848888]), array([-0.01927476]))","(array([0.04685667]), array([-0.0183449]))","(array([0.04632309]), array([-0.0139604]))","(array([0.04513381]), array([-0.01193588]))","(array([0.04442475]), array([-0.01193189]))","(array([0.04507758]), array([-0.01081281]))","(array([0.04491421]), array([-0.01324865]))","(array([0.04487762]), array([-0.01140204]))"
(0.010141040416071721+0j),[0.14915958],[1.],[0.12612203],[1.],"(array([0.07692334]), array([0.01082265]))","(array([0.05008676]), array([-0.01974868]))","(array([0.04848878]), array([-0.01927473]))","(array([0.04685656]), array([-0.01834487]))","(array([0.04632299]), array([-0.01396039]))","(array([0.04513371]), array([-0.01193588]))","(array([0.04442466]), array([-0.0119319]))","(array([0.04507749]), array([-0.01081282]))","(array([0.04491413]), array([-0.01324867]))","(array([0.04487754]), array([-0.01140207]))","(array([0.04441096]), array([-0.00580264]))"
(0.00940639882598609+0j),[0.14869126],[1.],[0.1150408],[1.],"(array([0.07765973]), array([0.01352769]))","(array([0.04848868]), array([-0.01927468]))","(array([0.04685647]), array([-0.01834484]))","(array([0.04632289]), array([-0.01396036]))","(array([0.04513362]), array([-0.01193586]))","(array([0.04442457]), array([-0.01193189]))","(array([0.04507741]), array([-0.01081283]))","(array([0.04491405]), array([-0.01324868]))","(array([0.04487746]), array([-0.01140209]))","(array([0.04441089]), array([-0.00580268]))","(array([0.04260468]), array([-0.00724082]))"
(0.009026182532134209+0j),[0.14467715],[1.],[0.11395253],[1.],"(array([0.07419373]), array([0.01388819]))","(array([0.04685637]), array([-0.01834479]))","(array([0.04632279]), array([-0.01396034]))","(array([0.04513353]), array([-0.01193584]))","(array([0.04442448]), array([-0.01193188]))","(array([0.04507732]), array([-0.01081283]))","(array([0.04491396]), array([-0.01324868]))","(array([0.04487738]), array([-0.0114021]))","(array([0.04441081]), array([-0.0058027]))","(array([0.0426046]), array([-0.00724085]))","(array([0.04157242]), array([-0.0056799]))"
(0.00867744385914163+0j),[0.14784493],[1.],[0.10371365],[1.],"(array([0.07236361]), array([0.01391286]))","(array([0.0463227]), array([-0.0139603]))","(array([0.04513343]), array([-0.01193582]))","(array([0.04442439]), array([-0.01193186]))","(array([0.04507723]), array([-0.01081283]))","(array([0.04491387]), array([-0.01324868]))","(array([0.0448773]), array([-0.01140211]))","(array([0.04441073]), array([-0.00580273]))","(array([0.04260452]), array([-0.00724088]))","(array([0.04157235]), array([-0.00567994]))","(array([0.04068957]), array([-0.0059612]))"
(0.008283475511343463+0j),[0.14804734],[1.],[0.09601205],[1.],"(array([0.0695935]), array([0.01888602]))","(array([0.04513333]), array([-0.01193578]))","(array([0.04442429]), array([-0.01193183]))","(array([0.04507713]), array([-0.01081281]))","(array([0.04491378]), array([-0.01324867]))","(array([0.04487721]), array([-0.01140211]))","(array([0.04441064]), array([-0.00580274]))","(array([0.04260444]), array([-0.00724089]))","(array([0.04157227]), array([-0.00567996]))","(array([0.04068949]), array([-0.00596123]))","(array([0.04008116]), array([-0.00373005]))"
(0.009472211398251293+0j),[0.13895028],[1.],[0.1286828],[1.],"(array([0.06992771]), array([0.02090445]))","(array([0.0444242]), array([-0.0119318]))","(array([0.04507704]), array([-0.01081279]))","(array([0.04491369]), array([-0.01324865]))","(array([0.04487712]), array([-0.0114021]))","(array([0.04441056]), array([-0.00580275]))","(array([0.04260436]), array([-0.0072409]))","(array([0.04157219]), array([-0.00567997]))","(array([0.04068942]), array([-0.00596125]))","(array([0.04008109]), array([-0.00373008]))","(array([0.04083767]), array([-0.00505254]))"
(0.011059882503135573+0j),[0.13390875],[1.],[0.15558135],[1.],"(array([0.07641044]), array([0.01890562]))","(array([0.04507696]), array([-0.01081276]))","(array([0.04491361]), array([-0.01324863]))","(array([0.04487704]), array([-0.01140209]))","(array([0.04441047]), array([-0.00580275]))","(array([0.04260428]), array([-0.0072409]))","(array([0.04157211]), array([-0.00567998]))","(array([0.04068934]), array([-0.00596126]))","(array([0.04008102]), array([-0.0037301]))","(array([0.0408376]), array([-0.00505257]))","(array([0.04269911]), array([-0.01228228]))"
(0.0128818529932213+0j),[0.12299731],[1.],[0.18483207],[1.],"(array([0.08294975]), array([0.01888667]))","(array([0.04491352]), array([-0.0132486]))","(array([0.04487695]), array([-0.01140207]))","(array([0.04441039]), array([-0.00580274]))","(array([0.04260419]), array([-0.0072409]))","(array([0.04157203]), array([-0.00567999]))","(array([0.04068927]), array([-0.00596127]))","(array([0.04008095]), array([-0.00373012]))","(array([0.04083753]), array([-0.0050526]))","(array([0.04269905]), array([-0.01228231]))","(array([0.04465687]), array([-0.01794918]))"
(0.011525762983898475+0j),[0.12760399],[1.],[0.16659905],[1.],"(array([0.08518738]), array([0.01411037]))","(array([0.04487685]), array([-0.01140204]))","(array([0.04441029]), array([-0.00580273]))","(array([0.04260409]), array([-0.00724089]))","(array([0.04157193]), array([-0.00567999]))","(array([0.04068917]), array([-0.00596128]))","(array([0.04008086]), array([-0.00373014]))","(array([0.04083745]), array([-0.00505263]))","(array([0.04269897]), array([-0.01228235]))","(array([0.0446568]), array([-0.01794922]))","(array([0.04383051]), array([-0.02119881]))"
(0.010311432503365517+0j),[0.11785347],[1.],[0.15952633],[1.],"(array([0.08114228]), array([0.01692645]))","(array([0.04441016]), array([-0.00580272]))","(array([0.04260397]), array([-0.00724087]))","(array([0.04157181]), array([-0.00567998]))","(array([0.04068906]), array([-0.00596128]))","(array([0.04008075]), array([-0.00373016]))","(array([0.04083735]), array([-0.00505266]))","(array([0.04269887]), array([-0.01228238]))","(array([0.0446567]), array([-0.01794926]))","(array([0.04383042]), array([-0.02119885]))","(array([0.04266594]), array([-0.01724267]))"
(0.009145988131782204+0j),[0.11265588],[1.],[0.14886177],[1.],"(array([0.07913291]), array([0.02024571]))","(array([0.04260384]), array([-0.00724084]))","(array([0.04157168]), array([-0.00567997]))","(array([0.04068893]), array([-0.00596128]))","(array([0.04008062]), array([-0.00373017]))","(array([0.04083723]), array([-0.00505269]))","(array([0.04269875]), array([-0.01228241]))","(array([0.04465659]), array([-0.01794929]))","(array([0.04383031]), array([-0.02119889]))","(array([0.04266584]), array([-0.01724271]))","(array([0.03992001]), array([-0.01704671]))"
(0.009168468330487308+0j),[0.1145313],[1.],[0.14797684],[1.],"(array([0.07656928]), array([0.01770069]))","(array([0.04157155]), array([-0.00567994]))","(array([0.0406888]), array([-0.00596126]))","(array([0.0400805]), array([-0.00373017]))","(array([0.04083711]), array([-0.0050527]))","(array([0.04269864]), array([-0.01228243]))","(array([0.04465649]), array([-0.01794932]))","(array([0.04383021]), array([-0.02119892]))","(array([0.04266575]), array([-0.01724275]))","(array([0.03991992]), array([-0.01704675]))","(array([0.03858275]), array([-0.01694431]))"
(0.009184312450427936+0j),[0.10693621],[1.],[0.15397864],[1.],"(array([0.07536852]), array([0.01963586]))","(array([0.04068867]), array([-0.00596123]))","(array([0.04008037]), array([-0.00373016]))","(array([0.04083699]), array([-0.0050527]))","(array([0.04269852]), array([-0.01228244]))","(array([0.04465638]), array([-0.01794934]))","(array([0.0438301]), array([-0.02119894]))","(array([0.04266565]), array([-0.01724279]))","(array([0.03991982]), array([-0.01704679]))","(array([0.03858267]), array([-0.01694435]))","(array([0.03882264]), array([-0.01661126]))"
(0.009244675433138888+0j),[0.09520725],[1.],[0.16242734],[1.],"(array([0.07582727]), array([0.01769155]))","(array([0.04008023]), array([-0.00373014]))","(array([0.04083684]), array([-0.0050527]))","(array([0.04269838]), array([-0.01228244]))","(array([0.04465624]), array([-0.01794935]))","(array([0.04382998]), array([-0.02119896]))","(array([0.04266553]), array([-0.01724282]))","(array([0.03991971]), array([-0.01704682]))","(array([0.03858256]), array([-0.01694439]))","(array([0.03882254]), array([-0.01661131]))","(array([0.03805325]), array([-0.01860468]))"
(0.011725154447795512+0j),[0.08123761],[1.],[0.19653587],[1.],"(array([0.08005403]), array([0.01728859]))","(array([0.04083666]), array([-0.00505268]))","(array([0.04269821]), array([-0.01228243]))","(array([0.04465608]), array([-0.01794936]))","(array([0.04382982]), array([-0.02119897]))","(array([0.04266538]), array([-0.01724285]))","(array([0.03991956]), array([-0.01704685]))","(array([0.03858242]), array([-0.01694443]))","(array([0.03882242]), array([-0.01661136]))","(array([0.03805313]), array([-0.01860473]))","(array([0.03818971]), array([-0.02410915]))"
(0.01457268749712895+0j),[0.06780036],[1.],[0.22751718],[1.],"(array([0.08826864]), array([0.0129259]))","(array([0.04269801]), array([-0.01228241]))","(array([0.04465588]), array([-0.01794935]))","(array([0.04382963]), array([-0.02119897]))","(array([0.04266519]), array([-0.01724287]))","(array([0.03991939]), array([-0.01704688]))","(array([0.03858225]), array([-0.01694446]))","(array([0.03882226]), array([-0.01661142]))","(array([0.03805298]), array([-0.01860479]))","(array([0.03818957]), array([-0.02410921]))","(array([0.03928598]), array([-0.0320882]))"
(0.01769945589592655+0j),[0.06451802],[1.],[0.25357932],[1.],"(array([0.09686844]), array([0.00291673]))","(array([0.04465564]), array([-0.01794933]))","(array([0.0438294]), array([-0.02119895]))","(array([0.04266497]), array([-0.01724288]))","(array([0.03991918]), array([-0.0170469]))","(array([0.03858205]), array([-0.01694449]))","(array([0.03882207]), array([-0.01661147]))","(array([0.0380528]), array([-0.01860485]))","(array([0.0381894]), array([-0.02410927]))","(array([0.03928582]), array([-0.03208827]))","(array([0.04024814]), array([-0.03931364]))"
(0.020774413999564575+0j),[0.06079372],[1.],[0.27666813],[1.],"(array([0.10432928]), array([-0.00333581]))","(array([0.04382912]), array([-0.02119892]))","(array([0.0426647]), array([-0.01724287]))","(array([0.03991891]), array([-0.0170469]))","(array([0.0385818]), array([-0.01694452]))","(array([0.03882183]), array([-0.01661152]))","(array([0.03805257]), array([-0.01860492]))","(array([0.03818918]), array([-0.02410934]))","(array([0.03928561]), array([-0.03208834]))","(array([0.04024795]), array([-0.03931372]))","(array([0.0424926]), array([-0.0443724]))"
(0.02398788750801912+0j),[0.06731884],[1.],[0.29645113],[1.],"(array([0.10857186]), array([-0.00732919]))","(array([0.04266434]), array([-0.01724284]))","(array([0.03991857]), array([-0.01704688]))","(array([0.03858147]), array([-0.01694452]))","(array([0.03882152]), array([-0.01661156]))","(array([0.03805227]), array([-0.01860497]))","(array([0.0381889]), array([-0.02410941]))","(array([0.03928534]), array([-0.03208841]))","(array([0.0402477]), array([-0.0393138]))","(array([0.04249236]), array([-0.0443725]))","(array([0.04438303]), array([-0.04913435]))"
(0.027254325221551787+0j),[0.06599822],[1.],[0.31670862],[1.],"(array([0.11175875]), array([-0.00203793]))","(array([0.03991809]), array([-0.01704682]))","(array([0.038581]), array([-0.0169445]))","(array([0.03882107]), array([-0.01661159]))","(array([0.03805185]), array([-0.01860503]))","(array([0.03818849]), array([-0.02410947]))","(array([0.03928496]), array([-0.03208849]))","(array([0.04024734]), array([-0.03931389]))","(array([0.04249203]), array([-0.04437261]))","(array([0.04438272]), array([-0.04913448]))","(array([0.04771523]), array([-0.05223553]))"
(0.023653287908346136+0j),[0.08096646],[1.],[0.29035169],[1.],"(array([0.10877752]), array([-0.00213893]))","(array([0.03858035]), array([-0.01694441]))","(array([0.03882044]), array([-0.01661158]))","(array([0.03805124]), array([-0.01860505]))","(array([0.03818791]), array([-0.02410952]))","(array([0.03928441]), array([-0.03208856]))","(array([0.04024682]), array([-0.03931397]))","(array([0.04249155]), array([-0.04437273]))","(array([0.04438227]), array([-0.04913462]))","(array([0.04771482]), array([-0.05223572]))","(array([0.04734055]), array([-0.05218072]))"
(0.020558812133798537+0j),[0.0891114],[1.],[0.2665226],[1.],"(array([0.10167111]), array([0.00125562]))","(array([0.03881961]), array([-0.01661152]))","(array([0.03805044]), array([-0.01860504]))","(array([0.03818715]), array([-0.02410953]))","(array([0.03928369]), array([-0.0320886]))","(array([0.04024614]), array([-0.03931404]))","(array([0.04249091]), array([-0.04437284]))","(array([0.04438168]), array([-0.04913478]))","(array([0.04771427]), array([-0.05223592]))","(array([0.04734005]), array([-0.05218096]))","(array([0.04730735]), array([-0.045539]))"
(0.017847006752863225+0j),[0.10311814],[1.],[0.24065483],[1.],"(array([0.09666035]), array([0.00337472]))","(array([0.03804948]), array([-0.01860496]))","(array([0.03818623]), array([-0.02410949]))","(array([0.03928282]), array([-0.03208859]))","(array([0.04024532]), array([-0.03931407]))","(array([0.04249014]), array([-0.04437294]))","(array([0.04438095]), array([-0.04913492]))","(array([0.0477136]), array([-0.05223613]))","(array([0.04733942]), array([-0.05218121]))","(array([0.04730678]), array([-0.04553932]))","(array([0.04622934]), array([-0.04009936]))"
(0.016842096661118848+0j),[0.09594765],[1.],[0.23555466],[1.],"(array([0.09145092]), array([0.00451179]))","(array([0.03818517]), array([-0.02410939]))","(array([0.03928181]), array([-0.03208854]))","(array([0.04024437]), array([-0.03931406]))","(array([0.04248924]), array([-0.044373]))","(array([0.0443801]), array([-0.04913505]))","(array([0.04771281]), array([-0.05223634]))","(array([0.04733869]), array([-0.05218147]))","(array([0.04730611]), array([-0.04553965]))","(array([0.04622874]), array([-0.04009976]))","(array([0.04672084]), array([-0.03468966]))"
(0.015964165507439797+0j),[0.08447827],[1.],[0.23279214],[1.],"(array([0.09046102]), array([-0.00243364]))","(array([0.03928064]), array([-0.03208841]))","(array([0.04024326]), array([-0.03931399]))","(array([0.04248819]), array([-0.04437303]))","(array([0.04437912]), array([-0.04913515]))","(array([0.04771189]), array([-0.05223654]))","(array([0.04733783]), array([-0.05218173]))","(array([0.04730532]), array([-0.04554]))","(array([0.04622802]), array([-0.04010018]))","(array([0.04672021]), array([-0.03469016]))","(array([0.04491014]), array([-0.0344355]))"
(0.015184232322942845+0j),[0.09999786],[1.],[0.21988179],[1.],"(array([0.09092119]), array([-0.012737]))","(array([0.04024211]), array([-0.03931388]))","(array([0.0424871]), array([-0.04437301]))","(array([0.04437809]), array([-0.04913521]))","(array([0.04771092]), array([-0.0522367]))","(array([0.04733692]), array([-0.05218196]))","(array([0.04730449]), array([-0.04554034]))","(array([0.04622725]), array([-0.04010059]))","(array([0.04671953]), array([-0.03469065]))","(array([0.0449095]), array([-0.03443602]))","(array([0.04257954]), array([-0.03504746]))"
(0.01698386105407375+0j),[0.10779633],[1.],[0.23175785],[1.],"(array([0.09137995]), array([-0.01637116]))","(array([0.04248608]), array([-0.04437295]))","(array([0.04437712]), array([-0.04913523]))","(array([0.04771002]), array([-0.05223683]))","(array([0.04733607]), array([-0.05218215]))","(array([0.0473037]), array([-0.04554063]))","(array([0.04622652]), array([-0.04010095]))","(array([0.04671888]), array([-0.0346911]))","(array([0.0449089]), array([-0.03443649]))","(array([0.04257896]), array([-0.03504793]))","(array([0.04543831]), array([-0.03281631]))"
(0.01878731793768173+0j),[0.08980269],[1.],[0.25338302],[1.],"(array([0.09616684]), array([-0.01959293]))","(array([0.04437622]), array([-0.04913523]))","(array([0.04770917]), array([-0.05223692]))","(array([0.04733527]), array([-0.05218231]))","(array([0.04730295]), array([-0.04554087]))","(array([0.04622584]), array([-0.04010126]))","(array([0.04671827]), array([-0.03469149]))","(array([0.04490832]), array([-0.0344369]))","(array([0.04257841]), array([-0.03504835]))","(array([0.04543783]), array([-0.03281679]))","(array([0.04830091]), array([-0.03409976]))"
(0.02058015124512116+0j),[0.08953716],[1.],[0.26663135],[1.],"(array([0.10275174]), array([-0.02819725]))","(array([0.04770825]), array([-0.05223697]))","(array([0.0473344]), array([-0.05218243]))","(array([0.04730214]), array([-0.0455411]))","(array([0.04622508]), array([-0.04010156]))","(array([0.04671758]), array([-0.03469189]))","(array([0.04490768]), array([-0.03443732]))","(array([0.0425778]), array([-0.03504877]))","(array([0.04543729]), array([-0.03281728]))","(array([0.04830043]), array([-0.03410029]))","(array([0.04732102]), array([-0.04008656]))"
(0.02316819481513112+0j),[0.10194138],[1.],[0.28022982],[1.],"(array([0.10958597]), array([-0.03128435]))","(array([0.04733335]), array([-0.05218251]))","(array([0.04730115]), array([-0.0455413]))","(array([0.04622415]), array([-0.04010187]))","(array([0.04671673]), array([-0.03469231]))","(array([0.04490687]), array([-0.03443778]))","(array([0.04257703]), array([-0.03504924]))","(array([0.04543661]), array([-0.03281783]))","(array([0.04829981]), array([-0.03410089]))","(array([0.0473204]), array([-0.04008713]))","(array([0.04908491]), array([-0.04311233]))"
(0.02578081299769519+0j),[0.12370484],[1.],[0.28880774],[1.],"(array([0.11218867]), array([-0.02851146]))","(array([0.04729995]), array([-0.04554147]))","(array([0.04622301]), array([-0.04010215]))","(array([0.04671568]), array([-0.03469274]))","(array([0.04490588]), array([-0.03443825]))","(array([0.04257607]), array([-0.03504973]))","(array([0.04543575]), array([-0.03281844]))","(array([0.04829903]), array([-0.03410155]))","(array([0.04731963]), array([-0.04008777]))","(array([0.04908419]), array([-0.04311299]))","(array([0.05292802]), array([-0.04433191]))"
(0.028288736160594276+0j),[0.15779417],[1.],[0.28827592],[1.],"(array([0.11402269]), array([-0.01725712]))","(array([0.0462216]), array([-0.04010241]))","(array([0.04671436]), array([-0.03469318]))","(array([0.04490462]), array([-0.03443876]))","(array([0.04257486]), array([-0.03505026]))","(array([0.04543465]), array([-0.03281911]))","(array([0.04829802]), array([-0.03410231]))","(array([0.04731863]), array([-0.0400885]))","(array([0.04908326]), array([-0.04311375]))","(array([0.0529272]), array([-0.04433273]))","(array([0.05785716]), array([-0.04364266]))"
(0.029281854798888025+0j),[0.17310084],[1.],[0.28556094],[1.],"(array([0.11186358]), array([-0.00446253]))","(array([0.04671273]), array([-0.03469361]))","(array([0.04490306]), array([-0.03443926]))","(array([0.04257336]), array([-0.03505079]))","(array([0.04543327]), array([-0.03281982]))","(array([0.04829674]), array([-0.03410314]))","(array([0.04731738]), array([-0.0400893]))","(array([0.04908208]), array([-0.04311458]))","(array([0.05292614]), array([-0.04433364]))","(array([0.05785626]), array([-0.04364367]))","(array([0.06368706]), array([-0.03902908]))"
(0.030094629744343997+0j),[0.17572227],[1.],[0.28887983],[1.],"(array([0.11174225]), array([0.00417686]))","(array([0.04490126]), array([-0.0344397]))","(array([0.04257162]), array([-0.03505127]))","(array([0.04543165]), array([-0.03282052]))","(array([0.04829523]), array([-0.03410398]))","(array([0.04731589]), array([-0.04009009]))","(array([0.04908068]), array([-0.04311543]))","(array([0.05292487]), array([-0.04433459]))","(array([0.05785516]), array([-0.04364473]))","(array([0.0636862]), array([-0.03903029]))","(array([0.0661788]), array([-0.03688343]))"
(0.03092657688352593+0j),[0.1688322],[1.],[0.29784197],[1.],"(array([0.11069917]), array([0.00499802]))","(array([0.04256977]), array([-0.03505166]))","(array([0.04542992]), array([-0.03282115]))","(array([0.04829361]), array([-0.03410476]))","(array([0.0473143]), array([-0.04009084]))","(array([0.04907918]), array([-0.04311624]))","(array([0.0529235]), array([-0.04433551]))","(array([0.05785396]), array([-0.04364579]))","(array([0.06368523]), array([-0.03903151]))","(array([0.06617801]), array([-0.03688473]))","(array([0.06705427]), array([-0.03726528]))"
(0.029783241978944844+0j),[0.15745055],[1.],[0.29650316],[1.],"(array([0.1089328]), array([0.00288514]))","(array([0.04542833]), array([-0.03282163]))","(array([0.04829211]), array([-0.03410539]))","(array([0.04731283]), array([-0.04009144]))","(array([0.04907779]), array([-0.04311689]))","(array([0.05292222]), array([-0.04433627]))","(array([0.05785283]), array([-0.04364669]))","(array([0.06368431]), array([-0.03903256]))","(array([0.06617724]), array([-0.03688585]))","(array([0.06705362]), array([-0.03726643]))","(array([0.06603682]), array([-0.038505]))"
(0.028567782204877965+0j),[0.14835276],[1.],[0.29321437],[1.],"(array([0.11143295]), array([0.00256174]))","(array([0.04829068]), array([-0.03410591]))","(array([0.04731143]), array([-0.04009194]))","(array([0.04907647]), array([-0.04311745]))","(array([0.052921]), array([-0.04433694]))","(array([0.05785175]), array([-0.04364749]))","(array([0.06368341]), array([-0.03903351]))","(array([0.06617649]), array([-0.03688688]))","(array([0.06705297]), array([-0.03726749]))","(array([0.06603623]), array([-0.03850606]))","(array([0.0636463]), array([-0.0394711]))"
(0.027353456353469453+0j),[0.13467081],[1.],[0.29184844],[1.],"(array([0.11350648]), array([-0.00068806]))","(array([0.04731013]), array([-0.04009234]))","(array([0.04907523]), array([-0.04311791]))","(array([0.05291986]), array([-0.04433751]))","(array([0.05785072]), array([-0.04364818]))","(array([0.06368255]), array([-0.03903435]))","(array([0.06617576]), array([-0.03688779]))","(array([0.06705234]), array([-0.03726844]))","(array([0.06603566]), array([-0.03850702]))","(array([0.06364577]), array([-0.03947205]))","(array([0.06154964]), array([-0.03977056]))"
(0.026611806052996664+0j),[0.13635253],[1.],[0.28610858],[1.],"(array([0.1124641]), array([-0.00953452]))","(array([0.04907409]), array([-0.04311827]))","(array([0.05291879]), array([-0.04433797]))","(array([0.05784976]), array([-0.04364875]))","(array([0.06368173]), array([-0.03903507]))","(array([0.06617505]), array([-0.03688858]))","(array([0.06705172]), array([-0.03726927]))","(array([0.0660351]), array([-0.03850786]))","(array([0.06364525]), array([-0.03947288]))","(array([0.06154917]), array([-0.03977139]))","(array([0.05904169]), array([-0.04114698]))"
(0.025914269425222444+0j),[0.1515581],[1.],[0.27350534],[1.],"(array([0.11292402]), array([-0.01211424]))","(array([0.05291771]), array([-0.04433838]))","(array([0.05784878]), array([-0.04364929]))","(array([0.06368089]), array([-0.03903575]))","(array([0.06617433]), array([-0.03688935]))","(array([0.06705108]), array([-0.03727008]))","(array([0.06603452]), array([-0.03850867]))","(array([0.06364471]), array([-0.0394737]))","(array([0.06154868]), array([-0.0397722]))","(array([0.05904123]), array([-0.04114778]))","(array([0.05877608]), array([-0.03979449]))"
(0.025205841945020506+0j),[0.15952741],[1.],[0.26386245],[1.],"(array([0.11390447]), array([-0.00995785]))","(array([0.05784782]), array([-0.04364978]))","(array([0.06368006]), array([-0.03903639]))","(array([0.0661736]), array([-0.03689006]))","(array([0.06705044]), array([-0.03727083]))","(array([0.06603393]), array([-0.03850944]))","(array([0.06364416]), array([-0.03947447]))","(array([0.06154817]), array([-0.03977297]))","(array([0.05904076]), array([-0.04114853]))","(array([0.05877568]), array([-0.03979525]))","(array([0.06026863]), array([-0.03562655]))"
(0.02502485865486403+0j),[0.14992167],[1.],[0.26816247],[1.],"(array([0.1171035]), array([-0.00753069]))","(array([0.06367929]), array([-0.03903692]))","(array([0.06617293]), array([-0.03689067]))","(array([0.06704984]), array([-0.03727148]))","(array([0.06603338]), array([-0.03851011]))","(array([0.06364364]), array([-0.03947513]))","(array([0.0615477]), array([-0.03977363]))","(array([0.05904032]), array([-0.04114919]))","(array([0.0587753]), array([-0.03979591]))","(array([0.06026833]), array([-0.03562724]))","(array([0.06090867]), array([-0.03325794]))"
(0.02457999206661015+0j),[0.15888904],[1.],[0.25978783],[1.],"(array([0.12374099]), array([-0.00514103]))","(array([0.0661723]), array([-0.0368912]))","(array([0.06704927]), array([-0.03727206]))","(array([0.06603285]), array([-0.0385107]))","(array([0.06364315]), array([-0.03947572]))","(array([0.06154725]), array([-0.03977423]))","(array([0.05903989]), array([-0.04114977]))","(array([0.05877492]), array([-0.03979651]))","(array([0.06026804]), array([-0.03562785]))","(array([0.06090844]), array([-0.03325856]))","(array([0.0593863]), array([-0.03506741]))"
(0.024064579243780932+0j),[0.17141761],[1.],[0.24786248],[1.],"(array([0.12433431]), array([-0.00107511]))","(array([0.0670486]), array([-0.03727263]))","(array([0.06603223]), array([-0.03851129]))","(array([0.06364257]), array([-0.03947632]))","(array([0.06154671]), array([-0.03977483]))","(array([0.05903939]), array([-0.04115037]))","(array([0.05877447]), array([-0.03979712]))","(array([0.06026768]), array([-0.0356285]))","(array([0.06090815]), array([-0.03325922]))","(array([0.05938603]), array([-0.03506805]))","(array([0.06009947]), array([-0.03246211]))"
(0.022803747955743765+0j),[0.16985885],[1.],[0.23917315],[1.],"(array([0.12187825]), array([0.00130882]))","(array([0.06603144]), array([-0.03851189]))","(array([0.06364182]), array([-0.03947694]))","(array([0.06154601]), array([-0.03977546]))","(array([0.05903872]), array([-0.041151]))","(array([0.05877387]), array([-0.03979778]))","(array([0.06026717]), array([-0.0356292]))","(array([0.06090772]), array([-0.03325995]))","(array([0.05938564]), array([-0.03506877]))","(array([0.06009917]), array([-0.03246283]))","(array([0.06082825]), array([-0.0281936]))"
(0.02169980618877719+0j),[0.16754926],[1.],[0.23197569],[1.],"(array([0.11897708]), array([-0.00024177]))","(array([0.06364092]), array([-0.03947752]))","(array([0.06154516]), array([-0.03977606]))","(array([0.05903792]), array([-0.04115161]))","(array([0.05877314]), array([-0.03979842]))","(array([0.06026654]), array([-0.03562991]))","(array([0.06090717]), array([-0.03326069]))","(array([0.05938514]), array([-0.0350695]))","(array([0.06009876]), array([-0.03246359]))","(array([0.06082795]), array([-0.02819437]))","(array([0.05961667]), array([-0.02671775]))"
(0.020764261509270823+0j),[0.16814733],[1.],[0.22377426],[1.],"(array([0.11506403]), array([-0.00169127]))","(array([0.06154426]), array([-0.03977658]))","(array([0.05903706]), array([-0.04115214]))","(array([0.05877235]), array([-0.039799]))","(array([0.06026584]), array([-0.03563056]))","(array([0.06090656]), array([-0.03326139]))","(array([0.05938456]), array([-0.0350702]))","(array([0.06009828]), array([-0.03246431]))","(array([0.06082758]), array([-0.02819512]))","(array([0.05961637]), array([-0.02671849]))","(array([0.0584363]), array([-0.02564118]))"
(0.019341242003717063+0j),[0.17289286],[1.],[0.20746108],[1.],"(array([0.11058479]), array([-0.00185026]))","(array([0.05903622]), array([-0.04115256]))","(array([0.05877156]), array([-0.03979947]))","(array([0.06026514]), array([-0.0356311]))","(array([0.06090593]), array([-0.03326198]))","(array([0.05938398]), array([-0.03507079]))","(array([0.06009779]), array([-0.03246494]))","(array([0.06082718]), array([-0.02819578]))","(array([0.05961603]), array([-0.02671916]))","(array([0.05843602]), array([-0.02564185]))","(array([0.05736621]), array([-0.02350775]))"
(0.01817551750147853+0j),[0.15616126],[1.],[0.20999752],[1.],"(array([0.10455144]), array([-0.00214662]))","(array([0.05877077]), array([-0.03979987]))","(array([0.06026442]), array([-0.03563159]))","(array([0.06090528]), array([-0.03326252]))","(array([0.05938337]), array([-0.03507134]))","(array([0.06009726]), array([-0.03246552]))","(array([0.06082675]), array([-0.0281964]))","(array([0.05961566]), array([-0.02671978]))","(array([0.05843569]), array([-0.02564248]))","(array([0.05736595]), array([-0.02350838]))","(array([0.05653846]), array([-0.01991494]))"
(0.017026009140945857+0j),[0.14955185],[1.],[0.20435277],[1.],"(array([0.10485138]), array([-0.00450383]))","(array([0.06026368]), array([-0.035632]))","(array([0.06090461]), array([-0.03326299]))","(array([0.05938274]), array([-0.03507181]))","(array([0.06009671]), array([-0.03246605]))","(array([0.06082629]), array([-0.02819697]))","(array([0.05961525]), array([-0.02672036]))","(array([0.05843534]), array([-0.02564306]))","(array([0.05736565]), array([-0.02350897]))","(array([0.05653823]), array([-0.01991554]))","(array([0.05360825]), array([-0.0222595]))"
(0.016094511644901815+0j),[0.13854408],[1.],[0.20355946],[1.],"(array([0.10533741]), array([-0.00188961]))","(array([0.06090392]), array([-0.03326339]))","(array([0.05938209]), array([-0.03507223]))","(array([0.06009613]), array([-0.03246652]))","(array([0.0608258]), array([-0.02819749]))","(array([0.05961481]), array([-0.0267209]))","(array([0.05843495]), array([-0.0256436]))","(array([0.05736532]), array([-0.02350953]))","(array([0.05653796]), array([-0.0199161]))","(array([0.05360798]), array([-0.02226004]))","(array([0.05175929]), array([-0.02216428]))"
(0.015156395088680202+0j),[0.1391857],[1.],[0.19430955],[1.],"(array([0.10579016]), array([-0.00199778]))","(array([0.05938142]), array([-0.0350726]))","(array([0.06009553]), array([-0.03246694]))","(array([0.06082527]), array([-0.02819797]))","(array([0.05961435]), array([-0.02672139]))","(array([0.05843454]), array([-0.02564411]))","(array([0.05736495]), array([-0.02351005]))","(array([0.05653765]), array([-0.01991665]))","(array([0.05360768]), array([-0.02226057]))","(array([0.05175902]), array([-0.0221648]))","(array([0.04952059]), array([-0.02324026]))"
(0.01437074975212902+0j),[0.14383085],[1.],[0.18306098],[1.],"(array([0.10227294]), array([-0.00361917]))","(array([0.06009492]), array([-0.0324673]))","(array([0.06082474]), array([-0.02819839]))","(array([0.05961386]), array([-0.02672184]))","(array([0.0584341]), array([-0.02564458]))","(array([0.05736456]), array([-0.02351053]))","(array([0.05653732]), array([-0.01991715]))","(array([0.05360735]), array([-0.02226105]))","(array([0.05175872]), array([-0.02216528]))","(array([0.04952031]), array([-0.02324072]))","(array([0.04868584]), array([-0.02141887]))"
(0.015492253546164661+0j),[0.13913058],[1.],[0.1982358],[1.],"(array([0.10271503]), array([-5.62209789e-05]))","(array([0.06082417]), array([-0.02819879]))","(array([0.05961334]), array([-0.02672227]))","(array([0.05843362]), array([-0.02564502]))","(array([0.05736414]), array([-0.023511]))","(array([0.05653695]), array([-0.01991764]))","(array([0.05360699]), array([-0.02226152]))","(array([0.05175839]), array([-0.02216575]))","(array([0.04952001]), array([-0.02324118]))","(array([0.04868558]), array([-0.02141933]))","(array([0.04937948]), array([-0.02070495]))"
(0.01655836854155412+0j),[0.14761925],[1.],[0.20269019],[1.],"(array([0.10675824]), array([0.00307081]))","(array([0.05961277]), array([-0.02672266]))","(array([0.0584331]), array([-0.02564544]))","(array([0.05736367]), array([-0.02351145]))","(array([0.05653654]), array([-0.01991812]))","(array([0.05360659]), array([-0.02226198]))","(array([0.05175801]), array([-0.02216621]))","(array([0.04951965]), array([-0.02324163]))","(array([0.04868527]), array([-0.02141979]))","(array([0.04937924]), array([-0.02070541]))","(array([0.05004793]), array([-0.02414563]))"
(0.017600679671597216+0j),[0.1478842],[1.],[0.21232712],[1.],"(array([0.10655118]), array([0.00637432]))","(array([0.05843256]), array([-0.02564583]))","(array([0.05736317]), array([-0.02351186]))","(array([0.0565361]), array([-0.01991856]))","(array([0.05360615]), array([-0.02226241]))","(array([0.05175761]), array([-0.02216664]))","(array([0.04951928]), array([-0.02324205]))","(array([0.04868494]), array([-0.02142022]))","(array([0.04937897]), array([-0.02070586]))","(array([0.05004769]), array([-0.02414608]))","(array([0.05213264]), array([-0.0241017]))"
(0.01624229002656179+0j),[0.14856543],[1.],[0.19918906],[1.],"(array([0.10504126]), array([0.00748214]))","(array([0.0573627]), array([-0.02351219]))","(array([0.05653567]), array([-0.01991893]))","(array([0.05360573]), array([-0.02226277]))","(array([0.05175722]), array([-0.022167]))","(array([0.04951891]), array([-0.02324241]))","(array([0.04868462]), array([-0.02142059]))","(array([0.04937869]), array([-0.02070625]))","(array([0.05004745]), array([-0.02414647]))","(array([0.05213245]), array([-0.0241021]))","(array([0.05199452]), array([-0.02380063]))"
(0.015010270214466754+0j),[0.14715741],[1.],[0.18809433],[1.],"(array([0.1011109]), array([0.00971526]))","(array([0.05653525]), array([-0.01991924]))","(array([0.05360532]), array([-0.02226307]))","(array([0.05175684]), array([-0.02216731]))","(array([0.04951855]), array([-0.02324272]))","(array([0.04868429]), array([-0.02142092]))","(array([0.04937842]), array([-0.02070659]))","(array([0.05004721]), array([-0.02414682]))","(array([0.05213226]), array([-0.02410246]))","(array([0.05199437]), array([-0.023801]))","(array([0.05065039]), array([-0.02127359]))"
(0.013854293410417115+0j),[0.1352266],[1.],[0.1853022],[1.],"(array([0.09786664]), array([0.01291212]))","(array([0.05360493]), array([-0.02226331]))","(array([0.05175647]), array([-0.02216756]))","(array([0.0495182]), array([-0.02324297]))","(array([0.04868398]), array([-0.02142118]))","(array([0.04937814]), array([-0.02070688]))","(array([0.05004697]), array([-0.02414711]))","(array([0.05213207]), array([-0.02410277]))","(array([0.05199421]), array([-0.02380132]))","(array([0.05065026]), array([-0.02127391]))","(array([0.04909891]), array([-0.01937857]))"
(0.011984620047134879+0j),[0.14540543],[1.],[0.15582447],[1.],"(array([0.09324919]), array([0.00800411]))","(array([0.05175613]), array([-0.02216774]))","(array([0.04951788]), array([-0.02324315]))","(array([0.04868369]), array([-0.02142138]))","(array([0.04937788]), array([-0.0207071]))","(array([0.05004673]), array([-0.02414734]))","(array([0.05213188]), array([-0.02410303]))","(array([0.05199405]), array([-0.02380158]))","(array([0.05065013]), array([-0.02127417]))","(array([0.0490988]), array([-0.01937884]))","(array([0.04603481]), array([-0.01919945]))"
(0.010492850680114523+0j),[0.14441981],[1.],[0.13715254],[1.],"(array([0.08496174]), array([0.01033879]))","(array([0.04951758]), array([-0.02324327]))","(array([0.04868341]), array([-0.02142152]))","(array([0.04937764]), array([-0.02070727]))","(array([0.05004651]), array([-0.02414752]))","(array([0.05213169]), array([-0.02410322]))","(array([0.05199388]), array([-0.02380179]))","(array([0.05064999]), array([-0.02127439]))","(array([0.04909869]), array([-0.01937905]))","(array([0.04603471]), array([-0.01919966]))","(array([0.04475454]), array([-0.01250385]))"
(0.00927847133489739+0j),[0.13350493],[1.],[0.13098461],[1.],"(array([0.07867051]), array([0.00907588]))","(array([0.04868316]), array([-0.02142161]))","(array([0.0493774]), array([-0.02070738]))","(array([0.05004629]), array([-0.02414764]))","(array([0.0521315]), array([-0.02410337]))","(array([0.05199372]), array([-0.02380195]))","(array([0.05064984]), array([-0.02127456]))","(array([0.04909856]), array([-0.01937923]))","(array([0.04603459]), array([-0.01919983]))","(array([0.04475445]), array([-0.01250403]))","(array([0.04256586]), array([-0.00908782]))"
(0.0104974367820199+0j),[0.13555156],[1.],[0.14652411],[1.],"(array([0.0803837]), array([0.00845332]))","(array([0.04937717]), array([-0.02070745]))","(array([0.05004607]), array([-0.02414773]))","(array([0.0521313]), array([-0.02410348]))","(array([0.05199354]), array([-0.02380207]))","(array([0.05064969]), array([-0.02127469]))","(array([0.04909842]), array([-0.01937937]))","(array([0.04603446]), array([-0.01919997]))","(array([0.04475435]), array([-0.01250419]))","(array([0.04256577]), array([-0.00908798]))","(array([0.04172288]), array([-0.01251621]))"
(0.01177314663097065+0j),[0.13975389],[1.],[0.15926017],[1.],"(array([0.08447]), array([0.00959825]))","(array([0.05004587]), array([-0.02414777]))","(array([0.05213112]), array([-0.02410355]))","(array([0.05199337]), array([-0.02380216]))","(array([0.05064953]), array([-0.02127479]))","(array([0.04909828]), array([-0.01937948]))","(array([0.04603433]), array([-0.01920008]))","(array([0.04475424]), array([-0.01250431]))","(array([0.04256567]), array([-0.0090881]))","(array([0.04172279]), array([-0.01251634]))","(array([0.04379206]), array([-0.01523861]))"
(0.013134298250344028+0j),[0.1284026],[1.],[0.18369987],[1.],"(array([0.08791371]), array([0.00716555]))","(array([0.05213094]), array([-0.02410358]))","(array([0.05199321]), array([-0.0238022]))","(array([0.05064938]), array([-0.02127485]))","(array([0.04909814]), array([-0.01937955]))","(array([0.04603419]), array([-0.01920015]))","(array([0.04475412]), array([-0.0125044]))","(array([0.04256557]), array([-0.0090882]))","(array([0.04172268]), array([-0.01251643]))","(array([0.04379197]), array([-0.01523872]))","(array([0.04605215]), array([-0.01713802]))"
(0.014365935174058432+0j),[0.12846428],[1.],[0.19633498],[1.],"(array([0.0950715]), array([0.0047115]))","(array([0.05199306]), array([-0.02380221]))","(array([0.05064924]), array([-0.02127487]))","(array([0.049098]), array([-0.01937959]))","(array([0.04603406]), array([-0.01920019]))","(array([0.044754]), array([-0.01250445]))","(array([0.04256546]), array([-0.00908827]))","(array([0.04172258]), array([-0.0125165]))","(array([0.04379187]), array([-0.01523879]))","(array([0.04605207]), array([-0.01713811]))","(array([0.04642495]), array([-0.02278022]))"
(0.015616380289346678+0j),[0.141519],[1.],[0.19970467],[1.],"(array([0.09770825]), array([0.00501701]))","(array([0.0506491]), array([-0.02127487]))","(array([0.04909788]), array([-0.0193796]))","(array([0.04603394]), array([-0.01920021]))","(array([0.04475389]), array([-0.01250449]))","(array([0.04256535]), array([-0.00908831]))","(array([0.04172247]), array([-0.01251654]))","(array([0.04379177]), array([-0.01523885]))","(array([0.04605198]), array([-0.01713817]))","(array([0.04642487]), array([-0.02278028]))","(array([0.04781583]), array([-0.02518103]))"
(0.016809711425275205+0j),[0.14461857],[1.],[0.20879358],[1.],"(array([0.09713188]), array([0.01035031]))","(array([0.04909775]), array([-0.01937959]))","(array([0.04603382]), array([-0.0192002]))","(array([0.04475377]), array([-0.0125045]))","(array([0.04256523]), array([-0.00908833]))","(array([0.04172236]), array([-0.01251657]))","(array([0.04379167]), array([-0.01523889]))","(array([0.04605189]), array([-0.01713823]))","(array([0.04642478]), array([-0.02278034]))","(array([0.04781575]), array([-0.0251811]))","(array([0.05062965]), array([-0.0244428]))"
(0.017629446575762996+0j),[0.14327432],[1.],[0.21706143],[1.],"(array([0.09724035]), array([0.01287857]))","(array([0.04603369]), array([-0.01920018]))","(array([0.04475365]), array([-0.0125045]))","(array([0.04256511]), array([-0.00908834]))","(array([0.04172225]), array([-0.01251658]))","(array([0.04379156]), array([-0.01523891]))","(array([0.04605179]), array([-0.01713826]))","(array([0.04642468]), array([-0.02278038]))","(array([0.04781566]), array([-0.02518114]))","(array([0.05062957]), array([-0.02444286]))","(array([0.05200773]), array([-0.02556377]))"
(0.018522840760698343+0j),[0.14136936],[1.],[0.22595718],[1.],"(array([0.09606507]), array([0.01275577]))","(array([0.04475352]), array([-0.01250449]))","(array([0.04256498]), array([-0.00908834]))","(array([0.04172212]), array([-0.01251658]))","(array([0.04379145]), array([-0.01523893]))","(array([0.04605168]), array([-0.01713829]))","(array([0.04642458]), array([-0.02278041]))","(array([0.04781556]), array([-0.02518119]))","(array([0.05062949]), array([-0.02444292]))","(array([0.05200765]), array([-0.02556383]))","(array([0.05269039]), array([-0.0273506]))"
(0.01934359629850807+0j),[0.14215568],[1.],[0.23228831],[1.],"(array([0.09677071]), array([0.01886828]))","(array([0.04256486]), array([-0.00908832]))","(array([0.041722]), array([-0.01251657]))","(array([0.04379133]), array([-0.01523893]))","(array([0.04605157]), array([-0.01713831]))","(array([0.04642447]), array([-0.02278043]))","(array([0.04781546]), array([-0.02518122]))","(array([0.0506294]), array([-0.02444296]))","(array([0.05200757]), array([-0.02556388]))","(array([0.05269032]), array([-0.02735066]))","(array([0.05317826]), array([-0.02936195]))"
(0.022064399856130706+0j),[0.12677989],[1.],[0.26167332],[1.],"(array([0.09767744]), array([0.02237308]))","(array([0.04172189]), array([-0.01251654]))","(array([0.04379122]), array([-0.01523892]))","(array([0.04605146]), array([-0.01713832]))","(array([0.04642437]), array([-0.02278045]))","(array([0.04781537]), array([-0.02518124]))","(array([0.05062931]), array([-0.024443]))","(array([0.05200749]), array([-0.02556393]))","(array([0.05269024]), array([-0.02735071]))","(array([0.05317819]), array([-0.02936201]))","(array([0.0548027]), array([-0.03199831]))"
(0.025098815998908303+0j),[0.11885871],[1.],[0.28615635],[1.],"(array([0.10329077]), array([0.01564404]))","(array([0.04379111]), array([-0.01523891]))","(array([0.04605136]), array([-0.01713832]))","(array([0.04642427]), array([-0.02278045]))","(array([0.04781527]), array([-0.02518125]))","(array([0.05062922]), array([-0.02444303]))","(array([0.05200741]), array([-0.02556396]))","(array([0.05269017]), array([-0.02735075]))","(array([0.05317812]), array([-0.02936206]))","(array([0.05480264]), array([-0.03199837]))","(array([0.05517225]), array([-0.03924005]))"
(0.02822344940202099+0j),[0.12111428],[1.],[0.30501149],[1.],"(array([0.11066586]), array([0.01124333]))","(array([0.04605126]), array([-0.01713831]))","(array([0.04642418]), array([-0.02278045]))","(array([0.04781518]), array([-0.02518126]))","(array([0.05062914]), array([-0.02444304]))","(array([0.05200733]), array([-0.02556399]))","(array([0.05269009]), array([-0.02735079]))","(array([0.05317805]), array([-0.0293621]))","(array([0.05480258]), array([-0.03199841]))","(array([0.05517219]), array([-0.03924009]))","(array([0.0563717]), array([-0.04467422]))"
(0.026675758121612315+0j),[0.11958246],[1.],[0.2956488],[1.],"(array([0.11381611]), array([0.00988503]))","(array([0.04642409]), array([-0.02278043]))","(array([0.0478151]), array([-0.02518125]))","(array([0.05062905]), array([-0.02444305]))","(array([0.05200725]), array([-0.02556401]))","(array([0.05269002]), array([-0.02735081]))","(array([0.05317798]), array([-0.02936213]))","(array([0.05480252]), array([-0.03199845]))","(array([0.05517214]), array([-0.03924013]))","(array([0.05637165]), array([-0.04467426]))","(array([0.05728535]), array([-0.04517451]))"
(0.02530679034865459+0j),[0.13565599],[1.],[0.27930882],[1.],"(array([0.1121209]), array([0.00404409]))","(array([0.04781501]), array([-0.02518124]))","(array([0.05062897]), array([-0.02444306]))","(array([0.05200717]), array([-0.02556402]))","(array([0.05268995]), array([-0.02735083]))","(array([0.05317791]), array([-0.02936215]))","(array([0.05480245]), array([-0.03199848]))","(array([0.05517208]), array([-0.03924017]))","(array([0.05637159]), array([-0.0446743]))","(array([0.0572853]), array([-0.04517455]))","(array([0.05607915]), array([-0.04348294]))"
(0.024051946547944375+0j),[0.1137958],[1.],[0.28040325],[1.],"(array([0.10988596]), array([0.00523831]))","(array([0.05062888]), array([-0.02444306]))","(array([0.05200709]), array([-0.02556403]))","(array([0.05268987]), array([-0.02735085]))","(array([0.05317784]), array([-0.02936218]))","(array([0.05480239]), array([-0.03199852]))","(array([0.05517201]), array([-0.03924021]))","(array([0.05637153]), array([-0.04467434]))","(array([0.05728525]), array([-0.04517459]))","(array([0.0560791]), array([-0.04348299]))","(array([0.05737962]), array([-0.03854532]))"
(0.022613038502192158+0j),[0.13779288],[1.],[0.25902205],[1.],"(array([0.11275593]), array([0.00115453]))","(array([0.05200699]), array([-0.02556404]))","(array([0.05268977]), array([-0.02735087]))","(array([0.05317775]), array([-0.02936221]))","(array([0.0548023]), array([-0.03199855]))","(array([0.05517193]), array([-0.03924024]))","(array([0.05637145]), array([-0.04467439]))","(array([0.05728518]), array([-0.04517464]))","(array([0.05607904]), array([-0.04348304]))","(array([0.05737956]), array([-0.03854538]))","(array([0.05323173]), array([-0.0410049]))"
(0.021310411318127855+0j),[0.13208743],[1.],[0.25231012],[1.],"(array([0.10940022]), array([0.00534025]))","(array([0.05268965]), array([-0.02735088]))","(array([0.05317763]), array([-0.02936223]))","(array([0.05480219]), array([-0.03199859]))","(array([0.05517183]), array([-0.03924029]))","(array([0.05637136]), array([-0.04467443]))","(array([0.05728509]), array([-0.0451747]))","(array([0.05607896]), array([-0.0434831]))","(array([0.05737949]), array([-0.03854545]))","(array([0.05323166]), array([-0.04100496]))","(array([0.05546059]), array([-0.03425196]))"
(0.020111636473103052+0j),[0.12515269],[1.],[0.24674714],[1.],"(array([0.10859128]), array([0.00234449]))","(array([0.0531775]), array([-0.02936224]))","(array([0.05480207]), array([-0.03199862]))","(array([0.05517171]), array([-0.03924032]))","(array([0.05637125]), array([-0.04467447]))","(array([0.05728499]), array([-0.04517475]))","(array([0.05607887]), array([-0.04348316]))","(array([0.05737941]), array([-0.03854552]))","(array([0.05323158]), array([-0.04100503]))","(array([0.05546052]), array([-0.03425204]))","(array([0.05366783]), array([-0.03356467]))"
(0.017336838556210987+0j),[0.12535168],[1.],[0.22410695],[1.],"(array([0.10627466]), array([-0.00113947]))","(array([0.05480196]), array([-0.03199863]))","(array([0.0551716]), array([-0.03924034]))","(array([0.05637115]), array([-0.0446745]))","(array([0.05728489]), array([-0.04517479]))","(array([0.05607877]), array([-0.0434832]))","(array([0.05737933]), array([-0.03854557]))","(array([0.0532315]), array([-0.04100508]))","(array([0.05546046]), array([-0.0342521]))","(array([0.05366777]), array([-0.03356473]))","(array([0.05099027]), array([-0.0318722]))"
(0.014946545392594945+0j),[0.13574053],[1.],[0.19587935],[1.],"(array([0.10287552]), array([-0.00366146]))","(array([0.0551715]), array([-0.03924035]))","(array([0.05637105]), array([-0.04467452]))","(array([0.05728481]), array([-0.04517481]))","(array([0.05607869]), array([-0.04348324]))","(array([0.05737925]), array([-0.03854562]))","(array([0.05323143]), array([-0.04100512]))","(array([0.05546039]), array([-0.03425215]))","(array([0.05366771]), array([-0.03356478]))","(array([0.05099022]), array([-0.03187226]))","(array([0.04857754]), array([-0.02746443]))"
(0.013080682229358558+0j),[0.13643487],[1.],[0.17616457],[1.],"(array([0.09702366]), array([-0.0084343]))","(array([0.05637096]), array([-0.04467453]))","(array([0.05728472]), array([-0.04517483]))","(array([0.05607861]), array([-0.04348326]))","(array([0.05737918]), array([-0.03854565]))","(array([0.05323136]), array([-0.04100516]))","(array([0.05546033]), array([-0.0342522]))","(array([0.05366765]), array([-0.03356483]))","(array([0.05099016]), array([-0.03187231]))","(array([0.04857749]), array([-0.02746448]))","(array([0.04760495]), array([-0.02084209]))"
(0.015383443157590916+0j),[0.15141057],[1.],[0.18908434],[1.],"(array([0.09857266]), array([-0.01357869]))","(array([0.05728463]), array([-0.04517485]))","(array([0.05607853]), array([-0.04348328]))","(array([0.0573791]), array([-0.03854568]))","(array([0.05323128]), array([-0.04100519]))","(array([0.05546026]), array([-0.03425224]))","(array([0.05366759]), array([-0.03356488]))","(array([0.0509901]), array([-0.03187235]))","(array([0.04857744]), array([-0.02746453]))","(array([0.0476049]), array([-0.02084214]))","(array([0.04803069]), array([-0.02099991]))"
(0.01771880675838591+0j),[0.16484846],[1.],[0.20135751],[1.],"(array([0.10228374]), array([-0.01077929]))","(array([0.05607844]), array([-0.0434833]))","(array([0.05737901]), array([-0.03854571]))","(array([0.0532312]), array([-0.04100522]))","(array([0.05546019]), array([-0.03425228]))","(array([0.05366752]), array([-0.03356492]))","(array([0.05099004]), array([-0.0318724]))","(array([0.04857738]), array([-0.02746457]))","(array([0.04760485]), array([-0.02084219]))","(array([0.04803064]), array([-0.02099996]))","(array([0.05228703]), array([-0.02177268]))"
(0.020075747247861944+0j),[0.16781952],[1.],[0.22038433],[1.],"(array([0.10378518]), array([-0.0061825]))","(array([0.05737891]), array([-0.03854573]))","(array([0.0532311]), array([-0.04100524]))","(array([0.0554601]), array([-0.03425232]))","(array([0.05366744]), array([-0.03356496]))","(array([0.05098996]), array([-0.03187244]))","(array([0.0485773]), array([-0.02746462]))","(array([0.04760479]), array([-0.02084224]))","(array([0.04803058]), array([-0.02100002]))","(array([0.05228698]), array([-0.02177274]))","(array([0.05615688]), array([-0.02266494]))"
(0.018450565054855646+0j),[0.16754751],[1.],[0.20579324],[1.],"(array([0.10541214]), array([-0.00071715]))","(array([0.05323096]), array([-0.04100526]))","(array([0.05545997]), array([-0.03425236]))","(array([0.05366731]), array([-0.03356501]))","(array([0.05098984]), array([-0.03187249]))","(array([0.04857719]), array([-0.02746468]))","(array([0.04760469]), array([-0.02084231]))","(array([0.04803049]), array([-0.02100009]))","(array([0.05228691]), array([-0.02177282]))","(array([0.05615681]), array([-0.02266503]))","(array([0.05677722]), array([-0.02268382]))"
(0.017147991269206776+0j),[0.16797418],[1.],[0.19271525],[1.],"(array([0.09815619]), array([-0.00317402]))","(array([0.05545975]), array([-0.03425239]))","(array([0.0536671]), array([-0.03356506]))","(array([0.05098964]), array([-0.03187255]))","(array([0.04857701]), array([-0.02746475]))","(array([0.04760451]), array([-0.0208424]))","(array([0.04803033]), array([-0.02100019]))","(array([0.05228676]), array([-0.02177294]))","(array([0.05615669]), array([-0.02266516]))","(array([0.05677711]), array([-0.02268396]))","(array([0.05522555]), array([-0.01999097]))"
(0.015815853436649832+0j),[0.17010169],[1.],[0.17682183],[1.],"(array([0.09745632]), array([0.00350869]))","(array([0.05366677]), array([-0.0335651]))","(array([0.05098933]), array([-0.0318726]))","(array([0.0485767]), array([-0.02746482]))","(array([0.04760423]), array([-0.02084251]))","(array([0.04803006]), array([-0.02100031]))","(array([0.05228653]), array([-0.02177309]))","(array([0.05615648]), array([-0.02266534]))","(array([0.05677692]), array([-0.02268415]))","(array([0.05522538]), array([-0.01999117]))","(array([0.05370053]), array([-0.01748984]))"
(0.016063891644347513+0j),[0.15899869],[1.],[0.18942077],[1.],"(array([0.09397457]), array([0.00464744]))","(array([0.05098888]), array([-0.03187264]))","(array([0.04857628]), array([-0.02746489]))","(array([0.04760383]), array([-0.02084262]))","(array([0.04802968]), array([-0.02100044]))","(array([0.05228618]), array([-0.02177328]))","(array([0.05615617]), array([-0.02266557]))","(array([0.05677663]), array([-0.0226844]))","(array([0.05522511]), array([-0.01999142]))","(array([0.05370029]), array([-0.0174901]))","(array([0.05324717]), array([-0.0158017]))"
(0.016352631161660976+0j),[0.17055352],[1.],[0.18218257],[1.],"(array([0.09413171]), array([0.00385421]))","(array([0.04857573]), array([-0.02746492]))","(array([0.04760331]), array([-0.02084271]))","(array([0.04802918]), array([-0.02100057]))","(array([0.05228572]), array([-0.02177347]))","(array([0.05615575]), array([-0.02266582]))","(array([0.05677625]), array([-0.02268468]))","(array([0.05522476]), array([-0.01999172]))","(array([0.05369997]), array([-0.01749041]))","(array([0.05324688]), array([-0.01580203]))","(array([0.05251205]), array([-0.01949985]))"
(0.016573509872117535+0j),[0.16997213],[1.],[0.18501877],[1.],"(array([0.09018638]), array([0.01069211]))","(array([0.04760277]), array([-0.02084278]))","(array([0.04802867]), array([-0.02100068]))","(array([0.05228524]), array([-0.02177365]))","(array([0.05615532]), array([-0.02266605]))","(array([0.05677585]), array([-0.02268493]))","(array([0.05522438]), array([-0.019992]))","(array([0.05369962]), array([-0.01749071]))","(array([0.05324657]), array([-0.01580235]))","(array([0.05251175]), array([-0.01950017]))","(array([0.05385056]), array([-0.01695784]))"
(0.015618789086745704+0j),[0.16934667],[1.],[0.17538254],[1.],"(array([0.08860242]), array([0.01702333]))","(array([0.04802823]), array([-0.02100074]))","(array([0.05228483]), array([-0.02177377]))","(array([0.05615494]), array([-0.02266622]))","(array([0.0567755]), array([-0.02268514]))","(array([0.05522406]), array([-0.01999222]))","(array([0.05369932]), array([-0.01749094]))","(array([0.0532463]), array([-0.0158026]))","(array([0.05251149]), array([-0.01950042]))","(array([0.05385034]), array([-0.01695813]))","(array([0.0532931]), array([-0.01657407]))"
(0.014736674502838365+0j),[0.16213348],[1.],[0.17250366],[1.],"(array([0.0869007]), array([0.01673423]))","(array([0.05228447]), array([-0.02177386]))","(array([0.05615461]), array([-0.02266636]))","(array([0.05677518]), array([-0.0226853]))","(array([0.05522376]), array([-0.0199924]))","(array([0.05369905]), array([-0.01749114]))","(array([0.05324605]), array([-0.01580281]))","(array([0.05251126]), array([-0.01950063]))","(array([0.05385014]), array([-0.01695836]))","(array([0.05329292]), array([-0.01657431]))","(array([0.0521159]), array([-0.01479737]))"
(0.01385203677272508+0j),[0.15578092],[1.],[0.16851874],[1.],"(array([0.0904215]), array([0.01439773]))","(array([0.05615429]), array([-0.02266648]))","(array([0.05677489]), array([-0.02268544]))","(array([0.05522349]), array([-0.01999255]))","(array([0.05369879]), array([-0.0174913]))","(array([0.05324581]), array([-0.015803]))","(array([0.05251103]), array([-0.01950081]))","(array([0.05384995]), array([-0.01695857]))","(array([0.05329275]), array([-0.01657453]))","(array([0.05211575]), array([-0.0147976]))","(array([0.05039426]), array([-0.0149421]))"
(0.014119139437808476+0j),[0.16536586],[1.],[0.16257562],[1.],"(array([0.09481133]), array([0.0121331]))","(array([0.05677459]), array([-0.02268556]))","(array([0.0552232]), array([-0.01999269]))","(array([0.05369852]), array([-0.01749145]))","(array([0.05324557]), array([-0.01580317]))","(array([0.0525108]), array([-0.01950099]))","(array([0.05384975]), array([-0.01695877]))","(array([0.05329257]), array([-0.01657474]))","(array([0.0521156]), array([-0.01479782]))","(array([0.05039412]), array([-0.01494232]))","(array([0.04946608]), array([-0.01607842]))"
(0.014334112673998908+0j),[0.14949071],[1.],[0.1797552],[1.],"(array([0.09410897]), array([0.01422149]))","(array([0.05522289]), array([-0.01999281]))","(array([0.05369823]), array([-0.0174916]))","(array([0.0532453]), array([-0.01580334]))","(array([0.05251054]), array([-0.01950115]))","(array([0.05384952]), array([-0.01695897]))","(array([0.05329237]), array([-0.01657495]))","(array([0.05211542]), array([-0.01479804]))","(array([0.05039395]), array([-0.01494254]))","(array([0.04946593]), array([-0.01607865]))","(array([0.0506299]), array([-0.01387923]))"
(0.014593136696898424+0j),[0.1500146],[1.],[0.18224903],[1.],"(array([0.09637326]), array([0.01335495]))","(array([0.05369788]), array([-0.01749174]))","(array([0.05324497]), array([-0.0158035]))","(array([0.05251023]), array([-0.01950132]))","(array([0.05384925]), array([-0.01695917]))","(array([0.05329212]), array([-0.01657517]))","(array([0.05211519]), array([-0.01479828]))","(array([0.05039375]), array([-0.01494278]))","(array([0.04946575]), array([-0.01607889]))","(array([0.05062975]), array([-0.01387949]))","(array([0.04945548]), array([-0.01896364]))"
(0.014713239151838215+0j),[0.14185805],[1.],[0.19001615],[1.],"(array([0.09528925]), array([0.01590806]))","(array([0.05324454]), array([-0.01580368]))","(array([0.05250981]), array([-0.0195015]))","(array([0.05384887]), array([-0.0169594]))","(array([0.05329177]), array([-0.01657543]))","(array([0.05211488]), array([-0.01479856]))","(array([0.05039346]), array([-0.01494307]))","(array([0.04946548]), array([-0.01607919]))","(array([0.05062954]), array([-0.01387981]))","(array([0.04945528]), array([-0.01896395]))","(array([0.04972111]), array([-0.01931961]))"
(0.014840286982807078+0j),[0.125852],[1.],[0.20231902],[1.],"(array([0.0965554]), array([0.01576048]))","(array([0.05250924]), array([-0.0195017]))","(array([0.05384835]), array([-0.01695967]))","(array([0.05329129]), array([-0.01657573]))","(array([0.05211444]), array([-0.01479889]))","(array([0.05039305]), array([-0.01494342]))","(array([0.04946511]), array([-0.01607954]))","(array([0.05062924]), array([-0.01388021]))","(array([0.04945498]), array([-0.01896434]))","(array([0.04972086]), array([-0.01932001]))","(array([0.04899125]), array([-0.02172665]))"
(0.015077725251140437+0j),[0.13156911],[1.],[0.20106368],[1.],"(array([0.09854173]), array([0.00863311]))","(array([0.05384765]), array([-0.01695996]))","(array([0.05329063]), array([-0.01657607]))","(array([0.05211383]), array([-0.01479928]))","(array([0.05039248]), array([-0.01494383]))","(array([0.04946458]), array([-0.01607997]))","(array([0.05062879]), array([-0.01388069]))","(array([0.04945456]), array([-0.01896481]))","(array([0.04972049]), array([-0.01932051]))","(array([0.04899092]), array([-0.02172715]))","(array([0.04738224]), array([-0.02579847]))"
(0.01706138553408847+0j),[0.12208692],[1.],[0.22481034],[1.],"(array([0.10145001]), array([0.01236901]))","(array([0.05328981]), array([-0.01657639]))","(array([0.05211307]), array([-0.01479966]))","(array([0.05039176]), array([-0.01494424]))","(array([0.0494639]), array([-0.01608041]))","(array([0.05062822]), array([-0.01388121]))","(array([0.049454]), array([-0.01896531]))","(array([0.04972001]), array([-0.01932105]))","(array([0.04899048]), array([-0.02172769]))","(array([0.04738182]), array([-0.02579901]))","(array([0.04920146]), array([-0.026561]))"
(0.019194906390942238+0j),[0.12840447],[1.],[0.23912726],[1.],"(array([0.10611241]), array([0.01065506]))","(array([0.05211217]), array([-0.01480002]))","(array([0.05039091]), array([-0.01494463]))","(array([0.04946311]), array([-0.01608084]))","(array([0.05062752]), array([-0.01388174]))","(array([0.04945333]), array([-0.01896583]))","(array([0.04971942]), array([-0.01932161]))","(array([0.04898994]), array([-0.02172827]))","(array([0.04738131]), array([-0.02579957]))","(array([0.04920103]), array([-0.0265616]))","(array([0.04999514]), array([-0.03213067]))"
(0.021354312113573477+0j),[0.12285903],[1.],[0.25850449],[1.],"(array([0.1080966]), array([0.01377433]))","(array([0.05038997]), array([-0.01494499]))","(array([0.04946222]), array([-0.01608124]))","(array([0.05062674]), array([-0.01388225]))","(array([0.04945258]), array([-0.01896633]))","(array([0.04971874]), array([-0.01932216]))","(array([0.04898932]), array([-0.02172884]))","(array([0.04738072]), array([-0.02580013]))","(array([0.04920053]), array([-0.02656221]))","(array([0.04999469]), array([-0.03213128]))","(array([0.05273909]), array([-0.03419746]))"
(0.02138952836961235+0j),[0.09737062],[1.],[0.26929712],[1.],"(array([0.10885502]), array([0.01241146]))","(array([0.04946126]), array([-0.01608161]))","(array([0.05062587]), array([-0.01388275]))","(array([0.04945175]), array([-0.01896681]))","(array([0.04971799]), array([-0.01932271]))","(array([0.04898863]), array([-0.02172941]))","(array([0.04738006]), array([-0.02580069]))","(array([0.04919997]), array([-0.02656282]))","(array([0.04999418]), array([-0.03213191]))","(array([0.05273867]), array([-0.03419812]))","(array([0.05292469]), array([-0.03695472]))"
(0.021496376098705174+0j),[0.09609673],[1.],[0.27045333],[1.],"(array([0.11032152]), array([0.00569819]))","(array([0.05062493]), array([-0.01388321]))","(array([0.04945085]), array([-0.01896727]))","(array([0.04971717]), array([-0.01932324]))","(array([0.04898787]), array([-0.02172997]))","(array([0.04737934]), array([-0.02580124]))","(array([0.04919934]), array([-0.02656344]))","(array([0.04999361]), array([-0.03213253]))","(array([0.0527382]), array([-0.03419878]))","(array([0.05292428]), array([-0.0369554]))","(array([0.04929279]), array([-0.04181738]))"
(0.021538418055656854+0j),[0.08163535],[1.],[0.27543154],[1.],"(array([0.11171208]), array([0.00756493]))","(array([0.04944991]), array([-0.01896769]))","(array([0.04971631]), array([-0.01932373]))","(array([0.04898707]), array([-0.02173049]))","(array([0.04737858]), array([-0.02580176]))","(array([0.04919867]), array([-0.02656402]))","(array([0.049993]), array([-0.03213314]))","(array([0.05273769]), array([-0.03419943]))","(array([0.05292383]), array([-0.03695606]))","(array([0.04929236]), array([-0.04181802]))","(array([0.04911907]), array([-0.0421796]))"
(0.022924753842680202+0j),[0.0797228],[1.],[0.28538114],[1.],"(array([0.11261812]), array([-0.00057618]))","(array([0.04971544]), array([-0.01932418]))","(array([0.04898625]), array([-0.02173097]))","(array([0.0473778]), array([-0.02580225]))","(array([0.04919799]), array([-0.02656458]))","(array([0.04999238]), array([-0.03213371]))","(array([0.05273716]), array([-0.03420005]))","(array([0.05292337]), array([-0.0369567]))","(array([0.0492919]), array([-0.04181863]))","(array([0.04911868]), array([-0.04218022]))","(array([0.04751241]), array([-0.04551016]))"
(0.024280048575425286+0j),[0.0767034],[1.],[0.29501612],[1.],"(array([0.11505694]), array([-0.0013452]))","(array([0.04898542]), array([-0.02173141]))","(array([0.04737701]), array([-0.02580268]))","(array([0.04919728]), array([-0.02656509]))","(array([0.04999173]), array([-0.03213424]))","(array([0.0527366]), array([-0.03420065]))","(array([0.05292287]), array([-0.03695731]))","(array([0.04929143]), array([-0.04181921]))","(array([0.04911827]), array([-0.04218081]))","(array([0.04751204]), array([-0.04551075]))","(array([0.0482418]), array([-0.04759849]))"
(0.025652878210139902+0j),[0.08392696],[1.],[0.30169851],[1.],"(array([0.1164544]), array([-0.0043593]))","(array([0.0473762]), array([-0.02580306]))","(array([0.04919656]), array([-0.02656555]))","(array([0.04999106]), array([-0.03213473]))","(array([0.05273602]), array([-0.0342012]))","(array([0.05292235]), array([-0.03695788]))","(array([0.04929092]), array([-0.04181977]))","(array([0.04911783]), array([-0.04218138]))","(array([0.04751164]), array([-0.04551131]))","(array([0.04824146]), array([-0.04759905]))","(array([0.04877993]), array([-0.04974435]))"
(0.026180087805508855+0j),[0.08705377],[1.],[0.303962],[1.],"(array([0.11571845]), array([-0.00674571]))","(array([0.04919579]), array([-0.02656597]))","(array([0.04999035]), array([-0.03213518]))","(array([0.0527354]), array([-0.03420171]))","(array([0.05292179]), array([-0.03695843]))","(array([0.04929038]), array([-0.04182029]))","(array([0.04911736]), array([-0.04218193]))","(array([0.0475112]), array([-0.04551185]))","(array([0.04824108]), array([-0.0475996]))","(array([0.04877961]), array([-0.0497449]))","(array([0.05067599]), array([-0.04965802]))"
(0.02662739827527396+0j),[0.08508843],[1.],[0.30714107],[1.],"(array([0.11798876]), array([-0.00680192]))","(array([0.0499896]), array([-0.03213559]))","(array([0.05273474]), array([-0.0342022]))","(array([0.0529212]), array([-0.03695895]))","(array([0.04928981]), array([-0.04182079]))","(array([0.04911685]), array([-0.04218245]))","(array([0.04751073]), array([-0.04551237]))","(array([0.04824067]), array([-0.04760014]))","(array([0.04877925]), array([-0.04974544]))","(array([0.0506757]), array([-0.04965857]))","(array([0.05151338]), array([-0.04969494]))"
(0.027078258694371343+0j),[0.07993697],[1.],[0.3111211],[1.],"(array([0.11945752]), array([-0.01266849]))","(array([0.05273402]), array([-0.03420265]))","(array([0.05292054]), array([-0.03695945]))","(array([0.04928917]), array([-0.04182127]))","(array([0.04911628]), array([-0.04218297]))","(array([0.04751021]), array([-0.04551289]))","(array([0.04824021]), array([-0.04760067]))","(array([0.04877884]), array([-0.04974598]))","(array([0.05067536]), array([-0.04965913]))","(array([0.0515131]), array([-0.04969551]))","(array([0.05159369]), array([-0.05042795]))"
(0.03033881517315632+0j),[0.06300983],[1.],[0.33374314],[1.],"(array([0.1249374]), array([-0.01581893]))","(array([0.0529198]), array([-0.03695993]))","(array([0.04928847]), array([-0.04182174]))","(array([0.04911564]), array([-0.04218347]))","(array([0.04750962]), array([-0.0455134]))","(array([0.04823968]), array([-0.0476012]))","(array([0.04877838]), array([-0.04974654]))","(array([0.05067497]), array([-0.04965971]))","(array([0.05151277]), array([-0.0496961]))","(array([0.05159341]), array([-0.05042854]))","(array([0.05202324]), array([-0.05333858]))"
(0.03361363461905228+0j),[0.03632949],[1.],[0.35511096],[1.],"(array([0.13006337]), array([-0.0222372]))","(array([0.04928774]), array([-0.04182214]))","(array([0.04911498]), array([-0.04218392]))","(array([0.047509]), array([-0.04551386]))","(array([0.04823912]), array([-0.04760169]))","(array([0.04877788]), array([-0.04974705]))","(array([0.05067455]), array([-0.04966025]))","(array([0.05151241]), array([-0.04969666]))","(array([0.0515931]), array([-0.0504291]))","(array([0.05202297]), array([-0.05333914]))","(array([0.05132279]), array([-0.05944738]))"
(0.0369987192799123+0j),[0.04681303],[1.],[0.37087411],[1.],"(array([0.13118596]), array([-0.03285691]))","(array([0.04911432]), array([-0.04218429]))","(array([0.04750838]), array([-0.04551424]))","(array([0.04823857]), array([-0.04760211]))","(array([0.04877738]), array([-0.04974749]))","(array([0.05067411]), array([-0.04966073]))","(array([0.05151203]), array([-0.04969716]))","(array([0.05159277]), array([-0.05042961]))","(array([0.05202268]), array([-0.05333965]))","(array([0.05132251]), array([-0.05944788]))","(array([0.04871387]), array([-0.0664438]))"
(0.03526371702070443+0j),[0.03448499],[1.],[0.36310523],[1.],"(array([0.1316049]), array([-0.03090868]))","(array([0.04750778]), array([-0.04551454]))","(array([0.04823802]), array([-0.04760245]))","(array([0.04877688]), array([-0.04974786]))","(array([0.05067367]), array([-0.04966114]))","(array([0.05151165]), array([-0.04969759]))","(array([0.05159243]), array([-0.05043005]))","(array([0.05202238]), array([-0.05334009]))","(array([0.05132223]), array([-0.05944831]))","(array([0.0487136]), array([-0.06644422]))","(array([0.05101082]), array([-0.06580155]))"
(0.03368539540861018+0j),[0.03490949],[1.],[0.35461395],[1.],"(array([0.12833143]), array([-0.03686644]))","(array([0.0482375]), array([-0.04760272]))","(array([0.0487764]), array([-0.04974816]))","(array([0.05067325]), array([-0.04966148]))","(array([0.05151126]), array([-0.04969796]))","(array([0.05159209]), array([-0.05043044]))","(array([0.05202207]), array([-0.05334048]))","(array([0.05132195]), array([-0.0594487]))","(array([0.04871332]), array([-0.06644459]))","(array([0.05101059]), array([-0.06580192]))","(array([0.04790178]), array([-0.06567167]))"
(0.03220318004542523+0j),[0.05304195],[1.],[0.34423565],[1.],"(array([0.12718003]), array([-0.03880666]))","(array([0.04877595]), array([-0.0497484]))","(array([0.05067284]), array([-0.04966175]))","(array([0.05151089]), array([-0.04969826]))","(array([0.05159175]), array([-0.05043076]))","(array([0.05202176]), array([-0.05334082]))","(array([0.05132166]), array([-0.05944903]))","(array([0.04871305]), array([-0.0664449]))","(array([0.05101036]), array([-0.06580225]))","(array([0.04790157]), array([-0.06567199]))","(array([0.0470893]), array([-0.06396854]))"
(0.029595851792195867+0j),[0.07294663],[1.],[0.32580355],[1.],"(array([0.12459439]), array([-0.03690816]))","(array([0.05067246]), array([-0.04966197]))","(array([0.05151055]), array([-0.04969851]))","(array([0.05159144]), array([-0.05043102]))","(array([0.05202148]), array([-0.05334109]))","(array([0.05132139]), array([-0.0594493]))","(array([0.04871279]), array([-0.06644517]))","(array([0.05101014]), array([-0.06580253]))","(array([0.04790136]), array([-0.06567226]))","(array([0.04708912]), array([-0.06396881]))","(array([0.04902955]), array([-0.05924086]))"
(0.0272693823360119+0j),[0.0914293],[1.],[0.30714974],[1.],"(array([0.12239439]), array([-0.03244046]))","(array([0.0515102]), array([-0.04969871]))","(array([0.05159112]), array([-0.05043125]))","(array([0.05202119]), array([-0.05334133]))","(array([0.05132112]), array([-0.05944954]))","(array([0.04871253]), array([-0.0664454]))","(array([0.05100991]), array([-0.06580277]))","(array([0.04790115]), array([-0.0656725]))","(array([0.04708893]), array([-0.06396906]))","(array([0.04902939]), array([-0.05924111]))","(array([0.05077557]), array([-0.0535025]))"
(0.025234061121777743+0j),[0.09999666],[1.],[0.29161069],[1.],"(array([0.11911194]), array([-0.02840674]))","(array([0.0515908]), array([-0.05043144]))","(array([0.05202089]), array([-0.05334154]))","(array([0.05132085]), array([-0.05944975]))","(array([0.04871227]), array([-0.06644561]))","(array([0.05100968]), array([-0.06580299]))","(array([0.04790093]), array([-0.06567272]))","(array([0.04708874]), array([-0.06396928]))","(array([0.04902923]), array([-0.05924134]))","(array([0.05077544]), array([-0.05350274]))","(array([0.05224057]), array([-0.04789905]))"
(0.02815652185947273+0j),[0.11189602],[1.],[0.3059467],[1.],"(array([0.11920875]), array([-0.02723675]))","(array([0.05202061]), array([-0.05334171]))","(array([0.05132058]), array([-0.05944993]))","(array([0.04871201]), array([-0.06644578]))","(array([0.05100945]), array([-0.06580318]))","(array([0.04790072]), array([-0.06567291]))","(array([0.04708854]), array([-0.06396947]))","(array([0.04902906]), array([-0.05924154]))","(array([0.05077531]), array([-0.05350295]))","(array([0.05224047]), array([-0.04789927]))","(array([0.05389645]), array([-0.04696171]))"
(0.031107334543269388+0j),[0.12369539],[1.],[0.31914714],[1.],"(array([0.12275497]), array([-0.02746515]))","(array([0.05132032]), array([-0.05945006]))","(array([0.04871176]), array([-0.06644591]))","(array([0.05100923]), array([-0.06580333]))","(array([0.04790051]), array([-0.06567306]))","(array([0.04708835]), array([-0.06396963]))","(array([0.0490289]), array([-0.05924171]))","(array([0.05077517]), array([-0.05350313]))","(array([0.05224035]), array([-0.04789945]))","(array([0.05389636]), array([-0.0469619]))","(array([0.05777719]), array([-0.04831966]))"
(0.03416380331952707+0j),[0.13435815],[1.],[0.33219374],[1.],"(array([0.12494649]), array([-0.03083572]))","(array([0.04871151]), array([-0.06644601]))","(array([0.05100899]), array([-0.06580346]))","(array([0.04790029]), array([-0.06567318]))","(array([0.04708815]), array([-0.06396976]))","(array([0.04902872]), array([-0.05924186]))","(array([0.05077502]), array([-0.05350329]))","(array([0.05224023]), array([-0.04789963]))","(array([0.05389625]), array([-0.04696208]))","(array([0.0577771]), array([-0.04831984]))","(array([0.06159406]), array([-0.04945514]))"
(0.035098197330922454+0j),[0.12502807],[1.],[0.34057512],[1.],"(array([0.12381649]), array([-0.03532144]))","(array([0.05100873]), array([-0.06580356]))","(array([0.04790005]), array([-0.06567329]))","(array([0.04708792]), array([-0.06396988]))","(array([0.04902852]), array([-0.059242]))","(array([0.05077483]), array([-0.05350345]))","(array([0.05224007]), array([-0.0478998]))","(array([0.05389612]), array([-0.04696226]))","(array([0.05777699]), array([-0.04832003]))","(array([0.06159397]), array([-0.04945534]))","(array([0.06450737]), array([-0.04948075]))"
(0.03585072784822231+0j),[0.13724036],[1.],[0.33958706],[1.],"(array([0.12789413]), array([-0.03674829]))","(array([0.04789978]), array([-0.06567337]))","(array([0.04708767]), array([-0.06396997]))","(array([0.04902829]), array([-0.05924212]))","(array([0.05077463]), array([-0.05350359]))","(array([0.05223989]), array([-0.04789995]))","(array([0.05389596]), array([-0.04696243]))","(array([0.05777685]), array([-0.04832021]))","(array([0.06159386]), array([-0.04945552]))","(array([0.06450728]), array([-0.04948094]))","(array([0.06360551]), array([-0.05205728]))"
(0.03672919307904331+0j),[0.15799809],[1.],[0.33488994],[1.],"(array([0.12463538]), array([-0.03394067]))","(array([0.04708743]), array([-0.06397004]))","(array([0.04902806]), array([-0.05924221]))","(array([0.05077442]), array([-0.0535037]))","(array([0.05223971]), array([-0.04790008]))","(array([0.05389579]), array([-0.04696257]))","(array([0.05777671]), array([-0.04832036]))","(array([0.06159373]), array([-0.04945569]))","(array([0.06450717]), array([-0.04948112]))","(array([0.06360541]), array([-0.05205745]))","(array([0.0658493]), array([-0.05058883]))"
(0.03701075706646604+0j),[0.16321079],[1.],[0.33347174],[1.],"(array([0.12241999]), array([-0.02771763]))","(array([0.04902786]), array([-0.05924226]))","(array([0.05077423]), array([-0.05350378]))","(array([0.05223953]), array([-0.04790018]))","(array([0.05389563]), array([-0.04696268]))","(array([0.05777657]), array([-0.04832049]))","(array([0.06159361]), array([-0.04945583]))","(array([0.06450707]), array([-0.04948126]))","(array([0.06360531]), array([-0.0520576]))","(array([0.06584922]), array([-0.05058898]))","(array([0.06906193]), array([-0.04711389]))"
(0.03712177172871116+0j),[0.16953322],[1.],[0.33048015],[1.],"(array([0.12400055]), array([-0.02196064]))","(array([0.05077406]), array([-0.05350383]))","(array([0.05223937]), array([-0.04790025]))","(array([0.05389548]), array([-0.04696276]))","(array([0.05777643]), array([-0.04832059]))","(array([0.06159349]), array([-0.04945594]))","(array([0.06450696]), array([-0.04948138]))","(array([0.06360521]), array([-0.05205772]))","(array([0.06584913]), array([-0.0505891]))","(array([0.06906186]), array([-0.04711402]))","(array([0.0697733]), array([-0.0462876]))"
(0.03705668269688731+0j),[0.13728833],[1.],[0.3443977],[1.],"(array([0.12504789]), array([-0.01497331]))","(array([0.05223922]), array([-0.04790029]))","(array([0.05389535]), array([-0.04696282]))","(array([0.05777631]), array([-0.04832066]))","(array([0.06159338]), array([-0.04945602]))","(array([0.06450686]), array([-0.04948148]))","(array([0.06360512]), array([-0.05205781]))","(array([0.06584905]), array([-0.0505892]))","(array([0.06906179]), array([-0.04711413]))","(array([0.06977324]), array([-0.04628771]))","(array([0.07050543]), array([-0.04505789]))"
(0.036918957562269684+0j),[0.12575129],[1.],[0.34778142],[1.],"(array([0.1296404]), array([-0.01659758]))","(array([0.05389523]), array([-0.04696285]))","(array([0.0577762]), array([-0.0483207]))","(array([0.06159328]), array([-0.04945608]))","(array([0.06450677]), array([-0.04948154]))","(array([0.06360503]), array([-0.05205788]))","(array([0.06584897]), array([-0.05058928]))","(array([0.06906173]), array([-0.04711421]))","(array([0.06977318]), array([-0.04628779]))","(array([0.07050538]), array([-0.04505798]))","(array([0.06580961]), array([-0.05138014]))"
(0.03667657682332821+0j),[0.16407938],[1.],[0.32987623],[1.],"(array([0.13200325]), array([-0.01821885]))","(array([0.05777611]), array([-0.04832073]))","(array([0.0615932]), array([-0.04945612]))","(array([0.06450669]), array([-0.04948159]))","(array([0.06360496]), array([-0.05205793]))","(array([0.0658489]), array([-0.05058933]))","(array([0.06906167]), array([-0.04711428]))","(array([0.06977313]), array([-0.04628786]))","(array([0.07050533]), array([-0.04505805]))","(array([0.06580956]), array([-0.0513802]))","(array([0.06394711]), array([-0.05327161]))"
(0.0364022269743202+0j),[0.15207251],[1.],[0.33388109],[1.],"(array([0.13185592]), array([-0.01111258]))","(array([0.06159311]), array([-0.04945615]))","(array([0.06450661]), array([-0.04948163]))","(array([0.06360488]), array([-0.05205797]))","(array([0.06584883]), array([-0.05058938]))","(array([0.0690616]), array([-0.04711433]))","(array([0.06977307]), array([-0.04628792]))","(array([0.07050527]), array([-0.04505812]))","(array([0.06580951]), array([-0.05138027]))","(array([0.06394706]), array([-0.05327167]))","(array([0.06926318]), array([-0.045551]))"
(0.03240634146818144+0j),[0.16270104],[1.],[0.30535604],[1.],"(array([0.13412034]), array([-0.01485455]))","(array([0.0645065]), array([-0.04948167]))","(array([0.06360478]), array([-0.05205801]))","(array([0.06584874]), array([-0.05058943]))","(array([0.06906152]), array([-0.04711439]))","(array([0.06977299]), array([-0.04628798]))","(array([0.0705052]), array([-0.04505818]))","(array([0.06580944]), array([-0.05138033]))","(array([0.06394699]), array([-0.05327174]))","(array([0.06926313]), array([-0.04555108]))","(array([0.06622956]), array([-0.04550971]))"
(0.028876319074795997+0j),[0.18002121],[1.],[0.27233363],[1.],"(array([0.13068865]), array([-0.01253131]))","(array([0.06360465]), array([-0.05205804]))","(array([0.06584862]), array([-0.05058947]))","(array([0.06906141]), array([-0.04711444]))","(array([0.06977289]), array([-0.04628804]))","(array([0.07050511]), array([-0.04505825]))","(array([0.06580935]), array([-0.0513804]))","(array([0.06394691]), array([-0.0532718]))","(array([0.06926306]), array([-0.04555116]))","(array([0.06622949]), array([-0.04550979]))","(array([0.0650911]), array([-0.03884034]))"
(0.02601196868511166+0j),[0.19289376],[1.],[0.24225462],[1.],"(array([0.12254391]), array([-0.01122799]))","(array([0.06584847]), array([-0.0505895]))","(array([0.06906127]), array([-0.04711449]))","(array([0.06977276]), array([-0.0462881]))","(array([0.07050499]), array([-0.04505832]))","(array([0.06580923]), array([-0.05138046]))","(array([0.0639468]), array([-0.05327187]))","(array([0.06926296]), array([-0.04555124]))","(array([0.06622941]), array([-0.04550987]))","(array([0.06509103]), array([-0.03884043]))","(array([0.06482958]), array([-0.03062799]))"
(0.026840781342445545+0j),[0.19640638],[1.],[0.24617131],[1.],"(array([0.12112195]), array([-0.0069606]))","(array([0.06906111]), array([-0.04711453]))","(array([0.0697726]), array([-0.04628815]))","(array([0.07050484]), array([-0.04505838]))","(array([0.06580908]), array([-0.05138052]))","(array([0.06394666]), array([-0.05327193]))","(array([0.06926285]), array([-0.04555132]))","(array([0.0662293]), array([-0.04550996]))","(array([0.06509093]), array([-0.03884052]))","(array([0.06482949]), array([-0.03062809]))","(array([0.06542058]), array([-0.02605393]))"
(0.0274719691344849+0j),[0.19649491],[1.],[0.25111505],[1.],"(array([0.12511341]), array([-0.00280155]))","(array([0.06977242]), array([-0.04628818]))","(array([0.07050467]), array([-0.04505842]))","(array([0.06580891]), array([-0.05138056]))","(array([0.0639465]), array([-0.05327198]))","(array([0.0692627]), array([-0.04555139]))","(array([0.06622916]), array([-0.04551003]))","(array([0.06509081]), array([-0.0388406]))","(array([0.06482939]), array([-0.03062819]))","(array([0.06542049]), array([-0.02605404]))","(array([0.06640243]), array([-0.0263864]))"
(0.02804770912528308+0j),[0.18262488],[1.],[0.26561971],[1.],"(array([0.12689073]), array([-0.0019795]))","(array([0.07050447]), array([-0.04505845]))","(array([0.06580872]), array([-0.05138058]))","(array([0.06394632]), array([-0.05327201]))","(array([0.06926254]), array([-0.04555146]))","(array([0.066229]), array([-0.0455101]))","(array([0.06509066]), array([-0.03884068]))","(array([0.06482926]), array([-0.03062828]))","(array([0.06542037]), array([-0.02605414]))","(array([0.06640233]), array([-0.02638651]))","(array([0.06693171]), array([-0.02731176]))"
(0.0283956071551302+0j),[0.20247294],[1.],[0.25353209],[1.],"(array([0.13065384]), array([-0.00383276]))","(array([0.06580851]), array([-0.05138058]))","(array([0.06394612]), array([-0.05327202]))","(array([0.06926235]), array([-0.0455515]))","(array([0.06622883]), array([-0.04551015]))","(array([0.0650905]), array([-0.03884075]))","(array([0.06482911]), array([-0.03062837]))","(array([0.06542024]), array([-0.02605424]))","(array([0.06640221]), array([-0.02638662]))","(array([0.0669316]), array([-0.02731187]))","(array([0.0657773]), array([-0.03147824]))"
(0.029015525862079006+0j),[0.20459853],[1.],[0.2562933],[1.],"(array([0.12340825]), array([-0.00563905]))","(array([0.0639459]), array([-0.05327201]))","(array([0.06926215]), array([-0.04555154]))","(array([0.06622863]), array([-0.04551019]))","(array([0.06509032]), array([-0.0388408]))","(array([0.06482894]), array([-0.03062844]))","(array([0.06542009]), array([-0.02605434]))","(array([0.06640207]), array([-0.02638672]))","(array([0.06693148]), array([-0.02731199]))","(array([0.06577718]), array([-0.03147835]))","(array([0.0684133]), array([-0.02701228]))"
(0.029715260048776226+0j),[0.21862045],[1.],[0.2495431],[1.],"(array([0.12219154]), array([-0.00701982]))","(array([0.06926191]), array([-0.04555155]))","(array([0.06622841]), array([-0.04551022]))","(array([0.0650901]), array([-0.03884085]))","(array([0.06482874]), array([-0.03062851]))","(array([0.0654199]), array([-0.02605443]))","(array([0.0664019]), array([-0.02638683]))","(array([0.06693133]), array([-0.0273121]))","(array([0.06577704]), array([-0.03147847]))","(array([0.06841317]), array([-0.02701242]))","(array([0.06917849]), array([-0.02731634]))"
(0.02978102948561305+0j),[0.20039032],[1.],[0.2646758],[1.],"(array([0.12569174]), array([0.00359328]))","(array([0.06622812]), array([-0.04551021]))","(array([0.06508983]), array([-0.03884087]))","(array([0.06482848]), array([-0.03062856]))","(array([0.06541966]), array([-0.02605451]))","(array([0.06640168]), array([-0.02638693]))","(array([0.06693112]), array([-0.02731223]))","(array([0.06577684]), array([-0.0314786]))","(array([0.06841301]), array([-0.02701257]))","(array([0.06917834]), array([-0.0273165]))","(array([0.07077573]), array([-0.02429752]))"
(0.029944742786931357+0j),[0.17756322],[1.],[0.28143126],[1.],"(array([0.12605749]), array([-0.00037894]))","(array([0.06508947]), array([-0.03884085]))","(array([0.06482814]), array([-0.03062859]))","(array([0.06541933]), array([-0.02605458]))","(array([0.06640137]), array([-0.02638703]))","(array([0.06693083]), array([-0.02731235]))","(array([0.06577657]), array([-0.03147873]))","(array([0.06841276]), array([-0.02701274]))","(array([0.06917812]), array([-0.02731669]))","(array([0.07077553]), array([-0.02429773]))","(array([0.06899965]), array([-0.02924846]))"
(0.02999285612913998+0j),[0.15266544],[1.],[0.29593612],[1.],"(array([0.12863359]), array([0.00110398]))","(array([0.06482774]), array([-0.03062857]))","(array([0.06541896]), array([-0.02605461]))","(array([0.06640101]), array([-0.0263871]))","(array([0.06693049]), array([-0.02731245]))","(array([0.06577625]), array([-0.03147883]))","(array([0.06841247]), array([-0.02701289]))","(array([0.06917785]), array([-0.02731686]))","(array([0.0707753]), array([-0.02429794]))","(array([0.06899942]), array([-0.02924867]))","(array([0.06636543]), array([-0.0350588]))"
(0.02902774312780689+0j),[0.16153764],[1.],[0.28501157],[1.],"(array([0.13094925]), array([0.00363996]))","(array([0.06541858]), array([-0.02605459]))","(array([0.06640065]), array([-0.02638712]))","(array([0.06693015]), array([-0.0273125]))","(array([0.06577592]), array([-0.0314789]))","(array([0.06841217]), array([-0.02701301]))","(array([0.06917757]), array([-0.02731701]))","(array([0.07077504]), array([-0.02429812]))","(array([0.06899917]), array([-0.02924885]))","(array([0.0663652]), array([-0.03505898]))","(array([0.06273831]), array([-0.04012901]))"
(0.02803171443191387+0j),[0.15548047],[1.],[0.2819788],[1.],"(array([0.12913201]), array([0.01005637]))","(array([0.06640029]), array([-0.0263871]))","(array([0.0669298]), array([-0.02731252]))","(array([0.06577559]), array([-0.03147893]))","(array([0.06841186]), array([-0.0270131]))","(array([0.06917727]), array([-0.02731712]))","(array([0.07077477]), array([-0.02429827]))","(array([0.06899891]), array([-0.029249]))","(array([0.06636494]), array([-0.03505912]))","(array([0.06273807]), array([-0.04012916]))","(array([0.06312986]), array([-0.03712234]))"
(0.027074796982053263+0j),[0.15011313],[1.],[0.27873408],[1.],"(array([0.12942851]), array([0.00840404]))","(array([0.06692945]), array([-0.0273125]))","(array([0.06577525]), array([-0.03147893]))","(array([0.06841154]), array([-0.02701315]))","(array([0.06917697]), array([-0.0273172]))","(array([0.07077449]), array([-0.02429839]))","(array([0.06899864]), array([-0.02924913]))","(array([0.06636468]), array([-0.03505925]))","(array([0.06273781]), array([-0.04012928]))","(array([0.06312964]), array([-0.03712248]))","(array([0.06164427]), array([-0.03718882]))"
(0.02303440804034899+0j),[0.15132442],[1.],[0.24939864],[1.],"(array([0.12667836]), array([0.00632703]))","(array([0.06577492]), array([-0.03147889]))","(array([0.06841123]), array([-0.02701316]))","(array([0.06917666]), array([-0.02731725]))","(array([0.0707742]), array([-0.02429847]))","(array([0.06899836]), array([-0.02924922]))","(array([0.06636441]), array([-0.03505933]))","(array([0.06273756]), array([-0.04012936]))","(array([0.06312941]), array([-0.03712259]))","(array([0.06164405]), array([-0.03718894]))","(array([0.05900726]), array([-0.03492463]))"
(0.019696799822214048+0j),[0.15139994],[1.],[0.22284488],[1.],"(array([0.11909228]), array([0.00253821]))","(array([0.06841091]), array([-0.02701314]))","(array([0.06917636]), array([-0.02731725]))","(array([0.07077391]), array([-0.02429852]))","(array([0.06899808]), array([-0.02924927]))","(array([0.06636414]), array([-0.03505939]))","(array([0.0627373]), array([-0.04012942]))","(array([0.06312916]), array([-0.03712268]))","(array([0.06164383]), array([-0.03718904]))","(array([0.05900705]), array([-0.03492474]))","(array([0.05611845]), array([-0.02916596]))"
(0.01672093546114833+0j),[0.15089717],[1.],[0.19666902],[1.],"(array([0.11582043]), array([0.00692013]))","(array([0.06917606]), array([-0.02731723]))","(array([0.07077363]), array([-0.02429854]))","(array([0.06899781]), array([-0.02924929]))","(array([0.06636388]), array([-0.03505941]))","(array([0.06273705]), array([-0.04012944]))","(array([0.06312893]), array([-0.03712273]))","(array([0.06164361]), array([-0.03718911]))","(array([0.05900685]), array([-0.03492482]))","(array([0.05611826]), array([-0.02916605]))","(array([0.05309194]), array([-0.0240915]))"
(0.015224905200917013+0j),[0.14374033],[1.],[0.18797341],[1.],"(array([0.1120525]), array([0.0065195]))","(array([0.07077337]), array([-0.02429852]))","(array([0.06899756]), array([-0.02924928]))","(array([0.06636364]), array([-0.03505941]))","(array([0.06273682]), array([-0.04012944]))","(array([0.06312872]), array([-0.03712276]))","(array([0.06164341]), array([-0.03718915]))","(array([0.05900666]), array([-0.03492488]))","(array([0.05611808]), array([-0.02916612]))","(array([0.05309177]), array([-0.02409158]))","(array([0.05074177]), array([-0.02021398]))"
(0.013782740646290736+0j),[0.13423019],[1.],[0.18092776],[1.],"(array([0.11170092]), array([0.00789448]))","(array([0.06899734]), array([-0.02924925]))","(array([0.06636343]), array([-0.03505938]))","(array([0.06273662]), array([-0.04012942]))","(array([0.06312852]), array([-0.03712276]))","(array([0.06164322]), array([-0.03718917]))","(array([0.05900649]), array([-0.03492491]))","(array([0.05611792]), array([-0.02916616]))","(array([0.05309162]), array([-0.02409163]))","(array([0.05074163]), array([-0.02021404]))","(array([0.04834382]), array([-0.01934801]))"
(0.012582854989686183+0j),[0.13485386],[1.],[0.16797165],[1.],"(array([0.10842016]), array([0.00097754]))","(array([0.06636319]), array([-0.03505932]))","(array([0.06273639]), array([-0.04012937]))","(array([0.06312831]), array([-0.03712274]))","(array([0.06164302]), array([-0.03718916]))","(array([0.05900629]), array([-0.03492492]))","(array([0.05611773]), array([-0.02916619]))","(array([0.05309144]), array([-0.02409167]))","(array([0.05074146]), array([-0.02021409]))","(array([0.04834366]), array([-0.01934807]))","(array([0.04588865]), array([-0.01902801]))"
(0.014080263731601856+0j),[0.14354402],[1.],[0.17848368],[1.],"(array([0.10610092]), array([-0.00455148]))","(array([0.06273611]), array([-0.04012926]))","(array([0.06312803]), array([-0.03712267]))","(array([0.06164275]), array([-0.03718912]))","(array([0.05900604]), array([-0.03492489]))","(array([0.05611748]), array([-0.02916619]))","(array([0.0530912]), array([-0.02409169]))","(array([0.05074124]), array([-0.02021413]))","(array([0.04834345]), array([-0.01934812]))","(array([0.04588845]), array([-0.01902807]))","(array([0.04628948]), array([-0.01916028]))"
(0.015769805114720516+0j),[0.14023552],[1.],[0.1986576],[1.],"(array([0.10486185]), array([-0.00758993]))","(array([0.06312771]), array([-0.03712255]))","(array([0.06164244]), array([-0.03718903]))","(array([0.05900573]), array([-0.03492483]))","(array([0.05611718]), array([-0.02916616]))","(array([0.05309091]), array([-0.02409168]))","(array([0.05074096]), array([-0.02021415]))","(array([0.04834319]), array([-0.01934815]))","(array([0.04588821]), array([-0.0190281]))","(array([0.04628925]), array([-0.01916034]))","(array([0.04924276]), array([-0.02021267]))"
(0.017472982085887448+0j),[0.14216807],[1.],[0.21351375],[1.],"(array([0.10966736]), array([-0.00538925]))","(array([0.0616421]), array([-0.0371889]))","(array([0.0590054]), array([-0.03492473]))","(array([0.05611686]), array([-0.02916609]))","(array([0.0530906]), array([-0.02409165]))","(array([0.05074066]), array([-0.02021414]))","(array([0.0483429]), array([-0.01934815]))","(array([0.04588793]), array([-0.01902812]))","(array([0.04628899]), array([-0.01916038]))","(array([0.04924253]), array([-0.02021275]))","(array([0.0507517]), array([-0.02443826]))"
(0.018137605238290493+0j),[0.13973905],[1.],[0.22107104],[1.],"(array([0.11039747]), array([-0.00503255]))","(array([0.05900511]), array([-0.03492462]))","(array([0.05611658]), array([-0.029166]))","(array([0.05309032]), array([-0.02409159]))","(array([0.05074039]), array([-0.0202141]))","(array([0.04834264]), array([-0.01934814]))","(array([0.04588768]), array([-0.01902812]))","(array([0.04628875]), array([-0.0191604]))","(array([0.0492423]), array([-0.0202128]))","(array([0.05075149]), array([-0.02443833]))","(array([0.05222592]), array([-0.02614554]))"
(0.018819237482072614+0j),[0.14473648],[1.],[0.22381372],[1.],"(array([0.10948386]), array([-0.00336136]))","(array([0.0561163]), array([-0.0291659]))","(array([0.05309005]), array([-0.02409151]))","(array([0.05074013]), array([-0.02021405]))","(array([0.04834239]), array([-0.0193481]))","(array([0.04588744]), array([-0.0190281]))","(array([0.04628852]), array([-0.0191604]))","(array([0.04924208]), array([-0.02021283]))","(array([0.05075128]), array([-0.02443837]))","(array([0.05222573]), array([-0.02614561]))","(array([0.05257398]), array([-0.02793455]))"
(0.01945638935913298+0j),[0.13187448],[1.],[0.23686195],[1.],"(array([0.10726724]), array([0.00335114]))","(array([0.05308979]), array([-0.02409141]))","(array([0.05073987]), array([-0.02021398]))","(array([0.04834214]), array([-0.01934805]))","(array([0.04588721]), array([-0.01902805]))","(array([0.04628829]), array([-0.01916038]))","(array([0.04924187]), array([-0.02021284]))","(array([0.05075108]), array([-0.0244384]))","(array([0.05222553]), array([-0.02614565]))","(array([0.05257379]), array([-0.02793461]))","(array([0.05373608]), array([-0.02803978]))"
(0.020102782325608727+0j),[0.14971469],[1.],[0.2314739],[1.],"(array([0.10718008]), array([0.00547036]))","(array([0.0507396]), array([-0.02021389]))","(array([0.04834188]), array([-0.01934797]))","(array([0.04588696]), array([-0.019028]))","(array([0.04628805]), array([-0.01916035]))","(array([0.04924163]), array([-0.02021285]))","(array([0.05075085]), array([-0.02443842]))","(array([0.05222532]), array([-0.02614569]))","(array([0.05257359]), array([-0.02793467]))","(array([0.05373589]), array([-0.02803985]))","(array([0.05264642]), array([-0.03206298]))"
(0.020687153056270495+0j),[0.16421306],[1.],[0.22641297],[1.],"(array([0.10370152]), array([0.01317491]))","(array([0.04834162]), array([-0.01934788]))","(array([0.0458867]), array([-0.01902792]))","(array([0.04628781]), array([-0.0191603]))","(array([0.04924139]), array([-0.02021284]))","(array([0.05075062]), array([-0.02443843]))","(array([0.0522251]), array([-0.02614572]))","(array([0.05257338]), array([-0.02793471]))","(array([0.05373569]), array([-0.02803991]))","(array([0.05264624]), array([-0.03206305]))","(array([0.05539655]), array([-0.02917226]))"
(0.021251628097101245+0j),[0.16123341],[1.],[0.23315436],[1.],"(array([0.10024713]), array([0.01720729]))","(array([0.04588645]), array([-0.01902783]))","(array([0.04628756]), array([-0.01916025]))","(array([0.04924116]), array([-0.02021281]))","(array([0.05075039]), array([-0.02443842]))","(array([0.05222488]), array([-0.02614574]))","(array([0.05257317]), array([-0.02793474]))","(array([0.0537355]), array([-0.02803996]))","(array([0.05264605]), array([-0.03206311]))","(array([0.05539638]), array([-0.02917234]))","(array([0.05761051]), array([-0.02667418]))"
(0.019689050963067296+0j),[0.15607366],[1.],[0.22357581],[1.],"(array([0.09729475]), array([0.01686502]))","(array([0.04628733]), array([-0.01916017]))","(array([0.04924093]), array([-0.02021277]))","(array([0.05075017]), array([-0.0244384]))","(array([0.05222467]), array([-0.02614574]))","(array([0.05257297]), array([-0.02793475]))","(array([0.0537353]), array([-0.02804]))","(array([0.05264587]), array([-0.03206315]))","(array([0.05539621]), array([-0.02917241]))","(array([0.05761036]), array([-0.02667428]))","(array([0.0567883]), array([-0.02657472]))"
(0.018251277942857642+0j),[0.13649005],[1.],[0.22407957],[1.],"(array([0.09558111]), array([0.01560519]))","(array([0.0492407]), array([-0.02021272]))","(array([0.05074995]), array([-0.02443836]))","(array([0.05222446]), array([-0.02614572]))","(array([0.05257276]), array([-0.02793475]))","(array([0.05373511]), array([-0.02804002]))","(array([0.05264568]), array([-0.03206317]))","(array([0.05539604]), array([-0.02917247]))","(array([0.0576102]), array([-0.02667436]))","(array([0.05678815]), array([-0.02657481]))","(array([0.05475461]), array([-0.02530723]))"
(0.01685057206235226+0j),[0.14235305],[1.],[0.20799334],[1.],"(array([0.09857433]), array([0.01027638]))","(array([0.05074972]), array([-0.0244383]))","(array([0.05222423]), array([-0.02614568]))","(array([0.05257255]), array([-0.02793473]))","(array([0.0537349]), array([-0.02804002]))","(array([0.05264548]), array([-0.03206319]))","(array([0.05539585]), array([-0.02917251]))","(array([0.05761003]), array([-0.02667443]))","(array([0.05678799]), array([-0.0265749]))","(array([0.05475446]), array([-0.02530732]))","(array([0.05107119]), array([-0.02747988]))"
(0.018550137080244125+0j),[0.14219771],[1.],[0.22345692],[1.],"(array([0.09951774]), array([0.00744547]))","(array([0.052224]), array([-0.02614562]))","(array([0.05257232]), array([-0.02793469]))","(array([0.05373468]), array([-0.02804001]))","(array([0.05264526]), array([-0.03206318]))","(array([0.05539564]), array([-0.02917254]))","(array([0.05760984]), array([-0.02667449]))","(array([0.05678781]), array([-0.02657497]))","(array([0.05475429]), array([-0.02530741]))","(array([0.05107103]), array([-0.02747997]))","(array([0.05199622]), array([-0.02629271]))"
(0.02027505596101106+0j),[0.14297071],[1.],[0.23744756],[1.],"(array([0.10434389]), array([0.00574359]))","(array([0.05257207]), array([-0.02793464]))","(array([0.05373444]), array([-0.02803998]))","(array([0.05264503]), array([-0.03206316]))","(array([0.05539543]), array([-0.02917257]))","(array([0.05760963]), array([-0.02667455]))","(array([0.05678761]), array([-0.02657504]))","(array([0.0547541]), array([-0.02530749]))","(array([0.05107084]), array([-0.02748004]))","(array([0.05199605]), array([-0.02629281]))","(array([0.05367688]), array([-0.0291928]))"
(0.02203574519187866+0j),[0.12437454],[1.],[0.26095104],[1.],"(array([0.1077471]), array([0.00416528]))","(array([0.05373419]), array([-0.02803994]))","(array([0.0526448]), array([-0.03206313]))","(array([0.0553952]), array([-0.02917257]))","(array([0.05760941]), array([-0.02667459]))","(array([0.05678741]), array([-0.0265751]))","(array([0.0547539]), array([-0.02530756]))","(array([0.05107065]), array([-0.02748012]))","(array([0.05199587]), array([-0.0262929]))","(array([0.05367671]), array([-0.0291929]))","(array([0.05538693]), array([-0.03173327]))"
(0.01989372975458207+0j),[0.13186111],[1.],[0.24082313],[1.],"(array([0.11076616]), array([-2.71597468e-05]))","(array([0.05264455]), array([-0.03206308]))","(array([0.05539496]), array([-0.02917256]))","(array([0.05760918]), array([-0.02667462]))","(array([0.05678718]), array([-0.02657515]))","(array([0.05475369]), array([-0.02530762]))","(array([0.05107044]), array([-0.02748017]))","(array([0.05199568]), array([-0.02629298]))","(array([0.05367654]), array([-0.02919299]))","(array([0.05538676]), array([-0.03173338]))","(array([0.05277584]), array([-0.035385]))"
(0.018102353122619683+0j),[0.14983501],[1.],[0.21466759],[1.],"(array([0.10527529]), array([-0.00230201]))","(array([0.0553947]), array([-0.02917253]))","(array([0.05760893]), array([-0.02667463]))","(array([0.05678694]), array([-0.02657518]))","(array([0.05475346]), array([-0.02530767]))","(array([0.05107022]), array([-0.02748022]))","(array([0.05199547]), array([-0.02629305]))","(array([0.05367634]), array([-0.02919308]))","(array([0.05538658]), array([-0.03173348]))","(array([0.05277566]), array([-0.0353851]))","(array([0.05208927]), array([-0.03069929]))"
(0.016472087863521525+0j),[0.1394446],[1.],[0.20702779],[1.],"(array([0.10220706]), array([0.00447412]))","(array([0.05760864]), array([-0.02667462]))","(array([0.05678666]), array([-0.0265752]))","(array([0.05475318]), array([-0.02530771]))","(array([0.05106995]), array([-0.02748025]))","(array([0.05199522]), array([-0.02629311]))","(array([0.0536761]), array([-0.02919316]))","(array([0.05538636]), array([-0.03173358]))","(array([0.05277544]), array([-0.0353852]))","(array([0.05208907]), array([-0.0306994]))","(array([0.05254514]), array([-0.02371766]))"
(0.014546752244192326+0j),[0.13663551],[1.],[0.19050357],[1.],"(array([0.10229736]), array([0.00462976]))","(array([0.05678631]), array([-0.02657519]))","(array([0.05475284]), array([-0.02530772]))","(array([0.05106962]), array([-0.02748027]))","(array([0.0519949]), array([-0.02629316]))","(array([0.05367581]), array([-0.02919324]))","(array([0.05538608]), array([-0.03173368]))","(array([0.05277518]), array([-0.0353853]))","(array([0.05208883]), array([-0.03069952]))","(array([0.05254491]), array([-0.02371781]))","(array([0.04945489]), array([-0.02304969]))"
(0.01287469740703755+0j),[0.14477259],[1.],[0.16622026],[1.],"(array([0.09786027]), array([0.00411174]))","(array([0.05475244]), array([-0.0253077]))","(array([0.05106923]), array([-0.02748025]))","(array([0.05199453]), array([-0.0262932]))","(array([0.05367544]), array([-0.0291933]))","(array([0.05538574]), array([-0.03173378]))","(array([0.05277485]), array([-0.03538539]))","(array([0.05208852]), array([-0.03069965]))","(array([0.05254464]), array([-0.02371797]))","(array([0.04945463]), array([-0.02304986]))","(array([0.04711281]), array([-0.020228]))"
(0.011491473509824024+0j),[0.14772441],[1.],[0.14659019],[1.],"(array([0.09053595]), array([0.00713888]))","(array([0.05106879]), array([-0.0274802]))","(array([0.0519941]), array([-0.0262932]))","(array([0.05367503]), array([-0.02919334]))","(array([0.05538535]), array([-0.03173385]))","(array([0.05277447]), array([-0.03538546]))","(array([0.05208816]), array([-0.03069975]))","(array([0.05254431]), array([-0.02371813]))","(array([0.04945432]), array([-0.02305001]))","(array([0.04711252]), array([-0.02022817]))","(array([0.0459915]), array([-0.01476656]))"
(0.012321570194211371+0j),[0.15138982],[1.],[0.15400661],[1.],"(array([0.08550435]), array([0.00566891]))","(array([0.05199365]), array([-0.02629317]))","(array([0.0536746]), array([-0.02919336]))","(array([0.05538493]), array([-0.0317339]))","(array([0.05277407]), array([-0.03538552]))","(array([0.05208778]), array([-0.03069985]))","(array([0.05254396]), array([-0.02371827]))","(array([0.04945398]), array([-0.02305016]))","(array([0.04711221]), array([-0.02022833]))","(array([0.04599122]), array([-0.01476675]))","(array([0.04592591]), array([-0.01324795]))"
(0.013115728881662144+0j),[0.17055753],[1.],[0.14389842],[1.],"(array([0.088033]), array([0.00763112]))","(array([0.05367414]), array([-0.02919334]))","(array([0.05538449]), array([-0.03173393]))","(array([0.05277364]), array([-0.03538555]))","(array([0.05208737]), array([-0.03069992]))","(array([0.05254358]), array([-0.0237184]))","(array([0.04945362]), array([-0.02305029]))","(array([0.04711186]), array([-0.02022848]))","(array([0.04599091]), array([-0.01476693]))","(array([0.04592563]), array([-0.01324816]))","(array([0.04739915]), array([-0.01424929]))"
(0.013824022616276114+0j),[0.17791827],[1.],[0.1446159],[1.],"(array([0.08744442]), array([0.00901671]))","(array([0.05538398]), array([-0.03173392]))","(array([0.05277315]), array([-0.03538554]))","(array([0.0520869]), array([-0.03069996]))","(array([0.05254313]), array([-0.0237185]))","(array([0.04945319]), array([-0.02305041]))","(array([0.04711146]), array([-0.02022861]))","(array([0.04599054]), array([-0.01476711]))","(array([0.04592529]), array([-0.01324837]))","(array([0.04739885]), array([-0.01424953]))","(array([0.04997622]), array([-0.01014138]))"
(0.01231092755947698+0j),[0.17727998],[1.],[0.12349198],[1.],"(array([0.08582715]), array([0.00815854]))","(array([0.05277258]), array([-0.03538548]))","(array([0.05208635]), array([-0.03069996]))","(array([0.0525426]), array([-0.02371859]))","(array([0.04945268]), array([-0.0230505]))","(array([0.04711097]), array([-0.02022873]))","(array([0.04599009]), array([-0.01476728]))","(array([0.04592487]), array([-0.01324858]))","(array([0.04739847]), array([-0.01424978]))","(array([0.04997591]), array([-0.0101417]))","(array([0.04976971]), array([-0.00641888]))"
(0.011172813641365357+0j),[0.16255046],[1.],[0.12576128],[1.],"(array([0.0786316]), array([0.00446003]))","(array([0.05208569]), array([-0.03069991]))","(array([0.05254197]), array([-0.02371863]))","(array([0.04945207]), array([-0.02305055]))","(array([0.04711039]), array([-0.02022883]))","(array([0.04598954]), array([-0.01476744]))","(array([0.04592437]), array([-0.01324879]))","(array([0.047398]), array([-0.01425004]))","(array([0.04997552]), array([-0.01014204]))","(array([0.04976937]), array([-0.00641926]))","(array([0.04743696]), array([-0.00247245]))"
(0.00999221466754824+0j),[0.16059557],[1.],[0.10897715],[1.],"(array([0.07845899]), array([0.0057926]))","(array([0.05254123]), array([-0.02371862]))","(array([0.04945136]), array([-0.02305056]))","(array([0.04710971]), array([-0.02022888]))","(array([0.0459889]), array([-0.01476757]))","(array([0.04592376]), array([-0.01324899]))","(array([0.04739744]), array([-0.01425029]))","(array([0.04997504]), array([-0.0101424]))","(array([0.04976895]), array([-0.00641967]))","(array([0.04743657]), array([-0.00247288]))","(array([0.04479036]), array([-0.0045944]))"
(0.008878186195019401+0j),[0.15238655],[1.],[0.100756],[1.],"(array([0.07521077]), array([0.01217301]))","(array([0.04945056]), array([-0.02305052]))","(array([0.04710894]), array([-0.02022888]))","(array([0.04598817]), array([-0.01476767]))","(array([0.04592307]), array([-0.01324916]))","(array([0.04739679]), array([-0.01425054]))","(array([0.04997447]), array([-0.01014277]))","(array([0.04976844]), array([-0.0064201]))","(array([0.0474361]), array([-0.00247334]))","(array([0.04478987]), array([-0.00459482]))","(array([0.04241819]), array([-0.00168733]))"
(0.00791348218882272+0j),[0.14516375],[1.],[0.09270298],[1.],"(array([0.07038718]), array([0.01102064]))","(array([0.04710805]), array([-0.02022883]))","(array([0.04598731]), array([-0.01476773]))","(array([0.04592225]), array([-0.0132493]))","(array([0.04739602]), array([-0.01425077]))","(array([0.04997378]), array([-0.01014315]))","(array([0.04976782]), array([-0.00642056]))","(array([0.04743553]), array([-0.00247383]))","(array([0.04478928]), array([-0.00459527]))","(array([0.04241764]), array([-0.0016878]))","(array([0.03997516]), array([-0.00109692]))"
(0.0070387772491762955+0j),[0.14653831],[1.],[0.06961014],[1.],"(array([0.0663307]), array([0.01218502]))","(array([0.04598625]), array([-0.01476772]))","(array([0.04592123]), array([-0.0132494]))","(array([0.04739505]), array([-0.01425098]))","(array([0.0499729]), array([-0.01014355]))","(array([0.04976702]), array([-0.00642106]))","(array([0.04743478]), array([-0.00247438]))","(array([0.04478852]), array([-0.00459576]))","(array([0.04241692]), array([-0.00168832]))","(array([0.03997447]), array([-0.00109744]))","(array([0.03768295]), array([-0.00044139]))"
(0.007089534854524942+0j),[0.1387668],[1.],[0.08577926],[1.],"(array([0.06279495]), array([0.01781279]))","(array([0.04591992]), array([-0.01324942]))","(array([0.04739379]), array([-0.01425114]))","(array([0.04997174]), array([-0.01014397]))","(array([0.04976595]), array([-0.00642162]))","(array([0.04743376]), array([-0.002475]))","(array([0.04478749]), array([-0.00459632]))","(array([0.04241595]), array([-0.00168892]))","(array([0.03997354]), array([-0.00109802]))","(array([0.03768205]), array([-0.00044197]))","(array([0.03662046]), array([0.00173226]))"
(0.007201792695015075+0j),[0.13428796],[1.],[0.09551298],[1.],"(array([0.06628572]), array([0.01758346]))","(array([0.04739222]), array([-0.01425121]))","(array([0.04997027]), array([-0.01014436]))","(array([0.04976457]), array([-0.00642219]))","(array([0.04743245]), array([-0.00247566]))","(array([0.04478616]), array([-0.00459688]))","(array([0.0424147]), array([-0.00168954]))","(array([0.03997232]), array([-0.00109863]))","(array([0.03768089]), array([-0.00044258]))","(array([0.03661942]), array([0.00173153]))","(array([0.03688567]), array([-0.00222233]))"
(0.007356293475377509+0j),[0.13691765],[1.],[0.09546134],[1.],"(array([0.06986203]), array([0.01562159]))","(array([0.04996862]), array([-0.01014467]))","(array([0.04976301]), array([-0.00642271]))","(array([0.04743095]), array([-0.00247627]))","(array([0.04478466]), array([-0.0045974]))","(array([0.04241327]), array([-0.00169013]))","(array([0.03997094]), array([-0.00109922]))","(array([0.03767956]), array([-0.00044315]))","(array([0.03661821]), array([0.00173082]))","(array([0.03688453]), array([-0.00222305]))","(array([0.03710633]), array([-0.00452455]))"
(0.007950674351988565+0j),[0.128923],[1.],[0.11692198],[1.],"(array([0.07347881]), array([0.02020492]))","(array([0.04976142]), array([-0.00642314]))","(array([0.04742942]), array([-0.00247681]))","(array([0.04478313]), array([-0.00459783]))","(array([0.0424118]), array([-0.00169064]))","(array([0.03996953]), array([-0.00109972]))","(array([0.0376782]), array([-0.00044366]))","(array([0.03661697]), array([0.00173017]))","(array([0.03688335]), array([-0.00222371]))","(array([0.03710524]), array([-0.00452526]))","(array([0.03803963]), array([-0.00518696]))"
(0.008659565832442444+0j),[0.12099877],[1.],[0.13612018],[1.],"(array([0.07799328]), array([0.02207518]))","(array([0.04742783]), array([-0.00247726]))","(array([0.04478155]), array([-0.00459818]))","(array([0.04241028]), array([-0.00169107]))","(array([0.03996806]), array([-0.00110015]))","(array([0.03767678]), array([-0.00044409]))","(array([0.03661566]), array([0.00172958]))","(array([0.03688211]), array([-0.00222431]))","(array([0.0371041]), array([-0.00452592]))","(array([0.03803864]), array([-0.00518773]))","(array([0.03879732]), array([-0.0102016]))"
(0.009490078072739853+0j),[0.10784755],[1.],[0.15773099],[1.],"(array([0.07993636]), array([0.02417962]))","(array([0.04477998]), array([-0.00459843]))","(array([0.04240877]), array([-0.0016914]))","(array([0.03996659]), array([-0.00110048]))","(array([0.03767536]), array([-0.00044443]))","(array([0.03661435]), array([0.00172908]))","(array([0.03688086]), array([-0.00222483]))","(array([0.03710294]), array([-0.0045265]))","(array([0.03803762]), array([-0.00518844]))","(array([0.03879639]), array([-0.01020232]))","(array([0.03934089]), array([-0.01482597]))"
(0.010833922205072215+0j),[0.10002218],[1.],[0.17839712],[1.],"(array([0.08245503]), array([0.01921737]))","(array([0.04240731]), array([-0.00169163]))","(array([0.03996517]), array([-0.00110072]))","(array([0.03767399]), array([-0.00044468]))","(array([0.03661307]), array([0.00172868]))","(array([0.03687965]), array([-0.00222526]))","(array([0.03710181]), array([-0.00452699]))","(array([0.03803661]), array([-0.00518906]))","(array([0.03879546]), array([-0.01020296]))","(array([0.03934005]), array([-0.01482663]))","(array([0.03946351]), array([-0.02072089]))"
(0.012330794009374013+0j),[0.08172285],[1.],[0.20258585],[1.],"(array([0.08467801]), array([0.02033131]))","(array([0.03996382]), array([-0.00110088]))","(array([0.03767269]), array([-0.00044485]))","(array([0.03661184]), array([0.00172836]))","(array([0.03687848]), array([-0.0022256]))","(array([0.03710072]), array([-0.0045274]))","(array([0.03803563]), array([-0.00518959]))","(array([0.03879456]), array([-0.01020351]))","(array([0.03933923]), array([-0.01482721]))","(array([0.03946274]), array([-0.02072146]))","(array([0.0402086]), array([-0.02559716]))"
(0.014051610476771548+0j),[0.08005932],[1.],[0.21917728],[1.],"(array([0.08760404]), array([0.01688312]))","(array([0.03767128]), array([-0.00044492]))","(array([0.03661051]), array([0.00172812]))","(array([0.03687721]), array([-0.00222588]))","(array([0.03709952]), array([-0.00452775]))","(array([0.03803456]), array([-0.00519008]))","(array([0.03879356]), array([-0.01020403]))","(array([0.03933832]), array([-0.01482776]))","(array([0.0394619]), array([-0.02072202]))","(array([0.04020783]), array([-0.02559775]))","(array([0.03939549]), array([-0.03226686]))"
(0.017155799179814406+0j),[0.06879781],[1.],[0.24847136],[1.],"(array([0.09015479]), array([0.01715665]))","(array([0.03660889]), array([0.00172795]))","(array([0.03687566]), array([-0.00222608]))","(array([0.03709806]), array([-0.00452805]))","(array([0.03803322]), array([-0.00519057]))","(array([0.03879232]), array([-0.01020456]))","(array([0.03933717]), array([-0.01482833]))","(array([0.03946083]), array([-0.02072261]))","(array([0.04020686]), array([-0.02559838]))","(array([0.03939457]), array([-0.03226748]))","(array([0.04148596]), array([-0.03665276]))"
(0.020518475149166646+0j),[0.07035835],[1.],[0.2728167],[1.],"(array([0.0955312]), array([0.01680089]))","(array([0.03687378]), array([-0.00222619]))","(array([0.03709628]), array([-0.00452828]))","(array([0.03803157]), array([-0.00519102]))","(array([0.03879078]), array([-0.01020507]))","(array([0.03933575]), array([-0.01482891]))","(array([0.03945951]), array([-0.02072321]))","(array([0.04020564]), array([-0.02559904]))","(array([0.03939342]), array([-0.03226814]))","(array([0.04148493]), array([-0.03665349]))","(array([0.04251572]), array([-0.04349343]))"
(0.024030271978740247+0j),[0.07523656],[1.],[0.29503343],[1.],"(array([0.10111011]), array([0.01328493]))","(array([0.03709424]), array([-0.00452839]))","(array([0.03802966]), array([-0.0051914]))","(array([0.038789]), array([-0.01020553]))","(array([0.0393341]), array([-0.01482945]))","(array([0.03945796]), array([-0.02072378]))","(array([0.04020421]), array([-0.02559969]))","(array([0.03939207]), array([-0.03226879]))","(array([0.04148372]), array([-0.03665425]))","(array([0.0425146]), array([-0.04349423]))","(array([0.04555222]), array([-0.04787661]))"
(0.02464185365828085+0j),[0.07148702],[1.],[0.29965899],[1.],"(array([0.10411129]), array([0.01211032]))","(array([0.03802747]), array([-0.00519171]))","(array([0.03878695]), array([-0.01020593]))","(array([0.0393322]), array([-0.01482995]))","(array([0.03945618]), array([-0.02072433]))","(array([0.04020255]), array([-0.02560033]))","(array([0.03939051]), array([-0.03226944]))","(array([0.0414823]), array([-0.03665502]))","(array([0.04251329]), array([-0.04349505]))","(array([0.04555106]), array([-0.04787754]))","(array([0.04791921]), array([-0.04972113]))"
(0.02520716052311576+0j),[0.0707064],[1.],[0.30320972],[1.],"(array([0.10603551]), array([0.01063966]))","(array([0.03878481]), array([-0.01020621]))","(array([0.0393302]), array([-0.01483034]))","(array([0.0394543]), array([-0.02072477]))","(array([0.04020081]), array([-0.02560088]))","(array([0.03938886]), array([-0.03227001]))","(array([0.04148079]), array([-0.03665572]))","(array([0.0425119]), array([-0.04349582]))","(array([0.04554981]), array([-0.04787843]))","(array([0.04791811]), array([-0.04972212]))","(array([0.04771566]), array([-0.0509829]))"
(0.02576097221070227+0j),[0.06416509],[1.],[0.30789407],[1.],"(array([0.10755058]), array([0.00557414]))","(array([0.03932811]), array([-0.01483062]))","(array([0.03945234]), array([-0.02072512]))","(array([0.04019897]), array([-0.02560135]))","(array([0.03938713]), array([-0.03227049]))","(array([0.04147919]), array([-0.03665636]))","(array([0.04251041]), array([-0.04349653]))","(array([0.04554848]), array([-0.04787927]))","(array([0.04791693]), array([-0.04972307]))","(array([0.04771459]), array([-0.05098391]))","(array([0.04805031]), array([-0.05166459]))"
(0.026301964478931402+0j),[0.07106991],[1.],[0.30950713],[1.],"(array([0.10910125]), array([-0.00037767]))","(array([0.03945026]), array([-0.02072539]))","(array([0.04019702]), array([-0.02560175]))","(array([0.03938528]), array([-0.03227092]))","(array([0.04147749]), array([-0.03665695]))","(array([0.04250883]), array([-0.04349721]))","(array([0.04554704]), array([-0.04788009]))","(array([0.04791565]), array([-0.04972402]))","(array([0.04771343]), array([-0.05098492]))","(array([0.04804928]), array([-0.05166566]))","(array([0.04740445]), array([-0.05320066]))"
(0.026856722302617226+0j),[0.08419428],[1.],[0.3094032],[1.],"(array([0.10957007]), array([-0.00461309]))","(array([0.04019498]), array([-0.02560206]))","(array([0.03938336]), array([-0.03227126]))","(array([0.04147569]), array([-0.03665748]))","(array([0.04250716]), array([-0.04349783]))","(array([0.04554552]), array([-0.04788087]))","(array([0.04791428]), array([-0.04972494]))","(array([0.04771219]), array([-0.05098591]))","(array([0.04804817]), array([-0.05166672]))","(array([0.04740345]), array([-0.05320175]))","(array([0.04901478]), array([-0.05267118]))"
(0.027403553138237405+0j),[0.09153371],[1.],[0.31044473],[1.],"(array([0.11026891]), array([-0.00648739]))","(array([0.0393813]), array([-0.03227153]))","(array([0.04147378]), array([-0.03665795]))","(array([0.04250537]), array([-0.0434984]))","(array([0.04554388]), array([-0.04788162]))","(array([0.0479128]), array([-0.04972584]))","(array([0.04771084]), array([-0.0509869]))","(array([0.04804696]), array([-0.05166779]))","(array([0.04740234]), array([-0.05320285]))","(array([0.04901382]), array([-0.05267236]))","(array([0.05159203]), array([-0.05113023]))"
(0.02988010391658714+0j),[0.1131945],[1.],[0.31798464],[1.],"(array([0.11093377]), array([-0.01138468]))","(array([0.04147178]), array([-0.03665832]))","(array([0.04250348]), array([-0.0434989]))","(array([0.04554215]), array([-0.0478823]))","(array([0.04791123]), array([-0.0497267]))","(array([0.0477094]), array([-0.05098785]))","(array([0.04804565]), array([-0.05166883]))","(array([0.04740115]), array([-0.05320394]))","(array([0.04901278]), array([-0.05267352]))","(array([0.05159115]), array([-0.05113147]))","(array([0.05386597]), array([-0.0515246]))"
(0.032277297265953686+0j),[0.11879324],[1.],[0.32952481],[1.],"(array([0.1146109]), array([-0.01090688]))","(array([0.04250155]), array([-0.04349928]))","(array([0.04554036]), array([-0.04788288]))","(array([0.04790958]), array([-0.04972747]))","(array([0.04770788]), array([-0.05098873]))","(array([0.04804427]), array([-0.05166981]))","(array([0.04739988]), array([-0.05320497]))","(array([0.04901165]), array([-0.05267464]))","(array([0.05159019]), array([-0.05113268]))","(array([0.05386515]), array([-0.05152587]))","(array([0.0588722]), array([-0.05046628]))"
(0.03468105058427062+0j),[0.12218595],[1.],[0.34126308],[1.],"(array([0.11813142]), array([-0.01635638]))","(array([0.04553857]), array([-0.04788337]))","(array([0.04790792]), array([-0.04972815]))","(array([0.04770634]), array([-0.05098952]))","(array([0.04804287]), array([-0.05167071]))","(array([0.04739858]), array([-0.05320593]))","(array([0.0490105]), array([-0.0526757]))","(array([0.05158919]), array([-0.05113384]))","(array([0.05386428]), array([-0.05152708]))","(array([0.05887152]), array([-0.05046757]))","(array([0.06132258]), array([-0.05192748]))"
(0.032855594213424495+0j),[0.1339202],[1.],[0.32615525],[1.],"(array([0.12112693]), array([-0.01988973]))","(array([0.04790642]), array([-0.04972868]))","(array([0.04770494]), array([-0.05099016]))","(array([0.04804158]), array([-0.05167145]))","(array([0.04739739]), array([-0.05320674]))","(array([0.04900943]), array([-0.0526766]))","(array([0.05158825]), array([-0.05113483]))","(array([0.05386346]), array([-0.05152813]))","(array([0.05887086]), array([-0.0504687]))","(array([0.06132202]), array([-0.05192864]))","(array([0.0620385]), array([-0.05146586]))"
(0.031172261288987653+0j),[0.1167897],[1.],[0.32275067],[1.],"(array([0.12011801]), array([-0.01910556]))","(array([0.04770371]), array([-0.05099064]))","(array([0.04804044]), array([-0.05167203]))","(array([0.04739633]), array([-0.05320737]))","(array([0.04900848]), array([-0.05267732]))","(array([0.05158741]), array([-0.05113564]))","(array([0.05386272]), array([-0.051529]))","(array([0.05887024]), array([-0.05046964]))","(array([0.06132149]), array([-0.05192961]))","(array([0.06203805]), array([-0.05146684]))","(array([0.06262719]), array([-0.04722646]))"
(0.029575375384380292+0j),[0.11582856],[1.],[0.31345797],[1.],"(array([0.11917337]), array([-0.02410064]))","(array([0.04803932]), array([-0.05167252]))","(array([0.04739528]), array([-0.05320793]))","(array([0.04900752]), array([-0.05267796]))","(array([0.05158656]), array([-0.05113637]))","(array([0.05386196]), array([-0.05152979]))","(array([0.05886961]), array([-0.05047052]))","(array([0.06132093]), array([-0.05193051]))","(array([0.06203756]), array([-0.05146776]))","(array([0.06262679]), array([-0.0472274]))","(array([0.0590232]), array([-0.04845039]))"
(0.026938712413753726+0j),[0.09533235],[1.],[0.30424549],[1.],"(array([0.1166315]), array([-0.02497335]))","(array([0.04739411]), array([-0.05320844]))","(array([0.04900645]), array([-0.05267858]))","(array([0.0515856]), array([-0.0511371]))","(array([0.05386109]), array([-0.05153059]))","(array([0.05886887]), array([-0.05047141]))","(array([0.06132028]), array([-0.05193145]))","(array([0.06203698]), array([-0.05146872]))","(array([0.06262631]), array([-0.04722838]))","(array([0.05902273]), array([-0.04845134]))","(array([0.05741926]), array([-0.04605384]))"
(0.024493414488146327+0j),[0.10563484],[1.],[0.28500282],[1.],"(array([0.11397568]), array([-0.03097287]))","(array([0.04900529]), array([-0.05267915]))","(array([0.05158454]), array([-0.05113778]))","(array([0.05386013]), array([-0.05153136]))","(array([0.05886803]), array([-0.05047229]))","(array([0.06131954]), array([-0.05193238]))","(array([0.06203631]), array([-0.05146968]))","(array([0.06262574]), array([-0.04722936]))","(array([0.05902217]), array([-0.0484523]))","(array([0.05741877]), array([-0.04605479]))","(array([0.05254836]), array([-0.04654441]))"
(0.022314857505085935+0j),[0.12291046],[1.],[0.26274119],[1.],"(array([0.11131703]), array([-0.02818556]))","(array([0.05158338]), array([-0.05113844]))","(array([0.05385906]), array([-0.05153211]))","(array([0.0588671]), array([-0.05047317]))","(array([0.06131869]), array([-0.05193331]))","(array([0.06203555]), array([-0.05147065]))","(array([0.06262507]), array([-0.04723037]))","(array([0.05902152]), array([-0.04845328]))","(array([0.05741818]), array([-0.04605577]))","(array([0.05254778]), array([-0.04654534]))","(array([0.05236902]), array([-0.04171759]))"
(0.02413072303338584+0j),[0.11302555],[1.],[0.27989802],[1.],"(array([0.11203802]), array([-0.02288168]))","(array([0.05385799]), array([-0.05153275]))","(array([0.05886614]), array([-0.05047394]))","(array([0.06131782]), array([-0.05193415]))","(array([0.06203475]), array([-0.05147152]))","(array([0.06262437]), array([-0.0472313]))","(array([0.05902083]), array([-0.04845418]))","(array([0.05741756]), array([-0.04605667]))","(array([0.05254716]), array([-0.04654619]))","(array([0.05236849]), array([-0.04171845]))","(array([0.05469943]), array([-0.03822761]))"
(0.025847669282759066+0j),[0.11005694],[1.],[0.29248168],[1.],"(array([0.11801743]), array([-0.02544368]))","(array([0.05886511]), array([-0.05047465]))","(array([0.06131687]), array([-0.05193494]))","(array([0.06203387]), array([-0.05147237]))","(array([0.06262359]), array([-0.04723219]))","(array([0.05902007]), array([-0.04845505]))","(array([0.05741686]), array([-0.04605755]))","(array([0.05254647]), array([-0.04654702]))","(array([0.05236789]), array([-0.0417193]))","(array([0.05469895]), array([-0.03822848]))","(array([0.05467459]), array([-0.04251988]))"
(0.027340147199305182+0j),[0.1083976],[1.],[0.30257446],[1.],"(array([0.12565957]), array([-0.02506661]))","(array([0.06131583]), array([-0.05193573]))","(array([0.06203291]), array([-0.05147321]))","(array([0.06262272]), array([-0.0472331]))","(array([0.05901923]), array([-0.04845593]))","(array([0.05741608]), array([-0.04605843]))","(array([0.0525457]), array([-0.04654786]))","(array([0.05236722]), array([-0.04172016]))","(array([0.0546984]), array([-0.03822938]))","(array([0.05467408]), array([-0.04252075]))","(array([0.05540241]), array([-0.0451423]))"
(0.029970044069104626+0j),[0.13064649],[1.],[0.30998331],[1.],"(array([0.13110627]), array([-0.02685997]))","(array([0.06203189]), array([-0.051474]))","(array([0.0626218]), array([-0.04723396]))","(array([0.05901833]), array([-0.04845676]))","(array([0.05741524]), array([-0.04605928]))","(array([0.05254488]), array([-0.04654866]))","(array([0.05236649]), array([-0.04172099]))","(array([0.05469779]), array([-0.03823025]))","(array([0.05467352]), array([-0.0425216]))","(array([0.05540191]), array([-0.04514314]))","(array([0.05661265]), array([-0.047903]))"
(0.032547478761962276+0j),[0.14120061],[1.],[0.32052198],[1.],"(array([0.13341344]), array([-0.02152493]))","(array([0.06262082]), array([-0.04723477]))","(array([0.05901738]), array([-0.04845756]))","(array([0.05741436]), array([-0.0460601]))","(array([0.052544]), array([-0.04654943]))","(array([0.05236571]), array([-0.04172179]))","(array([0.05469714]), array([-0.0382311]))","(array([0.0546729]), array([-0.04252243]))","(array([0.05540136]), array([-0.04514396]))","(array([0.05661217]), array([-0.04790381]))","(array([0.0616286]), array([-0.04684426]))"
(0.034994122929275916+0j),[0.16352992],[1.],[0.32377893],[1.],"(array([0.13628673]), array([-0.0150772]))","(array([0.05901642]), array([-0.04845828]))","(array([0.05741346]), array([-0.04606084]))","(array([0.05254312]), array([-0.04655013]))","(array([0.05236492]), array([-0.04172253]))","(array([0.05469646]), array([-0.03823189]))","(array([0.05467227]), array([-0.04252321]))","(array([0.0554008]), array([-0.04514473]))","(array([0.05661167]), array([-0.04790457]))","(array([0.06162822]), array([-0.04684504]))","(array([0.06468336]), array([-0.04771825]))"
(0.033750090610655314+0j),[0.17535648],[1.],[0.3097268],[1.],"(array([0.1310415]), array([-0.0113673]))","(array([0.05741258]), array([-0.04606146]))","(array([0.05254227]), array([-0.04655072]))","(array([0.05236415]), array([-0.04172316]))","(array([0.05469579]), array([-0.03823258]))","(array([0.05467164]), array([-0.04252389]))","(array([0.05540023]), array([-0.0451454]))","(array([0.05661117]), array([-0.04790524]))","(array([0.06162784]), array([-0.04684574]))","(array([0.06468306]), array([-0.04771896]))","(array([0.06813525]), array([-0.04383057]))"
(0.032643908645455244+0j),[0.18610093],[1.],[0.29613792],[1.],"(array([0.12638991]), array([-0.00642751]))","(array([0.05254143]), array([-0.04655121]))","(array([0.05236338]), array([-0.0417237]))","(array([0.05469511]), array([-0.03823318]))","(array([0.05467101]), array([-0.04252448]))","(array([0.05539965]), array([-0.045146]))","(array([0.05661066]), array([-0.04790585]))","(array([0.06162743]), array([-0.04684638]))","(array([0.06468273]), array([-0.0477196]))","(array([0.06813503]), array([-0.04383123]))","(array([0.06881356]), array([-0.03991963]))"
(0.03181867935772978+0j),[0.16322615],[1.],[0.30396949],[1.],"(array([0.11864919]), array([-0.00454283]))","(array([0.05236268]), array([-0.04172412]))","(array([0.05469449]), array([-0.03823366]))","(array([0.05467043]), array([-0.04252497]))","(array([0.05539912]), array([-0.0451465]))","(array([0.05661018]), array([-0.04790635]))","(array([0.06162704]), array([-0.04684691]))","(array([0.06468242]), array([-0.04772015]))","(array([0.0681348]), array([-0.04383179]))","(array([0.0688134]), array([-0.0399202]))","(array([0.06943492]), array([-0.03624729]))"
(0.03457664067640275+0j),[0.13573149],[1.],[0.33276243],[1.],"(array([0.12270157]), array([-0.00486473]))","(array([0.05469396]), array([-0.03823402]))","(array([0.05466993]), array([-0.04252533]))","(array([0.05539866]), array([-0.04514687]))","(array([0.05660977]), array([-0.04790673]))","(array([0.06162671]), array([-0.04684733]))","(array([0.06468214]), array([-0.04772058]))","(array([0.0681346]), array([-0.04383224]))","(array([0.06881325]), array([-0.03992065]))","(array([0.06943482]), array([-0.03624774]))","(array([0.06709118]), array([-0.04248594]))"
(0.03724526549775375+0j),[0.15739662],[1.],[0.33776013],[1.],"(array([0.13128852]), array([-0.00751031]))","(array([0.0546695]), array([-0.04252561]))","(array([0.05539827]), array([-0.04514715]))","(array([0.05660942]), array([-0.04790703]))","(array([0.06162642]), array([-0.04684766]))","(array([0.06468189]), array([-0.04772093]))","(array([0.06813441]), array([-0.0438326]))","(array([0.06881311]), array([-0.03992102]))","(array([0.06943472]), array([-0.03624812]))","(array([0.06709108]), array([-0.04248631]))","(array([0.06490525]), array([-0.05097125]))"
(0.03990107391558354+0j),[0.19425715],[1.],[0.33260044],[1.],"(array([0.13234018]), array([-0.0069391]))","(array([0.05539792]), array([-0.04514737]))","(array([0.0566091]), array([-0.04790726]))","(array([0.06162615]), array([-0.04684792]))","(array([0.06468167]), array([-0.04772121]))","(array([0.06813423]), array([-0.0438329]))","(array([0.06881297]), array([-0.03992133]))","(array([0.06943462]), array([-0.03624843]))","(array([0.06709098]), array([-0.04248661]))","(array([0.06490516]), array([-0.05097155]))","(array([0.06965453]), array([-0.04947176]))"
(0.03678968800011358+0j),[0.17845778],[1.],[0.32361423],[1.],"(array([0.12836708]), array([-0.00139267]))","(array([0.05660881]), array([-0.04790744]))","(array([0.0616259]), array([-0.04684813]))","(array([0.06468145]), array([-0.04772143]))","(array([0.06813406]), array([-0.04383315]))","(array([0.06881283]), array([-0.03992159]))","(array([0.06943451]), array([-0.03624869]))","(array([0.06709087]), array([-0.04248688]))","(array([0.06490505]), array([-0.05097181]))","(array([0.06965446]), array([-0.04947203]))","(array([0.07437756]), array([-0.041316]))"
(0.03392088112745661+0j),[0.1662346],[1.],[0.31324542],[1.],"(array([0.12757258]), array([-0.0075504]))","(array([0.06162567]), array([-0.04684828]))","(array([0.06468125]), array([-0.04772161]))","(array([0.06813389]), array([-0.04383334]))","(array([0.06881269]), array([-0.03992179]))","(array([0.0694344]), array([-0.03624891]))","(array([0.06709076]), array([-0.04248709]))","(array([0.06490494]), array([-0.05097201]))","(array([0.06965438]), array([-0.04947224]))","(array([0.07437753]), array([-0.04131623]))","(array([0.07043234]), array([-0.04127808]))"
(0.031079647368076693+0j),[0.18400947],[1.],[0.28506271],[1.],"(array([0.1301906]), array([-0.00919442]))","(array([0.06468104]), array([-0.04772174]))","(array([0.06813371]), array([-0.0438335]))","(array([0.06881253]), array([-0.03992196]))","(array([0.06943426]), array([-0.03624909]))","(array([0.06709063]), array([-0.04248727]))","(array([0.06490482]), array([-0.0509722]))","(array([0.06965429]), array([-0.04947244]))","(array([0.07437747]), array([-0.04131643]))","(array([0.07043229]), array([-0.04127829]))","(array([0.06689188]), array([-0.0405522]))"
(0.029434158040447092+0j),[0.2101307],[1.],[0.25461259],[1.],"(array([0.12765086]), array([-0.0061296]))","(array([0.06813349]), array([-0.04383364]))","(array([0.06881234]), array([-0.03992212]))","(array([0.0694341]), array([-0.03624927]))","(array([0.06709047]), array([-0.04248745]))","(array([0.06490467]), array([-0.05097237]))","(array([0.06965417]), array([-0.04947263]))","(array([0.07437739]), array([-0.04131664]))","(array([0.07043221]), array([-0.04127849]))","(array([0.06689181]), array([-0.0405524]))","(array([0.06750497]), array([-0.03373755]))"
(0.02785772025717996+0j),[0.19818749],[1.],[0.25263978],[1.],"(array([0.12432754]), array([0.00341173]))","(array([0.0688121]), array([-0.03992227]))","(array([0.06943388]), array([-0.03624945]))","(array([0.06709026]), array([-0.04248763]))","(array([0.06490446]), array([-0.05097255]))","(array([0.069654]), array([-0.04947283]))","(array([0.07437726]), array([-0.04131686]))","(array([0.07043209]), array([-0.04127872]))","(array([0.0668917]), array([-0.04055262]))","(array([0.06750489]), array([-0.03373778]))","(array([0.06901295]), array([-0.02504295]))"
(0.026263269086092868+0j),[0.19108256],[1.],[0.24634495],[1.],"(array([0.1245596]), array([0.00460313]))","(array([0.06943363]), array([-0.0362496]))","(array([0.06709002]), array([-0.04248778]))","(array([0.06490423]), array([-0.05097271]))","(array([0.0696538]), array([-0.04947302]))","(array([0.07437711]), array([-0.04131709]))","(array([0.07043194]), array([-0.04127894]))","(array([0.06689156]), array([-0.04055284]))","(array([0.06750478]), array([-0.03373801]))","(array([0.06901288]), array([-0.02504319]))","(array([0.06643412]), array([-0.02601623]))"
(0.0275863019727896+0j),[0.20121032],[1.],[0.24869771],[1.],"(array([0.12628961]), array([0.00662313]))","(array([0.06708975]), array([-0.04248792]))","(array([0.06490397]), array([-0.05097284]))","(array([0.06965358]), array([-0.0494732]))","(array([0.07437692]), array([-0.0413173]))","(array([0.07043177]), array([-0.04127915]))","(array([0.06689139]), array([-0.04055306]))","(array([0.06750464]), array([-0.03373823]))","(array([0.06901279]), array([-0.02504343]))","(array([0.06643403]), array([-0.02601646]))","(array([0.06555712]), array([-0.02780254]))"
(0.029072048879840807+0j),[0.2054094],[1.],[0.25644213],[1.],"(array([0.12450768]), array([0.00275936]))","(array([0.0649037]), array([-0.05097295]))","(array([0.06965333]), array([-0.04947335]))","(array([0.07437671]), array([-0.04131749]))","(array([0.07043156]), array([-0.04127934]))","(array([0.0668912]), array([-0.04055325]))","(array([0.06750448]), array([-0.03373845]))","(array([0.06901267]), array([-0.02504366]))","(array([0.06643392]), array([-0.02601669]))","(array([0.06555702]), array([-0.02780277]))","(array([0.06789449]), array([-0.02710195]))"
(0.030803822871910927+0j),[0.21132633],[1.],[0.26402814],[1.],"(array([0.12406102]), array([-0.00459889]))","(array([0.06965307]), array([-0.04947348]))","(array([0.07437649]), array([-0.04131766]))","(array([0.07043135]), array([-0.04127952]))","(array([0.06689099]), array([-0.04055343]))","(array([0.0675043]), array([-0.03373865]))","(array([0.06901253]), array([-0.02504388]))","(array([0.06643379]), array([-0.02601691]))","(array([0.06555691]), array([-0.02780299]))","(array([0.0678944]), array([-0.02710218]))","(array([0.06974]), array([-0.02804493]))"
(0.03300381975888169+0j),[0.22270022],[1.],[0.26991793],[1.],"(array([0.13087881]), array([-0.00183885]))","(array([0.07437625]), array([-0.04131781]))","(array([0.07043111]), array([-0.04127967]))","(array([0.06689076]), array([-0.04055359]))","(array([0.0675041]), array([-0.03373882]))","(array([0.06901236]), array([-0.02504409]))","(array([0.06643364]), array([-0.02601711]))","(array([0.06555677]), array([-0.02780319]))","(array([0.06789429]), array([-0.0271024]))","(array([0.06973991]), array([-0.02804515]))","(array([0.07186589]), array([-0.02920593]))"
(0.03477088061733924+0j),[0.20718426],[1.],[0.29310998],[1.],"(array([0.13676883]), array([0.00861138]))","(array([0.07043086]), array([-0.0412798]))","(array([0.06689052]), array([-0.04055372]))","(array([0.06750388]), array([-0.03373898]))","(array([0.06901218]), array([-0.02504428]))","(array([0.06643346]), array([-0.0260173]))","(array([0.06555661]), array([-0.02780339]))","(array([0.06789416]), array([-0.02710261]))","(array([0.0697398]), array([-0.02804537]))","(array([0.0718658]), array([-0.02920615]))","(array([0.07443648]), array([-0.02906914]))"
(0.03675157808559852+0j),[0.19460541],[1.],[0.3131597],[1.],"(array([0.13800378]), array([0.00522563]))","(array([0.06689028]), array([-0.04055382]))","(array([0.06750367]), array([-0.03373911]))","(array([0.06901199]), array([-0.02504443]))","(array([0.06643328]), array([-0.02601746]))","(array([0.06555644]), array([-0.02780355]))","(array([0.06789403]), array([-0.02710279]))","(array([0.06973969]), array([-0.02804557]))","(array([0.07186571]), array([-0.02920635]))","(array([0.07443641]), array([-0.02906935]))","(array([0.07406155]), array([-0.03526733]))"
(0.036464916790059226+0j),[0.21475286],[1.],[0.29749455],[1.],"(array([0.13736551]), array([0.00316058]))","(array([0.06750347]), array([-0.03373919]))","(array([0.06901181]), array([-0.02504455]))","(array([0.06643311]), array([-0.02601758]))","(array([0.06555629]), array([-0.02780368]))","(array([0.06789389]), array([-0.02710293]))","(array([0.06973957]), array([-0.02804572]))","(array([0.07186561]), array([-0.02920652]))","(array([0.07443634]), array([-0.02906952]))","(array([0.07406149]), array([-0.0352675]))","(array([0.07309555]), array([-0.0391763]))"
(0.03599257280762533+0j),[0.19025015],[1.],[0.31058751],[1.],"(array([0.13452682]), array([0.01424033]))","(array([0.06901164]), array([-0.02504464]))","(array([0.06643295]), array([-0.02601768]))","(array([0.06555613]), array([-0.02780378]))","(array([0.06789376]), array([-0.02710306]))","(array([0.06973945]), array([-0.02804586]))","(array([0.07186551]), array([-0.02920666]))","(array([0.07443626]), array([-0.02906968]))","(array([0.07406141]), array([-0.03526766]))","(array([0.07309549]), array([-0.03917646]))","(array([0.07506332]), array([-0.03405431]))"
(0.03532224854406643+0j),[0.19809181],[1.],[0.30143405],[1.],"(array([0.13888857]), array([0.01733853]))","(array([0.06643276]), array([-0.02601775]))","(array([0.06555596]), array([-0.02780387]))","(array([0.06789361]), array([-0.02710316]))","(array([0.06973932]), array([-0.02804598]))","(array([0.07186539]), array([-0.0292068]))","(array([0.07443616]), array([-0.02906982]))","(array([0.07406132]), array([-0.03526781]))","(array([0.07309541]), array([-0.03917661]))","(array([0.07506326]), array([-0.03405447]))","(array([0.07164353]), array([-0.03932375]))"
(0.037212377133354256+0j),[0.18740253],[1.],[0.31920904],[1.],"(array([0.13600394]), array([0.01811157]))","(array([0.06555575]), array([-0.02780394]))","(array([0.06789341]), array([-0.02710326]))","(array([0.06973914]), array([-0.0280461]))","(array([0.07186523]), array([-0.02920693]))","(array([0.07443602]), array([-0.02906998]))","(array([0.0740612]), array([-0.03526796]))","(array([0.07309529]), array([-0.03917677]))","(array([0.07506317]), array([-0.03405464]))","(array([0.07164344]), array([-0.03932392]))","(array([0.07300287]), array([-0.03818593]))"
(0.039223529799456806+0j),[0.20379697],[1.],[0.32057855],[1.],"(array([0.13904144]), array([0.01401402]))","(array([0.06789317]), array([-0.02710333]))","(array([0.06973892]), array([-0.0280462]))","(array([0.07186503]), array([-0.02920706]))","(array([0.07443584]), array([-0.02907013]))","(array([0.07406103]), array([-0.03526812]))","(array([0.07309513]), array([-0.03917693]))","(array([0.07506304]), array([-0.03405482]))","(array([0.07164332]), array([-0.0393241]))","(array([0.07300277]), array([-0.03818612]))","(array([0.07295842]), array([-0.04273172]))"
(0.041003110447145726+0j),[0.19842034],[1.],[0.3336057],[1.],"(array([0.14161101]), array([0.01830138]))","(array([0.06973867]), array([-0.02804627]))","(array([0.0718648]), array([-0.02920716]))","(array([0.07443564]), array([-0.02907025]))","(array([0.07406084]), array([-0.03526826]))","(array([0.07309496]), array([-0.03917708]))","(array([0.0750629]), array([-0.03405499]))","(array([0.07164318]), array([-0.03932427]))","(array([0.07300266]), array([-0.0381863]))","(array([0.07295832]), array([-0.04273191]))","(array([0.07618073]), array([-0.04113939]))"
(0.03794289821583701+0j),[0.19206954],[1.],[0.31996253],[1.],"(array([0.14328607]), array([0.01620037]))","(array([0.07186459]), array([-0.02920721]))","(array([0.07443545]), array([-0.02907034]))","(array([0.07406066]), array([-0.03526835]))","(array([0.07309479]), array([-0.03917718]))","(array([0.07506275]), array([-0.03405511]))","(array([0.07164304]), array([-0.03932439]))","(array([0.07300254]), array([-0.03818644]))","(array([0.07295822]), array([-0.04273206]))","(array([0.07618065]), array([-0.04113955]))","(array([0.07509254]), array([-0.04157078]))"
(0.035095163906243336+0j),[0.20401906],[1.],[0.29512679],[1.],"(array([0.14236422]), array([0.01367964]))","(array([0.07443527]), array([-0.02907039]))","(array([0.07406049]), array([-0.03526841]))","(array([0.07309463]), array([-0.03917725]))","(array([0.07506261]), array([-0.03405521]))","(array([0.07164291]), array([-0.03932449]))","(array([0.07300242]), array([-0.03818656]))","(array([0.07295812]), array([-0.04273218]))","(array([0.07618057]), array([-0.04113968]))","(array([0.07509247]), array([-0.04157092]))","(array([0.07239103]), array([-0.03961121]))"
(0.03246058600280497+0j),[0.20045624],[1.],[0.28074112],[1.],"(array([0.13941532]), array([0.01644996]))","(array([0.07406033]), array([-0.03526844]))","(array([0.07309448]), array([-0.03917729]))","(array([0.07506247]), array([-0.03405527]))","(array([0.07164278]), array([-0.03932456]))","(array([0.07300231]), array([-0.03818664]))","(array([0.07295801]), array([-0.04273228]))","(array([0.07618048]), array([-0.0411398]))","(array([0.07509239]), array([-0.04157104]))","(array([0.07239096]), array([-0.03961133]))","(array([0.0719119]), array([-0.03351435]))"
(0.029706455052588038+0j),[0.19839016],[1.],[0.26353377],[1.],"(array([0.13547603]), array([0.00962603]))","(array([0.07309434]), array([-0.03917731]))","(array([0.07506235]), array([-0.03405531]))","(array([0.07164265]), array([-0.0393246]))","(array([0.0730022]), array([-0.0381867]))","(array([0.07295791]), array([-0.04273234]))","(array([0.0761804]), array([-0.04113988]))","(array([0.07509232]), array([-0.04157113]))","(array([0.07239089]), array([-0.03961142]))","(array([0.07191185]), array([-0.03351445]))","(array([0.06958768]), array([-0.03074045]))"
(0.027356636301615857+0j),[0.17078631],[1.],[0.26636081],[1.],"(array([0.13074803]), array([0.00536468]))","(array([0.07506223]), array([-0.03405532]))","(array([0.07164255]), array([-0.03932461]))","(array([0.0730021]), array([-0.03818673]))","(array([0.07295782]), array([-0.04273238]))","(array([0.07618032]), array([-0.04113994]))","(array([0.07509224]), array([-0.04157119]))","(array([0.07239083]), array([-0.03961149]))","(array([0.07191179]), array([-0.03351452]))","(array([0.06958763]), array([-0.03074053]))","(array([0.06740139]), array([-0.02765868]))"
(0.024940449933452485+0j),[0.17622871],[1.],[0.24537702],[1.],"(array([0.13329272]), array([0.00429813]))","(array([0.07164244]), array([-0.03932461]))","(array([0.073002]), array([-0.03818675]))","(array([0.07295772]), array([-0.04273241]))","(array([0.07618023]), array([-0.04113998]))","(array([0.07509217]), array([-0.04157125]))","(array([0.07239076]), array([-0.03961154]))","(array([0.07191173]), array([-0.03351459]))","(array([0.06958758]), array([-0.0307406]))","(array([0.06740134]), array([-0.02765875]))","(array([0.06233035]), array([-0.03125246]))"
(0.02440052938106741+0j),[0.17480217],[1.],[0.24270346],[1.],"(array([0.12659204]), array([0.00035754]))","(array([0.07300188]), array([-0.03818676]))","(array([0.07295762]), array([-0.04273243]))","(array([0.07618014]), array([-0.04114002]))","(array([0.07509208]), array([-0.04157129]))","(array([0.07239067]), array([-0.0396116]))","(array([0.07191165]), array([-0.03351465]))","(array([0.06958751]), array([-0.03074067]))","(array([0.06740127]), array([-0.02765882]))","(array([0.06233029]), array([-0.03125253]))","(array([0.0618406]), array([-0.02774679]))"
(0.02383427683138329+0j),[0.18570728],[1.],[0.23035757],[1.],"(array([0.12733224]), array([0.0011565]))","(array([0.0729575]), array([-0.04273244]))","(array([0.07618003]), array([-0.04114005]))","(array([0.07509197]), array([-0.04157133]))","(array([0.07239057]), array([-0.03961165]))","(array([0.07191157]), array([-0.03351471]))","(array([0.06958743]), array([-0.03074073]))","(array([0.0674012]), array([-0.02765889]))","(array([0.06233022]), array([-0.03125259]))","(array([0.06184054]), array([-0.02774686]))","(array([0.06123749]), array([-0.02737996]))"
(0.02342623755205381+0j),[0.18233994],[1.],[0.23004969],[1.],"(array([0.12457365]), array([-0.00087647]))","(array([0.07617991]), array([-0.04114006]))","(array([0.07509187]), array([-0.04157136]))","(array([0.07239048]), array([-0.03961168]))","(array([0.07191147]), array([-0.03351475]))","(array([0.06958734]), array([-0.03074078]))","(array([0.06740112]), array([-0.02765895]))","(array([0.06233014]), array([-0.03125265]))","(array([0.06184047]), array([-0.02774692]))","(array([0.06123743]), array([-0.02738002]))","(array([0.06205646]), array([-0.02377303]))"
(0.025097419740182845+0j),[0.17070882],[1.],[0.25208661],[1.],"(array([0.12963275]), array([-6.18977773e-05]))","(array([0.07509178]), array([-0.04157136]))","(array([0.07239039]), array([-0.03961169]))","(array([0.07191139]), array([-0.03351478]))","(array([0.06958727]), array([-0.03074081]))","(array([0.06740105]), array([-0.02765898]))","(array([0.06233007]), array([-0.03125268]))","(array([0.0618404]), array([-0.02774696]))","(array([0.06123737]), array([-0.02738007]))","(array([0.06205641]), array([-0.02377308]))","(array([0.06230119]), array([-0.02575252]))"
(0.026874707802301317+0j),[0.18731992],[1.],[0.25384423],[1.],"(array([0.1334038]), array([-0.00304656]))","(array([0.07239031]), array([-0.0396117]))","(array([0.07191131]), array([-0.0335148]))","(array([0.06958719]), array([-0.03074084]))","(array([0.06740098]), array([-0.02765901]))","(array([0.06233]), array([-0.03125271]))","(array([0.06184034]), array([-0.027747]))","(array([0.06123731]), array([-0.02738011]))","(array([0.06205636]), array([-0.02377313]))","(array([0.06230115]), array([-0.02575257]))","(array([0.06251951]), array([-0.03123737]))"
(0.02862689093615848+0j),[0.18756296],[1.],[0.26636239],[1.],"(array([0.13114224]), array([0.00250937]))","(array([0.07191124]), array([-0.0335148]))","(array([0.06958712]), array([-0.03074085]))","(array([0.06740091]), array([-0.02765903]))","(array([0.06232993]), array([-0.03125272]))","(array([0.06184027]), array([-0.02774702]))","(array([0.06123725]), array([-0.02738014]))","(array([0.06205631]), array([-0.02377316]))","(array([0.0623011]), array([-0.02575261]))","(array([0.06251947]), array([-0.03123741]))","(array([0.06585392]), array([-0.02982022]))"
(0.02521516042028024+0j),[0.18381587],[1.],[0.24384292],[1.],"(array([0.1293172]), array([0.00850878]))","(array([0.06958705]), array([-0.03074085]))","(array([0.06740085]), array([-0.02765904]))","(array([0.06232987]), array([-0.03125273]))","(array([0.06184022]), array([-0.02774704]))","(array([0.0612372]), array([-0.02738015]))","(array([0.06205626]), array([-0.02377319]))","(array([0.06230105]), array([-0.02575264]))","(array([0.06251943]), array([-0.03123744]))","(array([0.06585388]), array([-0.02982025]))","(array([0.0650965]), array([-0.02870329]))"
(0.022238124332978865+0j),[0.1688389],[1.],[0.23133201],[1.],"(array([0.12209532]), array([0.01039728]))","(array([0.06740079]), array([-0.02765904]))","(array([0.06232981]), array([-0.03125273]))","(array([0.06184016]), array([-0.02774704]))","(array([0.06123715]), array([-0.02738017]))","(array([0.06205621]), array([-0.0237732]))","(array([0.06230101]), array([-0.02575266]))","(array([0.06251939]), array([-0.03123746]))","(array([0.06585384]), array([-0.02982028]))","(array([0.06509647]), array([-0.02870332]))","(array([0.06188083]), array([-0.02490448]))"
(0.01954935576458849+0j),[0.18021234],[1.],[0.1986035],[1.],"(array([0.11720982]), array([0.0101156]))","(array([0.06232976]), array([-0.03125273]))","(array([0.06184011]), array([-0.02774704]))","(array([0.0612371]), array([-0.02738017]))","(array([0.06205616]), array([-0.02377322]))","(array([0.06230096]), array([-0.02575267]))","(array([0.06251934]), array([-0.03123748]))","(array([0.06585381]), array([-0.02982031]))","(array([0.06509644]), array([-0.02870335]))","(array([0.06188079]), array([-0.02490451]))","(array([0.05761834]), array([-0.02424862]))"
(0.018699599623229233+0j),[0.18686138],[1.],[0.18404718],[1.],"(array([0.10645567]), array([0.00911422]))","(array([0.06184005]), array([-0.02774704]))","(array([0.06123704]), array([-0.02738018]))","(array([0.06205611]), array([-0.02377323]))","(array([0.06230091]), array([-0.02575269]))","(array([0.0625193]), array([-0.0312375]))","(array([0.06585376]), array([-0.02982033]))","(array([0.0650964]), array([-0.02870338]))","(array([0.06188076]), array([-0.02490454]))","(array([0.05761831]), array([-0.02424865]))","(array([0.05702178]), array([-0.01803074]))"
(0.017863716362010056+0j),[0.17670564],[1.],[0.18570007],[1.],"(array([0.10278037]), array([0.0139979]))","(array([0.06123698]), array([-0.02738018]))","(array([0.06205605]), array([-0.02377324]))","(array([0.06230085]), array([-0.0257527]))","(array([0.06251924]), array([-0.03123752]))","(array([0.06585372]), array([-0.02982035]))","(array([0.06509635]), array([-0.0287034]))","(array([0.06188072]), array([-0.02490457]))","(array([0.05761827]), array([-0.02424868]))","(array([0.05702175]), array([-0.01803077]))","(array([0.05662237]), array([-0.01458295]))"
(0.017083364259320968+0j),[0.18085073],[1.],[0.1736496],[1.],"(array([0.10255776]), array([0.0121249]))","(array([0.06205598]), array([-0.02377324]))","(array([0.06230079]), array([-0.02575271]))","(array([0.06251918]), array([-0.03123753]))","(array([0.06585366]), array([-0.02982037]))","(array([0.0650963]), array([-0.02870343]))","(array([0.06188067]), array([-0.02490459]))","(array([0.05761823]), array([-0.0242487]))","(array([0.05702171]), array([-0.0180308]))","(array([0.05662233]), array([-0.01458299]))","(array([0.05487282]), array([-0.01603238]))"
(0.01791418856429059+0j),[0.18251172],[1.],[0.18142675],[1.],"(array([0.10271096]), array([0.01655571]))","(array([0.06230071]), array([-0.02575271]))","(array([0.06251911]), array([-0.03123754]))","(array([0.06585359]), array([-0.02982039]))","(array([0.06509624]), array([-0.02870345]))","(array([0.06188061]), array([-0.02490462]))","(array([0.05761817]), array([-0.02424873]))","(array([0.05702166]), array([-0.01803084]))","(array([0.05662229]), array([-0.01458303]))","(array([0.05487278]), array([-0.01603242]))","(array([0.05525343]), array([-0.01504384]))"
(0.01879155348093479+0j),[0.19041754],[1.],[0.18291976],[1.],"(array([0.10465496]), array([0.01498906]))","(array([0.06251902]), array([-0.03123754]))","(array([0.06585351]), array([-0.02982041]))","(array([0.06509616]), array([-0.02870348]))","(array([0.06188054]), array([-0.02490465]))","(array([0.0576181]), array([-0.02424876]))","(array([0.0570216]), array([-0.01803088]))","(array([0.05662223]), array([-0.01458307]))","(array([0.05487273]), array([-0.01603247]))","(array([0.05525338]), array([-0.01504389]))","(array([0.05646058]), array([-0.01630904]))"
(0.019742858298691896+0j),[0.18927033],[1.],[0.19388807],[1.],"(array([0.10518897]), array([0.01137672]))","(array([0.06585342]), array([-0.02982042]))","(array([0.06509607]), array([-0.02870349]))","(array([0.06188046]), array([-0.02490467]))","(array([0.05761802]), array([-0.02424879]))","(array([0.05702153]), array([-0.01803091]))","(array([0.05662217]), array([-0.01458311]))","(array([0.05487267]), array([-0.01603251]))","(array([0.05525333]), array([-0.01504394]))","(array([0.05646053]), array([-0.0163091]))","(array([0.05824005]), array([-0.01564623]))"
(0.01996025811925677+0j),[0.2056723],[1.],[0.17886513],[1.],"(array([0.11015893]), array([0.01250704]))","(array([0.06509597]), array([-0.02870351]))","(array([0.06188036]), array([-0.02490469]))","(array([0.05761792]), array([-0.0242488]))","(array([0.05702144]), array([-0.01803094]))","(array([0.05662208]), array([-0.01458316]))","(array([0.05487259]), array([-0.01603256]))","(array([0.05525326]), array([-0.015044]))","(array([0.05646047]), array([-0.01630916]))","(array([0.05824]), array([-0.01564629]))","(array([0.05880947]), array([-0.01720607]))"
(0.020097188978971392+0j),[0.18630954],[1.],[0.20025601],[1.],"(array([0.10611576]), array([0.01720162]))","(array([0.06188023]), array([-0.0249047]))","(array([0.05761781]), array([-0.02424882]))","(array([0.05702133]), array([-0.01803097]))","(array([0.05662198]), array([-0.0145832]))","(array([0.05487249]), array([-0.0160326]))","(array([0.05525317]), array([-0.01504405]))","(array([0.05646039]), array([-0.01630922]))","(array([0.05823993]), array([-0.01564636]))","(array([0.05880941]), array([-0.01720614]))","(array([0.06026497]), array([-0.01257173]))"
(0.02030696921893939+0j),[0.16909863],[1.],[0.21692086],[1.],"(array([0.1076832]), array([0.01664596]))","(array([0.05761765]), array([-0.02424881]))","(array([0.05702117]), array([-0.01803099]))","(array([0.05662184]), array([-0.01458323]))","(array([0.05487235]), array([-0.01603264]))","(array([0.05525304]), array([-0.01504411]))","(array([0.05646027]), array([-0.01630929]))","(array([0.05823983]), array([-0.01564645]))","(array([0.05880932]), array([-0.01720624]))","(array([0.06026489]), array([-0.01257183]))","(array([0.05888549]), array([-0.01889136]))"
(0.01857357685523342+0j),[0.17356589],[1.],[0.19728304],[1.],"(array([0.10506311]), array([0.01349979]))","(array([0.05702096]), array([-0.01803099]))","(array([0.05662163]), array([-0.01458326]))","(array([0.05487215]), array([-0.01603268]))","(array([0.05525285]), array([-0.01504417]))","(array([0.0564601]), array([-0.01630937]))","(array([0.05823967]), array([-0.01564655]))","(array([0.05880918]), array([-0.01720635]))","(array([0.06026477]), array([-0.01257197]))","(array([0.05888537]), array([-0.01889149]))","(array([0.05641406]), array([-0.02221488]))"
(0.01693083446697353+0j),[0.17757179],[1.],[0.17688356],[1.],"(array([0.10016591]), array([0.02055079]))","(array([0.0566213]), array([-0.01458328]))","(array([0.05487183]), array([-0.0160327]))","(array([0.05525255]), array([-0.01504423]))","(array([0.05645982]), array([-0.01630947]))","(array([0.05823941]), array([-0.01564668]))","(array([0.05880894]), array([-0.0172065]))","(array([0.06026457]), array([-0.01257216]))","(array([0.05888517]), array([-0.01889167]))","(array([0.05641387]), array([-0.02221506]))","(array([0.05498542]), array([-0.01807405]))"
(0.015415595729252616+0j),[0.17648636],[1.],[0.16107233],[1.],"(array([0.09529225]), array([0.024798]))","(array([0.05487141]), array([-0.0160327]))","(array([0.05525215]), array([-0.01504428]))","(array([0.05645944]), array([-0.01630957]))","(array([0.05823907]), array([-0.01564683]))","(array([0.05880861]), array([-0.01720668]))","(array([0.06026429]), array([-0.01257238]))","(array([0.05888489]), array([-0.01889189]))","(array([0.0564136]), array([-0.02221528]))","(array([0.05498518]), array([-0.01807428]))","(array([0.05344086]), array([-0.01379976]))"
(0.014171557918748705+0j),[0.18750965],[1.],[0.13127666],[1.],"(array([0.09017956]), array([0.02314786]))","(array([0.05525169]), array([-0.01504431]))","(array([0.056459]), array([-0.01630965]))","(array([0.05823865]), array([-0.01564698]))","(array([0.05880822]), array([-0.01720685]))","(array([0.06026395]), array([-0.01257262]))","(array([0.05888456]), array([-0.01889212]))","(array([0.05641327]), array([-0.02221551]))","(array([0.05498489]), array([-0.01807454]))","(array([0.05344061]), array([-0.01380005]))","(array([0.05158565]), array([-0.0109879]))"
(0.013060615089111879+0j),[0.18472025],[1.],[0.11860022],[1.],"(array([0.08399965]), array([0.02653893]))","(array([0.05645847]), array([-0.01630971]))","(array([0.05823816]), array([-0.01564711]))","(array([0.05880776]), array([-0.01720703]))","(array([0.06026353]), array([-0.01257288]))","(array([0.05888415]), array([-0.01889237]))","(array([0.05641288]), array([-0.02221576]))","(array([0.05498453]), array([-0.01807482]))","(array([0.05344029]), array([-0.01380036]))","(array([0.05158537]), array([-0.01098823]))","(array([0.0503864]), array([-0.00410532]))"
(0.012069516670007219+0j),[0.17209282],[1.],[0.1217874],[1.],"(array([0.08238939]), array([0.02469454]))","(array([0.05823757]), array([-0.01564723]))","(array([0.0588072]), array([-0.0172072]))","(array([0.06026303]), array([-0.01257314]))","(array([0.05888366]), array([-0.01889263]))","(array([0.0564124]), array([-0.02221601]))","(array([0.0549841]), array([-0.01807512]))","(array([0.05343991]), array([-0.01380069]))","(array([0.05158503]), array([-0.0109886]))","(array([0.05038614]), array([-0.00410573]))","(array([0.04847652]), array([-0.00195523]))"
(0.010522971481804875+0j),[0.17487917],[1.],[0.08939312],[1.],"(array([0.08364454]), array([0.02256756]))","(array([0.05880654]), array([-0.01720735]))","(array([0.06026242]), array([-0.0125734]))","(array([0.05888307]), array([-0.01889288]))","(array([0.05641183]), array([-0.02221627]))","(array([0.05498357]), array([-0.01807542]))","(array([0.05343943]), array([-0.01380105]))","(array([0.05158461]), array([-0.01098899]))","(array([0.0503858]), array([-0.00410618]))","(array([0.04847622]), array([-0.0019557]))","(array([0.04579888]), array([-0.00289623]))"
(0.009354538201227966+0j),[0.1712366],[1.],[0.06942265],[1.],"(array([0.07707342]), array([0.02166251]))","(array([0.06026171]), array([-0.01257365]))","(array([0.05888237]), array([-0.01889313]))","(array([0.05641116]), array([-0.02221652]))","(array([0.05498294]), array([-0.01807573]))","(array([0.05343886]), array([-0.01380142]))","(array([0.05158409]), array([-0.0109894]))","(array([0.05038537]), array([-0.00410667]))","(array([0.04847585]), array([-0.00195622]))","(array([0.04579852]), array([-0.00289674]))","(array([0.04279622]), array([0.00361474]))"
(0.008311906065870277+0j),[0.16539861],[1.],[0.05349016],[1.],"(array([0.07409999]), array([0.02538388]))","(array([0.05888151]), array([-0.01889336]))","(array([0.05641033]), array([-0.02221675]))","(array([0.05498217]), array([-0.01807605]))","(array([0.05343815]), array([-0.01380181]))","(array([0.05158343]), array([-0.01098985]))","(array([0.05038482]), array([-0.00410722]))","(array([0.04847537]), array([-0.0019568]))","(array([0.04579805]), array([-0.00289731]))","(array([0.04279584]), array([0.00361413]))","(array([0.03979197]), array([0.00699381]))"
(0.008287833268606154+0j),[0.16393236],[1.],[0.05814936],[1.],"(array([0.07225038]), array([0.01793789]))","(array([0.05640926]), array([-0.02221696]))","(array([0.05498116]), array([-0.01807637]))","(array([0.05343722]), array([-0.01380224]))","(array([0.05158257]), array([-0.01099035]))","(array([0.05038408]), array([-0.00410786]))","(array([0.0484747]), array([-0.00195749]))","(array([0.0457974]), array([-0.00289798]))","(array([0.04279531]), array([0.00361339]))","(array([0.03979152]), array([0.00699306]))","(array([0.03858195]), array([0.006837]))"
(0.008381621068574124+0j),[0.16343301],[1.],[0.06321893],[1.],"(array([0.07086276]), array([0.01437188]))","(array([0.05497988]), array([-0.01807666]))","(array([0.05343601]), array([-0.01380267]))","(array([0.05158144]), array([-0.01099089]))","(array([0.05038309]), array([-0.00410858]))","(array([0.0484738]), array([-0.00195828]))","(array([0.04579653]), array([-0.00289876]))","(array([0.04279458]), array([0.00361252]))","(array([0.03979088]), array([0.00699216]))","(array([0.03858139]), array([0.00683608]))","(array([0.03891443]), array([0.00577624]))"
(0.008438472376667215+0j),[0.15914501],[1.],[0.07534179],[1.],"(array([0.07058305]), array([0.01829734]))","(array([0.05343461]), array([-0.01380307]))","(array([0.05158013]), array([-0.01099141]))","(array([0.05038192]), array([-0.00410932]))","(array([0.04847273]), array([-0.00195911]))","(array([0.04579549]), array([-0.00289957]))","(array([0.04279369]), array([0.00361159]))","(array([0.03979009]), array([0.00699119]))","(array([0.03858069]), array([0.00683509]))","(array([0.03891385]), array([0.0057752]))","(array([0.03930334]), array([0.0046731]))"
(0.009479320385308621+0j),[0.15965635],[1.],[0.09837071],[1.],"(array([0.07396384]), array([0.02151967]))","(array([0.05157877]), array([-0.01099186]))","(array([0.0503807]), array([-0.00410999]))","(array([0.0484716]), array([-0.00195988]))","(array([0.04579439]), array([-0.00290033]))","(array([0.04279274]), array([0.00361071]))","(array([0.03978924]), array([0.00699026]))","(array([0.03857992]), array([0.00683414]))","(array([0.03891321]), array([0.00577418]))","(array([0.03930283]), array([0.00467203]))","(array([0.040856]), array([-0.00011855]))"
(0.010789806353630178+0j),[0.15846827],[1.],[0.12345634],[1.],"(array([0.07720923]), array([0.02437006]))","(array([0.05037944]), array([-0.0041106]))","(array([0.04847042]), array([-0.00196059]))","(array([0.04579325]), array([-0.00290102]))","(array([0.04279174]), array([0.00360988]))","(array([0.03978833]), array([0.00698938]))","(array([0.0385791]), array([0.00683322]))","(array([0.03891252]), array([0.0057732]))","(array([0.03930225]), array([0.00467099]))","(array([0.04085551]), array([-0.0001196]))","(array([0.04344056]), array([-0.00451668]))"
(0.012301583385486887+0j),[0.15299462],[1.],[0.15136466],[1.],"(array([0.08154713]), array([0.03081815]))","(array([0.04846926]), array([-0.0019612]))","(array([0.04579211]), array([-0.00290162]))","(array([0.04279073]), array([0.00360915]))","(array([0.03978741]), array([0.00698859]))","(array([0.03857826]), array([0.00683239]))","(array([0.03891179]), array([0.00577229]))","(array([0.03930165]), array([0.00467003]))","(array([0.04085498]), array([-0.00012059]))","(array([0.04344017]), array([-0.00451771]))","(array([0.04583409]), array([-0.00952847]))"
(0.010825776292852805+0j),[0.14740082],[1.],[0.13743853],[1.],"(array([0.08123258]), array([0.03171084]))","(array([0.045791]), array([-0.00290213]))","(array([0.04278973]), array([0.0036085]))","(array([0.03978649]), array([0.00698789]))","(array([0.03857741]), array([0.00683165]))","(array([0.03891105]), array([0.00577148]))","(array([0.03930102]), array([0.00466915]))","(array([0.04085442]), array([-0.0001215]))","(array([0.04343974]), array([-0.00451867]))","(array([0.04583377]), array([-0.00952946]))","(array([0.04554351]), array([-0.01153859]))"
(0.009577763600015927+0j),[0.13081271],[1.],[0.13667265],[1.],"(array([0.07555706]), array([0.02956495]))","(array([0.04278876]), array([0.00360796]))","(array([0.03978559]), array([0.00698729]))","(array([0.03857658]), array([0.00683101]))","(array([0.03891032]), array([0.00577076]))","(array([0.03930038]), array([0.00466836]))","(array([0.04085385]), array([-0.00012232]))","(array([0.04343929]), array([-0.00451955]))","(array([0.04583343]), array([-0.00953036]))","(array([0.04554324]), array([-0.0115395]))","(array([0.04300123]), array([-0.00954535]))"
(0.008390110137185951+0j),[0.12052808],[1.],[0.12929503],[1.],"(array([0.07246187]), array([0.03226943]))","(array([0.03978461]), array([0.00698674]))","(array([0.03857566]), array([0.00683041]))","(array([0.03890949]), array([0.00577007]))","(array([0.03929965]), array([0.0046676]))","(array([0.0408532]), array([-0.00012313]))","(array([0.04343876]), array([-0.00452042]))","(array([0.045833]), array([-0.00953127]))","(array([0.0455429]), array([-0.01154042]))","(array([0.04300097]), array([-0.00954627]))","(array([0.03965907]), array([-0.01136761]))"
(0.00950275077144743+0j),[0.10984821],[1.],[0.15386709],[1.],"(array([0.07145502]), array([0.03330458]))","(array([0.0385745]), array([0.00682978]))","(array([0.03890844]), array([0.00576933]))","(array([0.03929871]), array([0.00466676]))","(array([0.04085234]), array([-0.00012402]))","(array([0.04343804]), array([-0.0045214]))","(array([0.04583241]), array([-0.00953232]))","(array([0.04554241]), array([-0.01154148]))","(array([0.04300057]), array([-0.00954734]))","(array([0.03965866]), array([-0.01136864]))","(array([0.03862823]), array([-0.01426925]))"
(0.010880788413899561+0j),[0.10227422],[1.],[0.17549553],[1.],"(array([0.07567068]), array([0.03080351]))","(array([0.0389071]), array([0.00576856]))","(array([0.0392975]), array([0.00466586]))","(array([0.04085122]), array([-0.000125]))","(array([0.04343708]), array([-0.0045225]))","(array([0.0458316]), array([-0.0095335]))","(array([0.04554171]), array([-0.0115427]))","(array([0.04299998]), array([-0.00954857]))","(array([0.03965808]), array([-0.01136983]))","(array([0.03862772]), array([-0.01427044]))","(array([0.03931121]), array([-0.02014032]))"
(0.012435403898980282+0j),[0.11097797],[1.],[0.18741259],[1.],"(array([0.08074124]), array([0.02810357]))","(array([0.03929596]), array([0.00466493]))","(array([0.0408498]), array([-0.00012602]))","(array([0.04343583]), array([-0.00452369]))","(array([0.04583052]), array([-0.0095348]))","(array([0.04554077]), array([-0.01154406]))","(array([0.04299916]), array([-0.00954996]))","(array([0.03965727]), array([-0.01137117]))","(array([0.038627]), array([-0.01427177]))","(array([0.03931058]), array([-0.02014166]))","(array([0.04026125]), array([-0.02506299]))"
(0.011586855581999622+0j),[0.1067013],[1.],[0.18119292],[1.],"(array([0.08100222]), array([0.02894166]))","(array([0.04084804]), array([-0.00012704]))","(array([0.04343427]), array([-0.00452491]))","(array([0.04582914]), array([-0.00953618]))","(array([0.04553954]), array([-0.0115455]))","(array([0.04299807]), array([-0.00955146]))","(array([0.03965619]), array([-0.01137262]))","(array([0.03862603]), array([-0.01427323]))","(array([0.03930972]), array([-0.02014312]))","(array([0.04026052]), array([-0.02506446]))","(array([0.04187911]), array([-0.0239815]))"
(0.01083195281143068+0j),[0.10029369],[1.],[0.17689214],[1.],"(array([0.08114717]), array([0.02332727]))","(array([0.04343237]), array([-0.00452616]))","(array([0.04582744]), array([-0.00953761]))","(array([0.04553801]), array([-0.01154704]))","(array([0.0429967]), array([-0.00955306]))","(array([0.03965484]), array([-0.01137416]))","(array([0.03862479]), array([-0.01427479]))","(array([0.03930862]), array([-0.0201447]))","(array([0.04025956]), array([-0.02506607]))","(array([0.04187843]), array([-0.02398317]))","(array([0.0404635]), array([-0.02317424]))"
(0.010135888382803717+0j),[0.08785268],[1.],[0.17606043],[1.],"(array([0.08272094]), array([0.01762854]))","(array([0.0458256]), array([-0.00953894]))","(array([0.04553633]), array([-0.01154848]))","(array([0.04299517]), array([-0.00955459]))","(array([0.03965334]), array([-0.01137563]))","(array([0.03862341]), array([-0.01427628]))","(array([0.03930737]), array([-0.02014623]))","(array([0.04025847]), array([-0.02506764]))","(array([0.04187762]), array([-0.02398483]))","(array([0.04046284]), array([-0.02317591]))","(array([0.03883281]), array([-0.02294876]))"
(0.011197699076615783+0j),[0.08322261],[1.],[0.18983228],[1.],"(array([0.08695938]), array([0.01000455]))","(array([0.04553461]), array([-0.01154979]))","(array([0.0429936]), array([-0.00955599]))","(array([0.03965181]), array([-0.01137698]))","(array([0.03862199]), array([-0.01427766]))","(array([0.03930607]), array([-0.02014765]))","(array([0.04025733]), array([-0.0250691]))","(array([0.04187674]), array([-0.0239864]))","(array([0.04046212]), array([-0.02317749]))","(array([0.03883221]), array([-0.02295033]))","(array([0.03749401]), array([-0.02585219]))"
(0.01231960423170083+0j),[0.07458298],[1.],[0.20457879],[1.],"(array([0.0896975]), array([0.00702438]))","(array([0.04299202]), array([-0.00955724]))","(array([0.03965026]), array([-0.01137818]))","(array([0.03862056]), array([-0.0142789]))","(array([0.03930476]), array([-0.02014894]))","(array([0.04025615]), array([-0.02507044]))","(array([0.04187582]), array([-0.02398786]))","(array([0.04046135]), array([-0.02317897]))","(array([0.03883156]), array([-0.0229518]))","(array([0.03749342]), array([-0.02585362]))","(array([0.03816901]), array([-0.02896001]))"
(0.01352033590479922+0j),[0.06459062],[1.],[0.21904426],[1.],"(array([0.09045424]), array([0.0070665]))","(array([0.0396485]), array([-0.01137942]))","(array([0.03861892]), array([-0.01428019]))","(array([0.03930325]), array([-0.02015028]))","(array([0.0402548]), array([-0.02507185]))","(array([0.04187474]), array([-0.02398941]))","(array([0.04046043]), array([-0.02318055]))","(array([0.03883077]), array([-0.02295339]))","(array([0.0374927]), array([-0.02585517]))","(array([0.03816841]), array([-0.02896153]))","(array([0.03812971]), array([-0.03279252]))"
(0.01676915426359331+0j),[0.06523057],[1.],[0.24600877],[1.],"(array([0.0921228]), array([0.00308902]))","(array([0.0386169]), array([-0.0142816]))","(array([0.03930139]), array([-0.02015177]))","(array([0.04025313]), array([-0.02507343]))","(array([0.04187337]), array([-0.02399116]))","(array([0.04045926]), array([-0.02318235]))","(array([0.03882975]), array([-0.0229552]))","(array([0.03749176]), array([-0.02585693]))","(array([0.03816762]), array([-0.02896329]))","(array([0.03812903]), array([-0.03279424]))","(array([0.03876943]), array([-0.03821106]))"
(0.020258871815641562+0j),[0.04641259],[1.],[0.2757354],[1.],"(array([0.09701312]), array([0.00039497]))","(array([0.03929913]), array([-0.0201533]))","(array([0.04025106]), array([-0.02507508]))","(array([0.04187165]), array([-0.02399305]))","(array([0.04045775]), array([-0.02318432]))","(array([0.03882842]), array([-0.02295719]))","(array([0.03749053]), array([-0.02585888]))","(array([0.03816657]), array([-0.02896524]))","(array([0.0381281]), array([-0.03279614]))","(array([0.03876862]), array([-0.03821292]))","(array([0.04191085]), array([-0.04323572]))"
(0.023944492445261225+0j),[0.03998839],[1.],[0.30097714],[1.],"(array([0.10417973]), array([-0.00947541]))","(array([0.04024886]), array([-0.02507663]))","(array([0.04186978]), array([-0.02399487]))","(array([0.0404561]), array([-0.02318622]))","(array([0.03882695]), array([-0.02295913]))","(array([0.03748916]), array([-0.02586079]))","(array([0.03816537]), array([-0.02896715]))","(array([0.03812703]), array([-0.03279803]))","(array([0.03876768]), array([-0.03821478]))","(array([0.0419101]), array([-0.04323758]))","(array([0.04169006]), array([-0.05085069]))"
(0.025380364672608402+0j),[0.05753933],[1.],[0.30692825],[1.],"(array([0.10904424]), array([-0.01569507]))","(array([0.04186791]), array([-0.02399651]))","(array([0.04045443]), array([-0.02318795]))","(array([0.03882545]), array([-0.02296091]))","(array([0.03748776]), array([-0.02586255]))","(array([0.03816415]), array([-0.02896893]))","(array([0.03812594]), array([-0.03279979]))","(array([0.03876669]), array([-0.03821651]))","(array([0.0419093]), array([-0.04323933]))","(array([0.04168932]), array([-0.05085238]))","(array([0.04252464]), array([-0.05488897]))"
(0.026726734382998593+0j),[0.06222063],[1.],[0.31401519],[1.],"(array([0.11192534]), array([-0.01078315]))","(array([0.04045271]), array([-0.02318957]))","(array([0.0388239]), array([-0.02296259]))","(array([0.03748631]), array([-0.02586421]))","(array([0.03816287]), array([-0.02897061]))","(array([0.03812478]), array([-0.03280146]))","(array([0.03876566]), array([-0.03821816]))","(array([0.04190845]), array([-0.04324101]))","(array([0.04168851]), array([-0.050854]))","(array([0.04252394]), array([-0.05489057]))","(array([0.04647408]), array([-0.05406574]))"
(0.028080130824458923+0j),[0.05235231],[1.],[0.3235691],[1.],"(array([0.11209561]), array([-0.00896829]))","(array([0.03882233]), array([-0.0229641]))","(array([0.03748484]), array([-0.02586571]))","(array([0.03816155]), array([-0.02897215]))","(array([0.0381236]), array([-0.03280299]))","(array([0.03876459]), array([-0.03821969]))","(array([0.04190755]), array([-0.04324257]))","(array([0.04168767]), array([-0.05085552]))","(array([0.04252321]), array([-0.05489206]))","(array([0.04647356]), array([-0.05406724]))","(array([0.04813956]), array([-0.05493469]))"
(0.026966033536153153+0j),[0.04803805],[1.],[0.31746333],[1.],"(array([0.11097086]), array([-0.01091897]))","(array([0.03748336]), array([-0.02586705]))","(array([0.03816022]), array([-0.02897354]))","(array([0.03812238]), array([-0.03280439]))","(array([0.03876348]), array([-0.03822108]))","(array([0.04190661]), array([-0.043244]))","(array([0.04168678]), array([-0.05085691]))","(array([0.04252243]), array([-0.05489345]))","(array([0.04647298]), array([-0.05406865]))","(array([0.04813912]), array([-0.05493608]))","(array([0.04650761]), array([-0.0564606]))"
(0.025984219312279316+0j),[0.04188886],[1.],[0.31227696],[1.],"(array([0.10832327]), array([-0.0146991]))","(array([0.03815884]), array([-0.02897483]))","(array([0.03812112]), array([-0.03280569]))","(array([0.03876233]), array([-0.03822238]))","(array([0.04190562]), array([-0.04324536]))","(array([0.04168585]), array([-0.05085824]))","(array([0.0425216]), array([-0.05489477]))","(array([0.04647235]), array([-0.05407001]))","(array([0.04813863]), array([-0.05493743]))","(array([0.0465072]), array([-0.0564619]))","(array([0.04509351]), array([-0.0557659]))"
(0.025047307229385782+0j),[0.06330175],[1.],[0.30272568],[1.],"(array([0.10784352]), array([-0.01908186]))","(array([0.03811974]), array([-0.03280695]))","(array([0.03876106]), array([-0.03822366]))","(array([0.04190452]), array([-0.0432467]))","(array([0.04168481]), array([-0.05085955]))","(array([0.04252067]), array([-0.05489609]))","(array([0.04647162]), array([-0.05407137]))","(array([0.04813805]), array([-0.05493879]))","(array([0.04650669]), array([-0.05646322]))","(array([0.0450931]), array([-0.05576719]))","(array([0.04341173]), array([-0.05540291]))"
(0.02329521281234814+0j),[0.08258167],[1.],[0.28656948],[1.],"(array([0.1050075]), array([-0.0181104]))","(array([0.03875963]), array([-0.03822489]))","(array([0.04190325]), array([-0.04324802]))","(array([0.04168361]), array([-0.05086085]))","(array([0.04251959]), array([-0.0548974]))","(array([0.04647075]), array([-0.05407274]))","(array([0.04813733]), array([-0.05494017]))","(array([0.04650606]), array([-0.05646458]))","(array([0.04509258]), array([-0.05576852]))","(array([0.04341129]), array([-0.0554042]))","(array([0.0461733]), array([-0.05057898]))"
(0.021789366159969223+0j),[0.10602195],[1.],[0.26821143],[1.],"(array([0.10207918]), array([-0.01915354]))","(array([0.04190177]), array([-0.04324935]))","(array([0.0416822]), array([-0.05086216]))","(array([0.04251831]), array([-0.05489873]))","(array([0.0464697]), array([-0.05407416]))","(array([0.04813645]), array([-0.05494162]))","(array([0.04650527]), array([-0.056466]))","(array([0.0450919]), array([-0.05576992]))","(array([0.04341071]), array([-0.05540557]))","(array([0.04617292]), array([-0.05058035]))","(array([0.04817794]), array([-0.0453015]))"
(0.020471199961577532+0j),[0.10512153],[1.],[0.25900782],[1.],"(array([0.10110774]), array([-0.01889692]))","(array([0.04168046]), array([-0.05086358]))","(array([0.04251672]), array([-0.0549002]))","(array([0.04646836]), array([-0.05407576]))","(array([0.04813531]), array([-0.05494325]))","(array([0.04650425]), array([-0.05646761]))","(array([0.04509101]), array([-0.05577151]))","(array([0.04340993]), array([-0.05540714]))","(array([0.04617239]), array([-0.05058195]))","(array([0.04817762]), array([-0.04530309]))","(array([0.05069498]), array([-0.03909854]))"
(0.021961897295000123+0j),[0.10873304],[1.],[0.26835942],[1.],"(array([0.10103691]), array([-0.02652075]))","(array([0.04251479]), array([-0.05490178]))","(array([0.04646672]), array([-0.0540775]))","(array([0.04813389]), array([-0.05494506]))","(array([0.04650297]), array([-0.0564694]))","(array([0.04508989]), array([-0.05577329]))","(array([0.04340893]), array([-0.05540889]))","(array([0.04617167]), array([-0.05058374]))","(array([0.04817716]), array([-0.0453049]))","(array([0.05069479]), array([-0.03910035]))","(array([0.0507621]), array([-0.03923384]))"
(0.02345306792876412+0j),[0.12433973],[1.],[0.27208138],[1.],"(array([0.10389569]), array([-0.02966833]))","(array([0.04646484]), array([-0.05407925]))","(array([0.04813225]), array([-0.0549469]))","(array([0.04650148]), array([-0.05647123]))","(array([0.04508856]), array([-0.05577513]))","(array([0.04340775]), array([-0.05541071]))","(array([0.04617077]), array([-0.05058563]))","(array([0.04817654]), array([-0.04530682]))","(array([0.05069446]), array([-0.03910228]))","(array([0.05076188]), array([-0.03923574]))","(array([0.05254569]), array([-0.04054181]))"
(0.02479349639286541+0j),[0.11479609],[1.],[0.28519281],[1.],"(array([0.1085582]), array([-0.02543709]))","(array([0.04813045]), array([-0.05494868]))","(array([0.04649983]), array([-0.05647302]))","(array([0.04508709]), array([-0.05577693]))","(array([0.04340643]), array([-0.05541251]))","(array([0.04616975]), array([-0.05058752]))","(array([0.04817579]), array([-0.04530876]))","(array([0.05069401]), array([-0.03910425]))","(array([0.05076155]), array([-0.03923768]))","(array([0.05254548]), array([-0.04054372]))","(array([0.05585399]), array([-0.03945427]))"
(0.02833758029469855+0j),[0.11215616],[1.],[0.30858813],[1.],"(array([0.11470334]), array([-0.02838845]))","(array([0.04649813]), array([-0.05647471]))","(array([0.04508555]), array([-0.05577864]))","(array([0.04340503]), array([-0.05541422]))","(array([0.04616864]), array([-0.05058933]))","(array([0.04817496]), array([-0.04531064]))","(array([0.05069348]), array([-0.03910617]))","(array([0.05076112]), array([-0.03923959]))","(array([0.05254519]), array([-0.0405456]))","(array([0.05585389]), array([-0.03945613]))","(array([0.05629066]), array([-0.04437448]))"
(0.03200356134415024+0j),[0.1317366],[1.],[0.32249926],[1.],"(array([0.11821985]), array([-0.03046793]))","(array([0.04508397]), array([-0.05578027]))","(array([0.04340359]), array([-0.05541586]))","(array([0.04616749]), array([-0.05059108]))","(array([0.04817407]), array([-0.04531247]))","(array([0.05069287]), array([-0.03910805]))","(array([0.05076063]), array([-0.03924145]))","(array([0.05254483]), array([-0.04054746]))","(array([0.05585373]), array([-0.03945797]))","(array([0.05629052]), array([-0.04437627]))","(array([0.05838564]), array([-0.04911017]))"
(0.03571671501366732+0j),[0.12726327],[1.],[0.34450258],[1.],"(array([0.11986309]), array([-0.02549643]))","(array([0.04340205]), array([-0.0554174]))","(array([0.04616621]), array([-0.05059276]))","(array([0.04817306]), array([-0.04531424]))","(array([0.05069215]), array([-0.0391099]))","(array([0.05076002]), array([-0.03924329]))","(array([0.05254434]), array([-0.04054929]))","(array([0.05585344]), array([-0.0394598]))","(array([0.05629028]), array([-0.04437806]))","(array([0.05838548]), array([-0.04911191]))","(array([0.06361829]), array([-0.04961941]))"
(0.037792353631360374+0j),[0.11837447],[1.],[0.35799462],[1.],"(array([0.12203689]), array([-0.02613637]))","(array([0.04616475]), array([-0.05059444]))","(array([0.04817186]), array([-0.04531604]))","(array([0.05069125]), array([-0.03911181]))","(array([0.05075925]), array([-0.0392452]))","(array([0.05254371]), array([-0.04055121]))","(array([0.05585302]), array([-0.03946172]))","(array([0.05628989]), array([-0.04437994]))","(array([0.05838518]), array([-0.04911375]))","(array([0.0636182]), array([-0.04962122]))","(array([0.06467773]), array([-0.05346001]))"
(0.0396041343178167+0j),[0.12989174],[1.],[0.36273262],[1.],"(array([0.127687]), array([-0.02339156]))","(array([0.04817046]), array([-0.0453179]))","(array([0.05069016]), array([-0.0391138]))","(array([0.05075829]), array([-0.0392472]))","(array([0.0525429]), array([-0.04055322]))","(array([0.05585244]), array([-0.03946377]))","(array([0.05628936]), array([-0.04438194]))","(array([0.05838475]), array([-0.04911572]))","(array([0.06361799]), array([-0.04962316]))","(array([0.06467759]), array([-0.0534619]))","(array([0.06432183]), array([-0.05699951]))"
(0.041196678783398194+0j),[0.12763602],[1.],[0.37093043],[1.],"(array([0.13067735]), array([-0.01571546]))","(array([0.05068898]), array([-0.03911571]))","(array([0.05075724]), array([-0.03924913]))","(array([0.05254199]), array([-0.04055518]))","(array([0.05585176]), array([-0.03946577]))","(array([0.05628873]), array([-0.04438391]))","(array([0.05838422]), array([-0.04911766]))","(array([0.06361769]), array([-0.04962509]))","(array([0.06467737]), array([-0.05346379]))","(array([0.06432166]), array([-0.05700134]))","(array([0.06689218]), array([-0.05665225]))"
(0.04437749056912562+0j),[0.11770705],[1.],[0.38886761],[1.],"(array([0.135933]), array([-0.01016344]))","(array([0.05075619]), array([-0.03925088]))","(array([0.05254108]), array([-0.04055696]))","(array([0.05585105]), array([-0.0394676]))","(array([0.05628808]), array([-0.04438571]))","(array([0.05838366]), array([-0.04911944]))","(array([0.06361734]), array([-0.04962688]))","(array([0.06467709]), array([-0.05346554]))","(array([0.06432144]), array([-0.05700304]))","(array([0.06689211]), array([-0.0566539]))","(array([0.06769749]), array([-0.05934751]))"
(0.047507357322792106+0j),[0.12108096],[1.],[0.40159422],[1.],"(array([0.13991621]), array([-0.01248542]))","(array([0.05254017]), array([-0.04055855]))","(array([0.05585033]), array([-0.03946925]))","(array([0.05628741]), array([-0.04438733]))","(array([0.05838307]), array([-0.04912106]))","(array([0.06361695]), array([-0.0496285]))","(array([0.06467678]), array([-0.05346714]))","(array([0.06432118]), array([-0.0570046]))","(array([0.06689198]), array([-0.05665542]))","(array([0.06769744]), array([-0.05934897]))","(array([0.06776144]), array([-0.06383225]))"
(0.05049345778289847+0j),[0.0904394],[1.],[0.4218597],[1.],"(array([0.14443093]), array([-0.01302574]))","(array([0.05584961]), array([-0.0394707]))","(array([0.05628674]), array([-0.04438876]))","(array([0.05838248]), array([-0.04912249]))","(array([0.06361654]), array([-0.04962995]))","(array([0.06467643]), array([-0.05346858]))","(array([0.06432088]), array([-0.05700599]))","(array([0.06689181]), array([-0.05665679]))","(array([0.06769735]), array([-0.0593503]))","(array([0.06776139]), array([-0.06383352]))","(array([0.06979114]), array([-0.06581342]))"
(0.05043411153204816+0j),[0.10634105],[1.],[0.41724901],[1.],"(array([0.1507837]), array([-0.01870407]))","(array([0.05628607]), array([-0.04439001]))","(array([0.05838189]), array([-0.04912374]))","(array([0.06361611]), array([-0.04963123]))","(array([0.06467606]), array([-0.05346985]))","(array([0.06432056]), array([-0.05700724]))","(array([0.06689161]), array([-0.05665802]))","(array([0.06769722]), array([-0.05935148]))","(array([0.06776131]), array([-0.06383466]))","(array([0.06979114]), array([-0.06581452]))","(array([0.06545291]), array([-0.07183202]))"
(0.050438548402850246+0j),[0.1126681],[1.],[0.41502955],[1.],"(array([0.15019485]), array([-0.02000936]))","(array([0.0583813]), array([-0.04912489]))","(array([0.06361566]), array([-0.04963241]))","(array([0.06467568]), array([-0.05347103]))","(array([0.06432022]), array([-0.05700839]))","(array([0.06689138]), array([-0.05665916]))","(array([0.06769706]), array([-0.0593526]))","(array([0.0677612]), array([-0.06383573]))","(array([0.06979111]), array([-0.06581555]))","(array([0.06545287]), array([-0.071833]))","(array([0.06806997]), array([-0.06913709]))"
(0.05040936457089705+0j),[0.12275978],[1.],[0.41150892],[1.],"(array([0.15175111]), array([-0.02323863]))","(array([0.0636152]), array([-0.04963343]))","(array([0.06467527]), array([-0.05347205]))","(array([0.06431986]), array([-0.0570094]))","(array([0.06689112]), array([-0.05666016]))","(array([0.06769686]), array([-0.05935358]))","(array([0.06776105]), array([-0.06383668]))","(array([0.06979103]), array([-0.06581647]))","(array([0.06545279]), array([-0.07183388]))","(array([0.06806998]), array([-0.06913792]))","(array([0.0691042]), array([-0.06791755]))"
(0.05301998966072145+0j),[0.13005318],[1.],[0.42003254],[1.],"(array([0.15747843]), array([-0.02151534]))","(array([0.06467482]), array([-0.053473]))","(array([0.06431945]), array([-0.05701034]))","(array([0.06689081]), array([-0.05666111]))","(array([0.06769662]), array([-0.05935451]))","(array([0.06776086]), array([-0.06383759]))","(array([0.06979091]), array([-0.06581736]))","(array([0.06545267]), array([-0.07183473]))","(array([0.06806994]), array([-0.06913874]))","(array([0.06910423]), array([-0.06791833]))","(array([0.07128367]), array([-0.06722888]))"
(0.05555477881488813+0j),[0.14675247],[1.],[0.42464338],[1.],"(array([0.16036309]), array([-0.02366683]))","(array([0.06431901]), array([-0.05701119]))","(array([0.06689047]), array([-0.05666198]))","(array([0.06769634]), array([-0.05935537]))","(array([0.06776062]), array([-0.06383843]))","(array([0.06979075]), array([-0.06581818]))","(array([0.06545251]), array([-0.07183552]))","(array([0.06806987]), array([-0.0691395]))","(array([0.06910422]), array([-0.06791906]))","(array([0.07128372]), array([-0.06722959]))","(array([0.07365802]), array([-0.0679654]))"
(0.05809114522340218+0j),[0.11677261],[1.],[0.4433808],[1.],"(array([0.16100404]), array([-0.023458]))","(array([0.06689005]), array([-0.05666285]))","(array([0.06769598]), array([-0.05935624]))","(array([0.06776032]), array([-0.06383928]))","(array([0.06979053]), array([-0.06581903]))","(array([0.06545229]), array([-0.07183633]))","(array([0.06806975]), array([-0.0691403]))","(array([0.06910416]), array([-0.06791983]))","(array([0.07128373]), array([-0.06723033]))","(array([0.07365809]), array([-0.0679661]))","(array([0.07740142]), array([-0.06695514]))"
(0.05962787620214686+0j),[0.12286134],[1.],[0.44711906],[1.],"(array([0.16729975]), array([-0.02971688]))","(array([0.06769554]), array([-0.05935709]))","(array([0.06775994]), array([-0.06384014]))","(array([0.06979022]), array([-0.06581988]))","(array([0.065452]), array([-0.07183715]))","(array([0.06806955]), array([-0.06914111]))","(array([0.06910404]), array([-0.06792063]))","(array([0.07128368]), array([-0.0672311]))","(array([0.0736581]), array([-0.06796685]))","(array([0.07740151]), array([-0.06695586]))","(array([0.07354173]), array([-0.07348443]))"
(0.06109893813567512+0j),[0.15631163],[1.],[0.44168766],[1.],"(array([0.16889414]), array([-0.03101297]))","(array([0.06775948]), array([-0.06384092]))","(array([0.06978985]), array([-0.06582068]))","(array([0.06545165]), array([-0.07183792]))","(array([0.06806929]), array([-0.06914189]))","(array([0.06910386]), array([-0.0679214]))","(array([0.07128357]), array([-0.06723185]))","(array([0.07365806]), array([-0.06796759]))","(array([0.07740155]), array([-0.06695657]))","(array([0.07354176]), array([-0.07348512]))","(array([0.07514696]), array([-0.07346859]))"
(0.06265326079103073+0j),[0.14664345],[1.],[0.45024655],[1.],"(array([0.16774618]), array([-0.02803961]))","(array([0.06978948]), array([-0.06582138]))","(array([0.06545129]), array([-0.0718386]))","(array([0.06806903]), array([-0.06914257]))","(array([0.06910366]), array([-0.06792208]))","(array([0.07128344]), array([-0.06723253]))","(array([0.07365799]), array([-0.06796825]))","(array([0.07740155]), array([-0.06695722]))","(array([0.07354176]), array([-0.07348575]))","(array([0.075147]), array([-0.0734692]))","(array([0.080999]), array([-0.06869045]))"
(0.0544670825465831+0j),[0.13585338],[1.],[0.41997189],[1.],"(array([0.16724899]), array([-0.03209159]))","(array([0.065451]), array([-0.07183911]))","(array([0.0680688]), array([-0.0691431]))","(array([0.06910348]), array([-0.06792261]))","(array([0.07128333]), array([-0.06723306]))","(array([0.07365792]), array([-0.06796878]))","(array([0.07740154]), array([-0.06695773]))","(array([0.07354175]), array([-0.07348625]))","(array([0.07514703]), array([-0.07346968]))","(array([0.08099909]), array([-0.06869091]))","(array([0.07794122]), array([-0.06753754]))"
(0.04751818041151907+0j),[0.13070208],[1.],[0.39075014],[1.],"(array([0.15633252]), array([-0.04031364]))","(array([0.06806862]), array([-0.0691435]))","(array([0.06910334]), array([-0.06792302]))","(array([0.07128322]), array([-0.06723347]))","(array([0.07365786]), array([-0.06796919]))","(array([0.07740152]), array([-0.06695814]))","(array([0.07354174]), array([-0.07348665]))","(array([0.07514704]), array([-0.07347007]))","(array([0.08099915]), array([-0.06869129]))","(array([0.07794129]), array([-0.06753789]))","(array([0.07274307]), array([-0.062943]))"
(0.041242128977451706+0j),[0.11429228],[1.],[0.36614002],[1.],"(array([0.15244882]), array([-0.03879283]))","(array([0.06910321]), array([-0.06792332]))","(array([0.07128313]), array([-0.06723378]))","(array([0.0736578]), array([-0.0679695]))","(array([0.07740149]), array([-0.06695845]))","(array([0.07354171]), array([-0.07348696]))","(array([0.07514704]), array([-0.07347037]))","(array([0.08099919]), array([-0.06869158]))","(array([0.07794134]), array([-0.06753818]))","(array([0.07274312]), array([-0.06294327]))","(array([0.06847489]), array([-0.05790007]))"
(0.04233614503483785+0j),[0.16235993],[1.],[0.35372652],[1.],"(array([0.15202115]), array([-0.04119868]))","(array([0.07128303]), array([-0.06723404]))","(array([0.07365773]), array([-0.06796977]))","(array([0.07740145]), array([-0.06695873]))","(array([0.07354167]), array([-0.07348723]))","(array([0.07514702]), array([-0.07347064]))","(array([0.08099921]), array([-0.06869184]))","(array([0.07794137]), array([-0.06753843]))","(array([0.07274316]), array([-0.06294351]))","(array([0.06847493]), array([-0.0579003]))","(array([0.06460347]), array([-0.05844672]))"
(0.043459554202805076+0j),[0.16219158],[1.],[0.3598155],[1.],"(array([0.15141212]), array([-0.02995882]))","(array([0.07365765]), array([-0.06797]))","(array([0.07740141]), array([-0.06695896]))","(array([0.07354163]), array([-0.07348746]))","(array([0.075147]), array([-0.07347087]))","(array([0.08099922]), array([-0.06869207]))","(array([0.07794139]), array([-0.06753865]))","(array([0.07274318]), array([-0.06294373]))","(array([0.06847496]), array([-0.05790051]))","(array([0.0646035]), array([-0.05844693]))","(array([0.07234608]), array([-0.0507562]))"
(0.04445325039559781+0j),[0.17779986],[1.],[0.35763956],[1.],"(array([0.15506075]), array([-0.03071502]))","(array([0.07740135]), array([-0.06695917]))","(array([0.07354157]), array([-0.07348767]))","(array([0.07514697]), array([-0.07347109]))","(array([0.08099921]), array([-0.06869229]))","(array([0.07794139]), array([-0.06753886]))","(array([0.07274319]), array([-0.06294393]))","(array([0.06847497]), array([-0.0579007]))","(array([0.06460351]), array([-0.05844711]))","(array([0.07234613]), array([-0.05075638]))","(array([0.07296553]), array([-0.05186965]))"
(0.038825640909947286+0j),[0.16634722],[1.],[0.33377202],[1.],"(array([0.15436105]), array([-0.02628906]))","(array([0.0735415]), array([-0.07348786]))","(array([0.07514691]), array([-0.07347128]))","(array([0.08099919]), array([-0.06869248]))","(array([0.07794137]), array([-0.06753906]))","(array([0.07274317]), array([-0.06294412]))","(array([0.06847497]), array([-0.05790089]))","(array([0.06460351]), array([-0.05844729]))","(array([0.07234615]), array([-0.05075656]))","(array([0.07296556]), array([-0.05186981]))","(array([0.0737014]), array([-0.04631398]))"
(0.03412311719161099+0j),[0.1615175],[1.],[0.30963752],[1.],"(array([0.14533316]), array([-0.03515722]))","(array([0.07514685]), array([-0.07347144]))","(array([0.08099915]), array([-0.06869266]))","(array([0.07794134]), array([-0.06753923]))","(array([0.07274314]), array([-0.06294429]))","(array([0.06847494]), array([-0.05790105]))","(array([0.06460348]), array([-0.05844745]))","(array([0.07234616]), array([-0.05075672]))","(array([0.07296558]), array([-0.05186997]))","(array([0.07370143]), array([-0.04631413]))","(array([0.06909131]), array([-0.04300808]))"
(0.029959739759559144+0j),[0.15497702],[1.],[0.28778789],[1.],"(array([0.14158479]), array([-0.03618464]))","(array([0.08099909]), array([-0.06869281]))","(array([0.0779413]), array([-0.06753939]))","(array([0.0727431]), array([-0.06294444]))","(array([0.0684749]), array([-0.0579012]))","(array([0.06460345]), array([-0.0584476]))","(array([0.07234615]), array([-0.05075686]))","(array([0.07296558]), array([-0.05187012]))","(array([0.07370145]), array([-0.04631427]))","(array([0.06909133]), array([-0.04300822]))","(array([0.06551045]), array([-0.03889354]))"
(0.030358961404796273+0j),[0.13969619],[1.],[0.29896724],[1.],"(array([0.14585262]), array([-0.03294959]))","(array([0.07794125]), array([-0.06753951]))","(array([0.07274305]), array([-0.06294456]))","(array([0.06847486]), array([-0.05790131]))","(array([0.0646034]), array([-0.05844771]))","(array([0.07234613]), array([-0.05075699]))","(array([0.07296557]), array([-0.05187024]))","(array([0.07370144]), array([-0.0463144]))","(array([0.06909133]), array([-0.04300833]))","(array([0.06551045]), array([-0.03889365]))","(array([0.06338144]), array([-0.03829318]))"
(0.030767621071021427+0j),[0.13759167],[1.],[0.30328628],[1.],"(array([0.14532579]), array([-0.03519249]))","(array([0.072743]), array([-0.06294467]))","(array([0.0684748]), array([-0.05790142]))","(array([0.06460335]), array([-0.05844781]))","(array([0.0723461]), array([-0.0507571]))","(array([0.07296554]), array([-0.05187036]))","(array([0.07370143]), array([-0.04631451]))","(array([0.06909132]), array([-0.04300844]))","(array([0.06551044]), array([-0.03889376]))","(array([0.06338143]), array([-0.03829328]))","(array([0.06170574]), array([-0.04218322]))"
(0.03126391041515149+0j),[0.1564987],[1.],[0.29774422],[1.],"(array([0.14120107]), array([-0.03118556]))","(array([0.06847475]), array([-0.05790148]))","(array([0.0646033]), array([-0.05844788]))","(array([0.07234606]), array([-0.05075718]))","(array([0.07296551]), array([-0.05187044]))","(array([0.07370141]), array([-0.0463146]))","(array([0.0690913]), array([-0.04300853]))","(array([0.06551043]), array([-0.03889384]))","(array([0.06338142]), array([-0.03829336]))","(array([0.06170573]), array([-0.04218329]))","(array([0.06173332]), array([-0.0434069]))"
(0.032441570111747774+0j),[0.14837377],[1.],[0.30942934],[1.],"(array([0.13621607]), array([-0.02211878]))","(array([0.06460326]), array([-0.05844791]))","(array([0.07234603]), array([-0.05075722]))","(array([0.07296549]), array([-0.05187049]))","(array([0.07370139]), array([-0.04631465]))","(array([0.06909128]), array([-0.04300858]))","(array([0.06551041]), array([-0.03889388]))","(array([0.0633814]), array([-0.03829341]))","(array([0.06170571]), array([-0.04218334]))","(array([0.06173331]), array([-0.04340695]))","(array([0.06485944]), array([-0.04077438]))"
(0.033728868425748446+0j),[0.16428696],[1.],[0.30934633],[1.],"(array([0.13499887]), array([-0.02444414]))","(array([0.07234601]), array([-0.05075723]))","(array([0.07296546]), array([-0.05187051]))","(array([0.07370137]), array([-0.04631467]))","(array([0.06909126]), array([-0.0430086]))","(array([0.06551039]), array([-0.0388939]))","(array([0.06338138]), array([-0.03829343]))","(array([0.06170569]), array([-0.04218336]))","(array([0.06173329]), array([-0.04340697]))","(array([0.06485943]), array([-0.04077441]))","(array([0.06464595]), array([-0.04396254]))"
(0.034556499755868476+0j),[0.19109562],[1.],[0.29896564],[1.],"(array([0.14253518]), array([-0.0134413]))","(array([0.07296545]), array([-0.0518705]))","(array([0.07370135]), array([-0.04631467]))","(array([0.06909124]), array([-0.0430086]))","(array([0.06551037]), array([-0.0388939]))","(array([0.06338136]), array([-0.03829343]))","(array([0.06170568]), array([-0.04218336]))","(array([0.06173328]), array([-0.04340697]))","(array([0.06485942]), array([-0.04077441]))","(array([0.06464594]), array([-0.04396255]))","(array([0.06741113]), array([-0.04212767]))"
(0.033836827420249856+0j),[0.1965432],[1.],[0.29088953],[1.],"(array([0.13977426]), array([-0.00863107]))","(array([0.07370134]), array([-0.04631465]))","(array([0.06909122]), array([-0.04300858]))","(array([0.06551035]), array([-0.03889388]))","(array([0.06338134]), array([-0.03829341]))","(array([0.06170566]), array([-0.04218335]))","(array([0.06173326]), array([-0.04340696]))","(array([0.0648594]), array([-0.04077441]))","(array([0.06464593]), array([-0.04396255]))","(array([0.06741112]), array([-0.04212767]))","(array([0.07085084]), array([-0.03623845]))"
(0.03302827907415292+0j),[0.20986526],[1.],[0.27611316],[1.],"(array([0.13872215]), array([-0.00201263]))","(array([0.06909121]), array([-0.04300854]))","(array([0.06551033]), array([-0.03889384]))","(array([0.06338133]), array([-0.03829337]))","(array([0.06170565]), array([-0.04218332]))","(array([0.06173325]), array([-0.04340694]))","(array([0.06485939]), array([-0.04077439]))","(array([0.06464592]), array([-0.04396253]))","(array([0.0674111]), array([-0.04212766]))","(array([0.07085083]), array([-0.03623844]))","(array([0.07087706]), array([-0.0341587]))"
(0.032371277290701446+0j),[0.22306964],[1.],[0.26089184],[1.],"(array([0.13097781]), array([0.00413802]))","(array([0.06551032]), array([-0.03889379]))","(array([0.06338131]), array([-0.03829333]))","(array([0.06170563]), array([-0.04218328]))","(array([0.06173323]), array([-0.0434069]))","(array([0.06485937]), array([-0.04077436]))","(array([0.0646459]), array([-0.0439625]))","(array([0.06741109]), array([-0.04212764]))","(array([0.07085081]), array([-0.03623843]))","(array([0.07087704]), array([-0.03415869]))","(array([0.07177338]), array([-0.03002214]))"
(0.03150737043697141+0j),[0.2130188],[1.],[0.26302487],[1.],"(array([0.12392626]), array([0.01105368]))","(array([0.0633813]), array([-0.03829327]))","(array([0.06170562]), array([-0.04218323]))","(array([0.06173322]), array([-0.04340685]))","(array([0.06485936]), array([-0.04077432]))","(array([0.06464589]), array([-0.04396247]))","(array([0.06741107]), array([-0.04212761]))","(array([0.07085079]), array([-0.0362384]))","(array([0.07087702]), array([-0.03415867]))","(array([0.07177336]), array([-0.03002212]))","(array([0.07246371]), array([-0.025616]))"
(0.03074330597471098+0j),[0.20492277],[1.],[0.26401781],[1.],"(array([0.1223213]), array([0.00943088]))","(array([0.06170562]), array([-0.04218317]))","(array([0.06173322]), array([-0.04340681]))","(array([0.06485935]), array([-0.04077427]))","(array([0.06464588]), array([-0.04396243]))","(array([0.06741106]), array([-0.04212758]))","(array([0.07085078]), array([-0.03623838]))","(array([0.07087701]), array([-0.03415864]))","(array([0.07177334]), array([-0.0300221]))","(array([0.07246369]), array([-0.02561598]))","(array([0.07080028]), array([-0.0271815]))"
(0.030169609980731777+0j),[0.18281253],[1.],[0.27592857],[1.],"(array([0.1209056]), array([0.00385871]))","(array([0.06173321]), array([-0.04340676]))","(array([0.06485934]), array([-0.04077423]))","(array([0.06464587]), array([-0.04396239]))","(array([0.06741105]), array([-0.04212754]))","(array([0.07085076]), array([-0.03623835]))","(array([0.07087699]), array([-0.03415862]))","(array([0.07177332]), array([-0.03002208]))","(array([0.07246367]), array([-0.02561597]))","(array([0.07080026]), array([-0.02718149]))","(array([0.06947339]), array([-0.02824779]))"
(0.027116610114722012+0j),[0.17799406],[1.],[0.25784423],[1.],"(array([0.12153419]), array([-0.00219151]))","(array([0.06485932]), array([-0.04077418]))","(array([0.06464585]), array([-0.04396234]))","(array([0.06741103]), array([-0.0421275]))","(array([0.07085074]), array([-0.03623831]))","(array([0.07087696]), array([-0.03415859]))","(array([0.0717733]), array([-0.03002206]))","(array([0.07246364]), array([-0.02561595]))","(array([0.07080023]), array([-0.02718147]))","(array([0.06947337]), array([-0.02824778]))","(array([0.0655939]), array([-0.03118158]))"
(0.024257553901741086+0j),[0.19033622],[1.],[0.22658469],[1.],"(array([0.12060726]), array([-0.00067237]))","(array([0.06464583]), array([-0.0439623]))","(array([0.06741101]), array([-0.04212746]))","(array([0.07085071]), array([-0.03623828]))","(array([0.07087694]), array([-0.03415856]))","(array([0.07177327]), array([-0.03002203]))","(array([0.07246361]), array([-0.02561593]))","(array([0.0708002]), array([-0.02718146]))","(array([0.06947333]), array([-0.02824776]))","(array([0.06559387]), array([-0.03118157]))","(array([0.06260312]), array([-0.02822827]))"
(0.021947576597537318+0j),[0.19342147],[1.],[0.20392962],[1.],"(array([0.11352204]), array([-0.00105923]))","(array([0.06741098]), array([-0.04212741]))","(array([0.07085067]), array([-0.03623824]))","(array([0.0708769]), array([-0.03415853]))","(array([0.07177323]), array([-0.030022]))","(array([0.07246357]), array([-0.02561591]))","(array([0.07080016]), array([-0.02718144]))","(array([0.0694733]), array([-0.02824775]))","(array([0.06559383]), array([-0.03118156]))","(array([0.06260308]), array([-0.02822826]))","(array([0.0615932]), array([-0.02087656]))"
(0.020617725231751278+0j),[0.19220137],[1.],[0.19300425],[1.],"(array([0.11209443]), array([0.0014165]))","(array([0.07085063]), array([-0.03623819]))","(array([0.07087685]), array([-0.03415849]))","(array([0.07177318]), array([-0.03002197]))","(array([0.07246352]), array([-0.02561589]))","(array([0.07080011]), array([-0.02718143]))","(array([0.06947325]), array([-0.02824774]))","(array([0.06559379]), array([-0.03118155]))","(array([0.06260303]), array([-0.02822825]))","(array([0.06159316]), array([-0.02087655]))","(array([0.06005183]), array([-0.01692511]))"
(0.019206709248444774+0j),[0.18754284],[1.],[0.18425325],[1.],"(array([0.11305076]), array([0.00689684]))","(array([0.0708768]), array([-0.03415844]))","(array([0.07177312]), array([-0.03002194]))","(array([0.07246346]), array([-0.02561586]))","(array([0.07080006]), array([-0.02718141]))","(array([0.06947319]), array([-0.02824772]))","(array([0.06559373]), array([-0.03118154]))","(array([0.06260298]), array([-0.02822824]))","(array([0.06159311]), array([-0.02087655]))","(array([0.06005178]), array([-0.01692512]))","(array([0.05845608]), array([-0.01497894]))"
(0.017874631266634588+0j),[0.17998868],[1.],[0.17877219],[1.],"(array([0.11115473]), array([0.00790385]))","(array([0.07177307]), array([-0.0300219]))","(array([0.0724634]), array([-0.02561584]))","(array([0.0708]), array([-0.02718138]))","(array([0.06947313]), array([-0.0282477]))","(array([0.06559368]), array([-0.03118152]))","(array([0.06260292]), array([-0.02822823]))","(array([0.06159305]), array([-0.02087655]))","(array([0.06005172]), array([-0.01692512]))","(array([0.05845603]), array([-0.01497895]))","(array([0.05656596]), array([-0.01385064]))"
(0.016184404499774065+0j),[0.17547914],[1.],[0.16564889],[1.],"(array([0.11036154]), array([0.01028063]))","(array([0.07246335]), array([-0.0256158]))","(array([0.07079994]), array([-0.02718135]))","(array([0.06947308]), array([-0.02824768]))","(array([0.06559362]), array([-0.03118149]))","(array([0.06260287]), array([-0.02822821]))","(array([0.061593]), array([-0.02087653]))","(array([0.06005167]), array([-0.01692511]))","(array([0.05845597]), array([-0.01497894]))","(array([0.05656591]), array([-0.01385064]))","(array([0.05419724]), array([-0.0132674]))"
(0.014580116664132281+0j),[0.18766273],[1.],[0.13125214],[1.],"(array([0.10815113]), array([0.01359014]))","(array([0.0707999]), array([-0.02718132]))","(array([0.06947304]), array([-0.02824765]))","(array([0.06559358]), array([-0.03118147]))","(array([0.06260283]), array([-0.02822819]))","(array([0.06159295]), array([-0.02087652]))","(array([0.06005163]), array([-0.0169251]))","(array([0.05845593]), array([-0.01497894]))","(array([0.05656587]), array([-0.01385064]))","(array([0.0541972]), array([-0.01326739]))","(array([0.05179722]), array([-0.01130361]))"
(0.013353874421627198+0j),[0.19150844],[1.],[0.10638384],[1.],"(array([0.09896573]), array([0.01474515]))","(array([0.069473]), array([-0.02824763]))","(array([0.06559354]), array([-0.03118145]))","(array([0.06260279]), array([-0.02822817]))","(array([0.06159291]), array([-0.0208765]))","(array([0.06005159]), array([-0.01692508]))","(array([0.05845589]), array([-0.01497893]))","(array([0.05656583]), array([-0.01385063]))","(array([0.05419716]), array([-0.01326739]))","(array([0.05179719]), array([-0.01130361]))","(array([0.0503923]), array([-0.00342914]))"
(0.012815401982073975+0j),[0.19041552],[1.],[0.09936084],[1.],"(array([0.09315299]), array([0.01455265]))","(array([0.0655935]), array([-0.03118142]))","(array([0.06260275]), array([-0.02822815]))","(array([0.06159287]), array([-0.02087649]))","(array([0.06005155]), array([-0.01692507]))","(array([0.05845585]), array([-0.01497892]))","(array([0.05656579]), array([-0.01385063]))","(array([0.05419712]), array([-0.01326739]))","(array([0.05179715]), array([-0.01130361]))","(array([0.05039226]), array([-0.00342915]))","(array([0.04890613]), array([0.00089262]))"
(0.01243582040908732+0j),[0.18775923],[1.],[0.09772956],[1.],"(array([0.08782501]), array([0.0114499]))","(array([0.0626027]), array([-0.02822812]))","(array([0.06159282]), array([-0.02087647]))","(array([0.06005149]), array([-0.01692506]))","(array([0.0584558]), array([-0.01497891]))","(array([0.05656574]), array([-0.01385062]))","(array([0.05419707]), array([-0.01326738]))","(array([0.0517971]), array([-0.0113036]))","(array([0.05039222]), array([-0.00342915]))","(array([0.04890609]), array([0.0008926]))","(array([0.04803556]), array([0.00206255]))"
(0.012053026487126+0j),[0.18268997],[1.],[0.10034224],[1.],"(array([0.08454969]), array([0.01374418]))","(array([0.06159276]), array([-0.02087643]))","(array([0.06005143]), array([-0.01692503]))","(array([0.05845574]), array([-0.01497889]))","(array([0.05656568]), array([-0.0138506]))","(array([0.05419701]), array([-0.01326737]))","(array([0.05179705]), array([-0.01130359]))","(array([0.05039217]), array([-0.00342915]))","(array([0.04890604]), array([0.0008926]))","(array([0.04803551]), array([0.00206254]))","(array([0.04732257]), array([0.00197943]))"
(0.010913355010762309+0j),[0.1827707],[1.],[0.07587009],[1.],"(array([0.08263395]), array([0.01979903]))","(array([0.06005137]), array([-0.016925]))","(array([0.05845567]), array([-0.01497886]))","(array([0.05656562]), array([-0.01385058]))","(array([0.05419695]), array([-0.01326734]))","(array([0.05179699]), array([-0.01130357]))","(array([0.05039211]), array([-0.00342915]))","(array([0.04890598]), array([0.0008926]))","(array([0.04803546]), array([0.00206253]))","(array([0.04732252]), array([0.00197941]))","(array([0.04574658]), array([0.00211545]))"
(0.009927858508345157+0j),[0.17682396],[1.],[0.06472771],[1.],"(array([0.07574937]), array([0.02367239]))","(array([0.0584556]), array([-0.01497881]))","(array([0.05656555]), array([-0.01385054]))","(array([0.05419688]), array([-0.01326731]))","(array([0.05179692]), array([-0.01130355]))","(array([0.05039204]), array([-0.00342913]))","(array([0.04890591]), array([0.0008926]))","(array([0.04803539]), array([0.00206253]))","(array([0.04732246]), array([0.00197941]))","(array([0.04574652]), array([0.00211544]))","(array([0.04300736]), array([0.00670374]))"
(0.009044480141707384+0j),[0.17114624],[1.],[0.05347625],[1.],"(array([0.07174291]), array([0.02426473]))","(array([0.05656546]), array([-0.01385048]))","(array([0.05419679]), array([-0.01326726]))","(array([0.05179683]), array([-0.0113035]))","(array([0.05039195]), array([-0.00342911]))","(array([0.04890582]), array([0.00089261]))","(array([0.04803531]), array([0.00206253]))","(array([0.04732237]), array([0.00197941]))","(array([0.04574644]), array([0.00211543]))","(array([0.04300728]), array([0.00670372]))","(array([0.04062954]), array([0.00811451]))"
(0.008676690667103394+0j),[0.16569784],[1.],[0.05833848],[1.],"(array([0.06919726]), array([0.02411754]))","(array([0.05419668]), array([-0.01326718]))","(array([0.05179672]), array([-0.01130344]))","(array([0.05039183]), array([-0.00342907]))","(array([0.04890571]), array([0.00089264]))","(array([0.04803519]), array([0.00206254]))","(array([0.04732226]), array([0.00197941]))","(array([0.04574633]), array([0.00211543]))","(array([0.04300717]), array([0.00670371]))","(array([0.04062944]), array([0.00811449]))","(array([0.03919716]), array([0.00804441]))"
(0.008361840385335103+0j),[0.16460865],[1.],[0.05159724],[1.],"(array([0.06795802]), array([0.02348754]))","(array([0.05179659]), array([-0.01130335]))","(array([0.0503917]), array([-0.00342901]))","(array([0.04890557]), array([0.00089267]))","(array([0.04803506]), array([0.00206257]))","(array([0.04732213]), array([0.00197942]))","(array([0.0457462]), array([0.00211543]))","(array([0.04300705]), array([0.0067037]))","(array([0.04062932]), array([0.00811448]))","(array([0.03919704]), array([0.00804439]))","(array([0.03871118]), array([0.00645954]))"
(0.008034014212071899+0j),[0.16016315],[1.],[0.05406869],[1.],"(array([0.06413683]), array([0.02516252]))","(array([0.05039152]), array([-0.00342892]))","(array([0.04890539]), array([0.00089274]))","(array([0.04803488]), array([0.00206261]))","(array([0.04732195]), array([0.00197945]))","(array([0.04574603]), array([0.00211545]))","(array([0.04300688]), array([0.0067037]))","(array([0.04062916]), array([0.00811446]))","(array([0.03919689]), array([0.00804436]))","(array([0.03871103]), array([0.0064595]))","(array([0.03775046]), array([0.00754577]))"
(0.0071372710710916965+0j),[0.15607214],[1.],[0.0288552],[1.],"(array([0.06129337]), array([0.0318648]))","(array([0.04890511]), array([0.00089286]))","(array([0.0480346]), array([0.00206271]))","(array([0.04732168]), array([0.00197952]))","(array([0.04574576]), array([0.00211551]))","(array([0.04300661]), array([0.00670372]))","(array([0.0406289]), array([0.00811447]))","(array([0.03919663]), array([0.00804435]))","(array([0.03871078]), array([0.00645947]))","(array([0.03775023]), array([0.0075457]))","(array([0.03601617]), array([0.00820527]))"
(0.006363471590189024+0j),[0.14775824],[1.],[0.02124398],[1.],"(array([0.05429949]), array([0.03518161]))","(array([0.04803417]), array([0.00206289]))","(array([0.04732125]), array([0.00197967]))","(array([0.04574534]), array([0.00211563]))","(array([0.0430062]), array([0.00670378]))","(array([0.04062849]), array([0.0081145]))","(array([0.03919623]), array([0.00804436]))","(array([0.03871039]), array([0.00645945]))","(array([0.03774986]), array([0.00754563]))","(array([0.03601582]), array([0.00820516]))","(array([0.03239213]), array([0.01247223]))"
(0.005674288280434339+0j),[0.13970322],[1.],[0.01426292],[1.],"(array([0.05177604]), array([0.03449591]))","(array([0.04732067]), array([0.00197991]))","(array([0.04574476]), array([0.00211584]))","(array([0.04300561]), array([0.00670391]))","(array([0.04062791]), array([0.00811459]))","(array([0.03919567]), array([0.0080444]))","(array([0.03870985]), array([0.00645946]))","(array([0.03774933]), array([0.00754555]))","(array([0.03601531]), array([0.00820504]))","(array([0.03239166]), array([0.01247204]))","(array([0.02995879]), array([0.01297531]))"
(0.005077240899347007+0j),[0.13206185],[1.],[0.00890741],[1.],"(array([0.04940182]), array([0.03264504]))","(array([0.04574407]), array([0.00211612]))","(array([0.04300491]), array([0.0067041]))","(array([0.04062722]), array([0.00811474]))","(array([0.03919499]), array([0.0080445]))","(array([0.03870918]), array([0.0064595]))","(array([0.03774868]), array([0.0075455]))","(array([0.03601469]), array([0.00820494]))","(array([0.03239107]), array([0.01247185]))","(array([0.02995823]), array([0.01297509]))","(array([0.02759741]), array([0.01352947]))"
(0.004558953147650098+0j),[0.1249665],[1.],[-0.00336971],[1.],"(array([0.04668597]), array([0.03109843]))","(array([0.04300412]), array([0.00670436]))","(array([0.04062644]), array([0.00811495]))","(array([0.03919422]), array([0.00804465]))","(array([0.03870842]), array([0.00645959]))","(array([0.03774794]), array([0.00754548]))","(array([0.03601396]), array([0.00820485]))","(array([0.03239039]), array([0.01247166]))","(array([0.02995758]), array([0.01297488]))","(array([0.02759679]), array([0.01352923]))","(array([0.02557043]), array([0.01367458]))"
(0.00407790407603631+0j),[0.11759911],[1.],[-0.00749548],[1.],"(array([0.04131406]), array([0.03401328]))","(array([0.04062561]), array([0.0081152]))","(array([0.0391934]), array([0.00804484]))","(array([0.03870762]), array([0.00645971]))","(array([0.03774714]), array([0.00754549]))","(array([0.03601319]), array([0.00820479]))","(array([0.03238965]), array([0.01247149]))","(array([0.02995687]), array([0.01297467]))","(array([0.02759611]), array([0.013529]))","(array([0.02556978]), array([0.01367434]))","(array([0.02280533]), array([0.01511722]))"
(0.0038473449550654867+0j),[0.1097035],[1.],[0.03313403],[1.],"(array([0.04342235]), array([0.03376882]))","(array([0.03919257]), array([0.00804507]))","(array([0.03870679]), array([0.00645988]))","(array([0.03774633]), array([0.00754553]))","(array([0.0360124]), array([0.00820476]))","(array([0.03238889]), array([0.01247134]))","(array([0.02995614]), array([0.0129745]))","(array([0.02759541]), array([0.0135288]))","(array([0.0255691]), array([0.01367413]))","(array([0.02280469]), array([0.01511695]))","(array([0.02361522]), array([0.01040388]))"
(0.004424918502702505+0j),[0.10757275],[1.],[0.06325107],[1.],"(array([0.05096053]), array([0.03196304]))","(array([0.03870594]), array([0.00646009]))","(array([0.03774547]), array([0.00754562]))","(array([0.03601156]), array([0.00820477]))","(array([0.03238808]), array([0.01247122]))","(array([0.02995536]), array([0.01297435]))","(array([0.02759466]), array([0.01352861]))","(array([0.02556838]), array([0.01367393]))","(array([0.02280401]), array([0.0151167]))","(array([0.02361457]), array([0.01040362]))","(array([0.02659774]), array([0.00176674]))"
(0.005549331873362896+0j),[0.10472046],[1.],[0.09577561],[1.],"(array([0.05710285]), array([0.0299484]))","(array([0.0377446]), array([0.00754574]))","(array([0.0360107]), array([0.00820481]))","(array([0.03238726]), array([0.01247114]))","(array([0.02995456]), array([0.01297423]))","(array([0.02759388]), array([0.01352846]))","(array([0.02556763]), array([0.01367376]))","(array([0.02280331]), array([0.01511648]))","(array([0.0236139]), array([0.01040338]))","(array([0.02659712]), array([0.00176646]))","(array([0.02954014]), array([-0.00418892]))"
(0.005168932434175998+0j),[0.09808554],[1.],[0.09552427],[1.],"(array([0.05934104]), array([0.03038049]))","(array([0.03600985]), array([0.0082049]))","(array([0.03238642]), array([0.0124711]))","(array([0.02995374]), array([0.01297415]))","(array([0.0275931]), array([0.01352835]))","(array([0.02556687]), array([0.01367363]))","(array([0.02280259]), array([0.01511628]))","(array([0.02361321]), array([0.01040316]))","(array([0.02659647]), array([0.0017662]))","(array([0.02953956]), array([-0.00418926]))","(array([0.03057398]), array([-0.00728652]))"
(0.004840366365898792+0j),[0.09189077],[1.],[0.09544924],[1.],"(array([0.05759452]), array([0.02956506]))","(array([0.03238555]), array([0.01247108]))","(array([0.0299529]), array([0.01297409]))","(array([0.02759228]), array([0.01352826]))","(array([0.02556609]), array([0.01367352]))","(array([0.02280184]), array([0.01511611]))","(array([0.02361249]), array([0.01040297]))","(array([0.0265958]), array([0.00176597]))","(array([0.02953896]), array([-0.00418959]))","(array([0.03057343]), array([-0.0072869]))","(array([0.02929111]), array([-0.00801361]))"
(0.004542557650542252+0j),[0.07125156],[1.],[0.10686477],[1.],"(array([0.05404436]), array([0.03236446]))","(array([0.02995195]), array([0.01297408]))","(array([0.02759136]), array([0.0135282]))","(array([0.02556519]), array([0.01367344]))","(array([0.02280098]), array([0.01511596]))","(array([0.02361167]), array([0.01040279]))","(array([0.02659503]), array([0.00176574]))","(array([0.02953825]), array([-0.00418992]))","(array([0.0305728]), array([-0.0072873]))","(array([0.02929053]), array([-0.00801405]))","(array([0.02805804]), array([-0.00881126]))"
(0.003994126651995786+0j),[0.05577459],[1.],[0.10653175],[1.],"(array([0.05341572]), array([0.02831691]))","(array([0.02759023]), array([0.01352819]))","(array([0.02556409]), array([0.0136734]))","(array([0.02279992]), array([0.01511582]))","(array([0.02361066]), array([0.01040262]))","(array([0.02659407]), array([0.00176551]))","(array([0.02953738]), array([-0.00419029]))","(array([0.03057199]), array([-0.00728775]))","(array([0.02928978]), array([-0.00801454]))","(array([0.02805736]), array([-0.00881178]))","(array([0.02501971]), array([-0.01264984]))"
(0.003540210714459611+0j),[0.05381001],[1.],[0.09950872],[1.],"(array([0.05103878]), array([0.02545438]))","(array([0.02556277]), array([0.01367341]))","(array([0.02279865]), array([0.01511573]))","(array([0.02360944]), array([0.01040249]))","(array([0.02659291]), array([0.00176529]))","(array([0.02953631]), array([-0.00419067]))","(array([0.03057101]), array([-0.00728824]))","(array([0.02928887]), array([-0.00801507]))","(array([0.02805651]), array([-0.00881237]))","(array([0.02501887]), array([-0.01265035]))","(array([0.02205329]), array([-0.01434515]))"
(0.0031563332600840002+0j),[0.0442876],[1.],[0.09707996],[1.],"(array([0.04751676]), array([0.02516414]))","(array([0.02279703]), array([0.0151157]))","(array([0.02360788]), array([0.0104024]))","(array([0.02659142]), array([0.0017651]))","(array([0.02953492]), array([-0.00419107]))","(array([0.03056972]), array([-0.00728878]))","(array([0.02928766]), array([-0.00801569]))","(array([0.0280554]), array([-0.00881305]))","(array([0.02501777]), array([-0.01265094]))","(array([0.02205224]), array([-0.0143457]))","(array([0.02092899]), array([-0.01326886]))"
(0.0035816898058091268+0j),[0.03548446],[1.],[0.10922148],[1.],"(array([0.04592708]), array([0.02447716]))","(array([0.02360591]), array([0.01040242]))","(array([0.02658953]), array([0.00176498]))","(array([0.02953315]), array([-0.00419147]))","(array([0.03056806]), array([-0.00728937]))","(array([0.0292861]), array([-0.00801637]))","(array([0.02805395]), array([-0.00881382]))","(array([0.02501634]), array([-0.0126516]))","(array([0.02205086]), array([-0.01434631]))","(array([0.02092775]), array([-0.01326958]))","(array([0.01967323]), array([-0.01535231]))"
(0.0040773506574058056+0j),[0.03655202],[1.],[0.11797635],[1.],"(array([0.04938288]), array([0.01794463]))","(array([0.02658724]), array([0.00176496]))","(array([0.02953097]), array([-0.00419183]))","(array([0.03056601]), array([-0.00728995]))","(array([0.02928417]), array([-0.00801708]))","(array([0.02805214]), array([-0.00881464]))","(array([0.02501456]), array([-0.01265229]))","(array([0.02204916]), array([-0.01434694]))","(array([0.0209262]), array([-0.01327037]))","(array([0.01967178]), array([-0.01535311]))","(array([0.0194213]), array([-0.01855456]))"
(0.004580619597907889+0j),[0.02764783],[1.],[0.12870275],[1.],"(array([0.05421202]), array([0.00975474]))","(array([0.02952836]), array([-0.00419213]))","(array([0.03056354]), array([-0.00729053]))","(array([0.02928182]), array([-0.00801781]))","(array([0.02804994]), array([-0.00881552]))","(array([0.02501241]), array([-0.012653]))","(array([0.0220471]), array([-0.0143476]))","(array([0.02092431]), array([-0.01327121]))","(array([0.01967001]), array([-0.01535398]))","(array([0.01941965]), array([-0.01855547]))","(array([0.02073301]), array([-0.0199313]))"
(0.004345763103464142+0j),[0.02868034],[1.],[0.12514098],[1.],"(array([0.05818047]), array([0.00198642]))","(array([0.03056065]), array([-0.00729107]))","(array([0.02927908]), array([-0.00801854]))","(array([0.02804736]), array([-0.00881642]))","(array([0.02500988]), array([-0.01265373]))","(array([0.02204468]), array([-0.01434825]))","(array([0.02092209]), array([-0.01327209]))","(array([0.01966792]), array([-0.01535491]))","(array([0.0194177]), array([-0.01855645]))","(array([0.02073127]), array([-0.01993246]))","(array([0.01967854]), array([-0.0217267]))"
(0.004123977155999586+0j),[0.02797788],[1.],[0.12206313],[1.],"(array([0.05840357]), array([-0.0008091]))","(array([0.02927598]), array([-0.00801921]))","(array([0.02804443]), array([-0.0088173]))","(array([0.02500703]), array([-0.0126544]))","(array([0.02204195]), array([-0.01434886]))","(array([0.02091957]), array([-0.01327296]))","(array([0.01966555]), array([-0.01535583]))","(array([0.01941548]), array([-0.01855744]))","(array([0.02072927]), array([-0.01993366]))","(array([0.01967666]), array([-0.0217279]))","(array([0.01953703]), array([-0.02087428]))"
(0.003938127474759334+0j),[0.03004125],[1.],[0.11880209],[1.],"(array([0.05647375]), array([-0.00167412]))","(array([0.02804104]), array([-0.00881814]))","(array([0.02500374]), array([-0.01265502]))","(array([0.02203881]), array([-0.01434941]))","(array([0.02091665]), array([-0.01327381]))","(array([0.01966279]), array([-0.01535675]))","(array([0.0194129]), array([-0.01855846]))","(array([0.02072694]), array([-0.01993493]))","(array([0.01967447]), array([-0.02172917]))","(array([0.01953506]), array([-0.02087567]))","(array([0.01909619]), array([-0.02038422]))"
(0.006262605637847063+0j),[0.03115018],[1.],[0.15266672],[1.],"(array([0.05866007]), array([-0.00200059]))","(array([0.02499986]), array([-0.01265553]))","(array([0.02203511]), array([-0.01434985]))","(array([0.02091319]), array([-0.01327463]))","(array([0.01965952]), array([-0.01535766]))","(array([0.01940982]), array([-0.01855948]))","(array([0.02072414]), array([-0.01993627]))","(array([0.01967183]), array([-0.02173052]))","(array([0.01953268]), array([-0.02087718]))","(array([0.01909404]), array([-0.02038581]))","(array([0.02121635]), array([-0.02311117]))"
(0.009088636343085165+0j),[0.04789275],[1.],[0.18204318],[1.],"(array([0.0631153]), array([-0.00550148]))","(array([0.02203075]), array([-0.01435014]))","(array([0.02090909]), array([-0.01327538]))","(array([0.01965563]), array([-0.01535852]))","(array([0.01940616]), array([-0.01856049]))","(array([0.02072078]), array([-0.01993766]))","(array([0.01966866]), array([-0.02173193]))","(array([0.0195298]), array([-0.02087879]))","(array([0.01909143]), array([-0.02038753]))","(array([0.02121405]), array([-0.02311305]))","(array([0.02525591]), array([-0.02943569]))"
(0.01231522509142327+0j),[0.05714783],[1.],[0.21162409],[1.],"(array([0.0666496]), array([-0.00347572]))","(array([0.02090448]), array([-0.013276]))","(array([0.01965125]), array([-0.01535929]))","(array([0.01940203]), array([-0.01856143]))","(array([0.02071697]), array([-0.01993905]))","(array([0.01966505]), array([-0.02173336]))","(array([0.01952651]), array([-0.02088045]))","(array([0.01908843]), array([-0.02038933]))","(array([0.02121138]), array([-0.02311503]))","(array([0.02525354]), array([-0.02943782]))","(array([0.03172947]), array([-0.03320803]))"
(0.01242438083529607+0j),[0.07359232],[1.],[0.20744962],[1.],"(array([0.06872032]), array([-0.00039518]))","(array([0.01964654]), array([-0.01535987]))","(array([0.01939757]), array([-0.01856222]))","(array([0.02071283]), array([-0.01994032]))","(array([0.01966113]), array([-0.02173468]))","(array([0.01952292]), array([-0.02088204]))","(array([0.01908514]), array([-0.02039109]))","(array([0.02120843]), array([-0.02311701]))","(array([0.0252509]), array([-0.02943996]))","(array([0.0317273]), array([-0.03321051]))","(array([0.03506588]), array([-0.03497341]))"
(0.012569639053302417+0j),[0.06876715],[1.],[0.2103778],[1.],"(array([0.06657467]), array([0.00118718]))","(array([0.0193927]), array([-0.01856283]))","(array([0.02070829]), array([-0.01994148]))","(array([0.01965683]), array([-0.02173592]))","(array([0.01951895]), array([-0.02088358]))","(array([0.01908149]), array([-0.02039283]))","(array([0.02120514]), array([-0.023119]))","(array([0.02524795]), array([-0.02944215]))","(array([0.03172483]), array([-0.03321308]))","(array([0.03506378]), array([-0.03497619]))","(array([0.03779713]), array([-0.03237169]))"
(0.012739375275425612+0j),[0.07033774],[1.],[0.21136489],[1.],"(array([0.0669692]), array([-0.00299934]))","(array([0.0207031]), array([-0.01994254]))","(array([0.01965191]), array([-0.02173706]))","(array([0.0195144]), array([-0.0208851]))","(array([0.01907728]), array([-0.02039458]))","(array([0.02120133]), array([-0.02312106]))","(array([0.0252445]), array([-0.02944445]))","(array([0.03172191]), array([-0.03321585]))","(array([0.03506126]), array([-0.03497921]))","(array([0.03779514]), array([-0.03237498]))","(array([0.03726975]), array([-0.03342528]))"
(0.014776339921308512+0j),[0.07676087],[1.],[0.22720434],[1.],"(array([0.07034631]), array([-0.00400179]))","(array([0.01964624]), array([-0.02173805]))","(array([0.01950912]), array([-0.02088653]))","(array([0.01907239]), array([-0.02039631]))","(array([0.02119687]), array([-0.02312315]))","(array([0.02524044]), array([-0.02944685]))","(array([0.03171843]), array([-0.03321882]))","(array([0.03505823]), array([-0.03498249]))","(array([0.03779268]), array([-0.0323786]))","(array([0.03726751]), array([-0.03342895]))","(array([0.03863043]), array([-0.03502663]))"
(0.016890746922070078+0j),[0.0978962],[1.],[0.23677865],[1.],"(array([0.07278264]), array([-0.00434391]))","(array([0.01950316]), array([-0.02088778]))","(array([0.01906683]), array([-0.02039791]))","(array([0.02119177]), array([-0.0231252]))","(array([0.02523577]), array([-0.02944927]))","(array([0.03171437]), array([-0.0332219]))","(array([0.03505465]), array([-0.03498594]))","(array([0.03778973]), array([-0.03238248]))","(array([0.03726479]), array([-0.0334329]))","(array([0.03862806]), array([-0.03503068]))","(array([0.04163578]), array([-0.03732555]))"
(0.018975558560648694+0j),[0.11009556],[1.],[0.24796577],[1.],"(array([0.0747333]), array([0.0011295]))","(array([0.01906048]), array([-0.02039942]))","(array([0.02118592]), array([-0.02312724]))","(array([0.02523039]), array([-0.02945174]))","(array([0.03170964]), array([-0.03322515]))","(array([0.03505044]), array([-0.03498966]))","(array([0.0377862]), array([-0.0323867]))","(array([0.03726153]), array([-0.0334372]))","(array([0.03862518]), array([-0.03503513]))","(array([0.04163337]), array([-0.03733015]))","(array([0.04668692]), array([-0.03682739]))"
(0.018846602479442837+0j),[0.10983843],[1.],[0.24690437],[1.],"(array([0.07488474]), array([0.00428625]))","(array([0.02117944]), array([-0.02312911]))","(array([0.0252244]), array([-0.02945412]))","(array([0.03170432]), array([-0.03322842]))","(array([0.03504567]), array([-0.03499345]))","(array([0.03778214]), array([-0.03239108]))","(array([0.03725775]), array([-0.03344169]))","(array([0.03862181]), array([-0.0350398]))","(array([0.04163051]), array([-0.03733502]))","(array([0.04668484]), array([-0.03683255]))","(array([0.04929512]), array([-0.0360078]))"
(0.018697188228046068+0j),[0.09730335],[1.],[0.2508208],[1.],"(array([0.07671857]), array([0.00156598]))","(array([0.02521788]), array([-0.0294563]))","(array([0.03169846]), array([-0.0332316]))","(array([0.03504037]), array([-0.03499723]))","(array([0.03777756]), array([-0.03239552]))","(array([0.03725347]), array([-0.03344628]))","(array([0.03861796]), array([-0.03504459]))","(array([0.04162719]), array([-0.03734006]))","(array([0.04668234]), array([-0.03683793]))","(array([0.04929325]), array([-0.03601335]))","(array([0.04916101]), array([-0.03575603]))"
(0.01850813046439694+0j),[0.10079671],[1.],[0.24785254],[1.],"(array([0.08151936]), array([-0.00736257]))","(array([0.0316926]), array([-0.03323455]))","(array([0.03503503]), array([-0.03500079]))","(array([0.03777292]), array([-0.03239977]))","(array([0.03724912]), array([-0.03345067]))","(array([0.03861403]), array([-0.03504921]))","(array([0.04162377]), array([-0.03734493]))","(array([0.04667972]), array([-0.03684318]))","(array([0.04929125]), array([-0.03601876]))","(array([0.04915936]), array([-0.03576146]))","(array([0.04728928]), array([-0.0377163]))"
(0.019331915404771288+0j),[0.09142744],[1.],[0.25757333],[1.],"(array([0.08817378]), array([-0.01027859]))","(array([0.03503039]), array([-0.03500372]))","(array([0.03776885]), array([-0.03240334]))","(array([0.03724528]), array([-0.03345437]))","(array([0.03861055]), array([-0.0350531]))","(array([0.04162074]), array([-0.03734907]))","(array([0.04667738]), array([-0.03684764]))","(array([0.04928944]), array([-0.0360234]))","(array([0.04915785]), array([-0.0357661]))","(array([0.04728782]), array([-0.03772087]))","(array([0.04812545]), array([-0.03743937]))"
(0.02004630164130181+0j),[0.08355714],[1.],[0.26533478],[1.],"(array([0.09356447]), array([-0.0140647]))","(array([0.03776519]), array([-0.03240642]))","(array([0.03724178]), array([-0.03345759]))","(array([0.03860745]), array([-0.03505642]))","(array([0.04161795]), array([-0.03735275]))","(array([0.04667522]), array([-0.03685146]))","(array([0.04928774]), array([-0.03602755]))","(array([0.04915649]), array([-0.03577015]))","(array([0.04728645]), array([-0.03772488]))","(array([0.04812431]), array([-0.03744333]))","(array([0.04740465]), array([-0.04022478]))"
(0.02061759836919237+0j),[0.08000453],[1.],[0.27039525],[1.],"(array([0.097938]), array([-0.01326234]))","(array([0.03723827]), array([-0.0334606]))","(array([0.03860446]), array([-0.03505931]))","(array([0.04161492]), array([-0.03735646]))","(array([0.04667311]), array([-0.0368548]))","(array([0.04928576]), array([-0.03603178]))","(array([0.04915514]), array([-0.03577396]))","(array([0.04728501]), array([-0.03772873]))","(array([0.04812293]), array([-0.03744699]))","(array([0.047404]), array([-0.0402287]))","(array([0.04667012]), array([-0.04254086]))"
(0.018229494855117656+0j),[0.079226],[1.],[0.25301787],[1.],"(array([0.09610096]), array([-0.01507106]))","(array([0.03860114]), array([-0.03506209]))","(array([0.04161172]), array([-0.03735996]))","(array([0.04667068]), array([-0.03685815]))","(array([0.04928355]), array([-0.03603588]))","(array([0.0491535]), array([-0.03577774]))","(array([0.04728331]), array([-0.03773255]))","(array([0.04812129]), array([-0.03745068]))","(array([0.04740303]), array([-0.04023255]))","(array([0.0466702]), array([-0.04254472]))","(array([0.04536143]), array([-0.04178363]))"
(0.016092441210081264+0j),[0.07683315],[1.],[0.23694295],[1.],"(array([0.09360801]), array([-0.01680056]))","(array([0.04160821]), array([-0.03736338]))","(array([0.04666779]), array([-0.03686174]))","(array([0.04928108]), array([-0.03604]))","(array([0.04915141]), array([-0.03578174]))","(array([0.04728126]), array([-0.03773652]))","(array([0.04811945]), array([-0.03745463]))","(array([0.04740154]), array([-0.0402365]))","(array([0.04666934]), array([-0.04254862]))","(array([0.04536148]), array([-0.04178772]))","(array([0.04332278]), array([-0.03850844]))"
(0.014142844766188411+0j),[0.0927992],[1.],[0.21426723],[1.],"(array([0.09300485]), array([-0.01956751]))","(array([0.04666488]), array([-0.03686515]))","(array([0.0492786]), array([-0.03604378]))","(array([0.04914925]), array([-0.03578553]))","(array([0.04727914]), array([-0.03774027]))","(array([0.04811758]), array([-0.03745839]))","(array([0.0473999]), array([-0.04024023]))","(array([0.04666806]), array([-0.04255224]))","(array([0.04536077]), array([-0.0417914]))","(array([0.04332328]), array([-0.03851234]))","(array([0.04111439]), array([-0.03561432]))"
(0.012258458992569206+0j),[0.0959601],[1.],[0.19503507],[1.],"(array([0.09279538]), array([-0.01556551]))","(array([0.04927639]), array([-0.03604697]))","(array([0.04914731]), array([-0.03578876]))","(array([0.04727724]), array([-0.03774346]))","(array([0.04811592]), array([-0.03746159]))","(array([0.04739838]), array([-0.0402434]))","(array([0.04666679]), array([-0.04255534]))","(array([0.04535987]), array([-0.04179451]))","(array([0.04332313]), array([-0.03851556]))","(array([0.04111481]), array([-0.03561765]))","(array([0.04151507]), array([-0.02930115]))"
(0.010589988752992168+0j),[0.09151911],[1.],[0.1800841],[1.],"(array([0.09111243]), array([-0.01406845]))","(array([0.04914551]), array([-0.0357916]))","(array([0.0472755]), array([-0.03774627]))","(array([0.04811439]), array([-0.03746443]))","(array([0.04739697]), array([-0.0402462]))","(array([0.04666556]), array([-0.04255808]))","(array([0.04535891]), array([-0.04179724]))","(array([0.04332268]), array([-0.03851837]))","(array([0.04111476]), array([-0.03562051]))","(array([0.04151551]), array([-0.02930388]))","(array([0.03995541]), array([-0.02524217]))"
(0.009133485094137236+0j),[0.09549342],[1.],[0.16144738],[1.],"(array([0.08769617]), array([-0.0147932]))","(array([0.04727365]), array([-0.03774899]))","(array([0.04811277]), array([-0.03746719]))","(array([0.04739545]), array([-0.04024893]))","(array([0.04666421]), array([-0.04256076]))","(array([0.0453578]), array([-0.0417999]))","(array([0.04332201]), array([-0.03852111]))","(array([0.04111444]), array([-0.03562329]))","(array([0.04151567]), array([-0.02930657]))","(array([0.03995586]), array([-0.02524463]))","(array([0.03746381]), array([-0.02288692]))"
(0.010366935107221456+0j),[0.08722642],[1.],[0.18023104],[1.],"(array([0.08509781]), array([-0.01582718]))","(array([0.04811099]), array([-0.03746981]))","(array([0.04739378]), array([-0.04025151]))","(array([0.04666268]), array([-0.0425633]))","(array([0.04535651]), array([-0.04180242]))","(array([0.04332109]), array([-0.03852363]))","(array([0.04111381]), array([-0.03562582]))","(array([0.04151547]), array([-0.02930904]))","(array([0.03995593]), array([-0.02524691]))","(array([0.03746434]), array([-0.02288903]))","(array([0.03790014]), array([-0.02179622]))"
(0.011614254126118214+0j),[0.09464856],[1.],[0.18990492],[1.],"(array([0.09003866]), array([-0.01737415]))","(array([0.04739203]), array([-0.04025383]))","(array([0.04666106]), array([-0.04256558]))","(array([0.04535509]), array([-0.04180466]))","(array([0.04331994]), array([-0.03852583]))","(array([0.0411129]), array([-0.03562797]))","(array([0.04151491]), array([-0.02931117]))","(array([0.03995558]), array([-0.02524892]))","(array([0.03746426]), array([-0.02289084]))","(array([0.0379008]), array([-0.02179793]))","(array([0.03837014]), array([-0.02626301]))"
(0.0129153935901192+0j),[0.10451159],[1.],[0.19797803],[1.],"(array([0.09145732]), array([-0.01845895]))","(array([0.04665933]), array([-0.0425676]))","(array([0.04535351]), array([-0.04180666]))","(array([0.04331857]), array([-0.0385278]))","(array([0.04111172]), array([-0.03562989]))","(array([0.04151403]), array([-0.02931313]))","(array([0.03995487]), array([-0.02525081]))","(array([0.03746372]), array([-0.0228926]))","(array([0.03790061]), array([-0.02179957]))","(array([0.03837071]), array([-0.02626473]))","(array([0.04091025]), array([-0.02726479]))"
(0.013248805963390132+0j),[0.11494275],[1.],[0.19544471],[1.],"(array([0.0914213]), array([-0.01854872]))","(array([0.04535175]), array([-0.04180855]))","(array([0.043317]), array([-0.03852967]))","(array([0.04111037]), array([-0.03563171]))","(array([0.0415129]), array([-0.02931506]))","(array([0.0399539]), array([-0.02525276]))","(array([0.037463]), array([-0.02289439]))","(array([0.03790011]), array([-0.02180137]))","(array([0.03837054]), array([-0.02626673]))","(array([0.04091082]), array([-0.02726762]))","(array([0.04318451]), array([-0.02675629]))"
(0.013604291789844729+0j),[0.10934924],[1.],[0.20202705],[1.],"(array([0.08958702]), array([-0.01551636]))","(array([0.04331525]), array([-0.03853154]))","(array([0.04110881]), array([-0.03563361]))","(array([0.04151159]), array([-0.02931705]))","(array([0.03995278]), array([-0.02525471]))","(array([0.0374621]), array([-0.02289628]))","(array([0.03789941]), array([-0.02180325]))","(array([0.03837003]), array([-0.02626873]))","(array([0.04091077]), array([-0.02727011]))","(array([0.04318552]), array([-0.02675862]))","(array([0.04488999]), array([-0.02516352]))"
(0.013940943943202274+0j),[0.12150876],[1.],[0.19821847],[1.],"(array([0.08904626]), array([-0.01355253]))","(array([0.04110705]), array([-0.03563537]))","(array([0.04151029]), array([-0.02931882]))","(array([0.03995173]), array([-0.02525645]))","(array([0.03746105]), array([-0.02289806]))","(array([0.03789864]), array([-0.02180498]))","(array([0.03836937]), array([-0.02627053]))","(array([0.04091044]), array([-0.02727219]))","(array([0.04318591]), array([-0.02676063]))","(array([0.04489109]), array([-0.0251655]))","(array([0.04450023]), array([-0.02711531]))"
(0.017174510107582072+0j),[0.13240097],[1.],[0.22135513],[1.],"(array([0.08901008]), array([-0.00805759]))","(array([0.04150887]), array([-0.02932055]))","(array([0.03995061]), array([-0.02525809]))","(array([0.03746004]), array([-0.02289967]))","(array([0.03789774]), array([-0.02180665]))","(array([0.03836867]), array([-0.02627217]))","(array([0.04090994]), array([-0.0272741]))","(array([0.04318602]), array([-0.02676249]))","(array([0.04489172]), array([-0.0251674]))","(array([0.04450125]), array([-0.02711729]))","(array([0.04783671]), array([-0.02769702]))"
(0.02046233118212166+0j),[0.15260244],[1.],[0.23620496],[1.],"(array([0.09445988]), array([0.00049063]))","(array([0.03994943]), array([-0.02525952]))","(array([0.03745899]), array([-0.02290105]))","(array([0.03789696]), array([-0.02180814]))","(array([0.03836785]), array([-0.02627358]))","(array([0.04090945]), array([-0.02727577]))","(array([0.04318586]), array([-0.02676413]))","(array([0.04489206]), array([-0.02516911]))","(array([0.04450183]), array([-0.02711904]))","(array([0.04783783]), array([-0.02769883]))","(array([0.05229462]), array([-0.03095171]))"
(0.02374771584216004+0j),[0.15825352],[1.],[0.25775776],[1.],"(array([0.09617385]), array([0.00888871]))","(array([0.03745794]), array([-0.02290225]))","(array([0.03789619]), array([-0.02180945]))","(array([0.03836703]), array([-0.02627484]))","(array([0.04090885]), array([-0.02727719]))","(array([0.04318565]), array([-0.02676561]))","(array([0.04489212]), array([-0.0251706]))","(array([0.04450216]), array([-0.02712062]))","(array([0.04783852]), array([-0.02770044]))","(array([0.05229578]), array([-0.03095339]))","(array([0.05768706]), array([-0.03161797]))"
(0.022028256895053965+0j),[0.15665643],[1.],[0.24540473],[1.],"(array([0.09429181]), array([0.01242853]))","(array([0.03789529]), array([-0.02181059]))","(array([0.03836632]), array([-0.02627598]))","(array([0.04090822]), array([-0.02727841]))","(array([0.04318528]), array([-0.02676689]))","(array([0.04489208]), array([-0.02517193]))","(array([0.04450219]), array([-0.027122]))","(array([0.0478389]), array([-0.02770185]))","(array([0.05229648]), array([-0.03095486]))","(array([0.05768819]), array([-0.03161946]))","(array([0.05901564]), array([-0.03155441]))"
(0.020431783050261006+0j),[0.15244079],[1.],[0.23518286],[1.],"(array([0.09200417]), array([0.01314592]))","(array([0.0383655]), array([-0.02627704]))","(array([0.04090767]), array([-0.02727943]))","(array([0.04318482]), array([-0.02676807]))","(array([0.04489187]), array([-0.02517315]))","(array([0.04450214]), array([-0.02712319]))","(array([0.04783903]), array([-0.02770314]))","(array([0.05229692]), array([-0.03095616]))","(array([0.05768893]), array([-0.03162082]))","(array([0.05901669]), array([-0.03155577]))","(array([0.05732891]), array([-0.02938161]))"
(0.019036155223051847+0j),[0.1450361],[1.],[0.22822736],[1.],"(array([0.09021495]), array([0.00786461]))","(array([0.04090715]), array([-0.02728039]))","(array([0.04318434]), array([-0.02676907]))","(array([0.04489163]), array([-0.02517424]))","(array([0.04450204]), array([-0.02712427]))","(array([0.04783904]), array([-0.02770426]))","(array([0.05229721]), array([-0.03095732]))","(array([0.05768944]), array([-0.031622]))","(array([0.05901746]), array([-0.03155699]))","(array([0.05732989]), array([-0.02938275]))","(array([0.05549343]), array([-0.02783231]))"
(0.02161711872631049+0j),[0.13459054],[1.],[0.25465916],[1.],"(array([0.09479078]), array([0.00525884]))","(array([0.04318391]), array([-0.02676997]))","(array([0.04489138]), array([-0.02517518]))","(array([0.04450191]), array([-0.02712518]))","(array([0.04783903]), array([-0.02770524]))","(array([0.05229741]), array([-0.03095829]))","(array([0.05768985]), array([-0.031623]))","(array([0.05901802]), array([-0.03155798]))","(array([0.05733069]), array([-0.02938371]))","(array([0.05549437]), array([-0.02783321]))","(array([0.05512256]), array([-0.03039499]))"
(0.02426633232972016+0j),[0.12653404],[1.],[0.27743251],[1.],"(array([0.1028036]), array([0.00345616]))","(array([0.04489115]), array([-0.02517597]))","(array([0.04450176]), array([-0.02712593]))","(array([0.04783898]), array([-0.02770605]))","(array([0.05229752]), array([-0.0309591]))","(array([0.05769013]), array([-0.03162385]))","(array([0.05901843]), array([-0.03155882]))","(array([0.05733127]), array([-0.02938454]))","(array([0.05549507]), array([-0.02783401]))","(array([0.05512341]), array([-0.03039583]))","(array([0.05598724]), array([-0.03651908]))"
(0.026918150733938377+0j),[0.13994978],[1.],[0.28866069],[1.],"(array([0.10945704]), array([0.00323587]))","(array([0.04450156]), array([-0.02712661]))","(array([0.04783895]), array([-0.02770678]))","(array([0.05229756]), array([-0.03095982]))","(array([0.05769037]), array([-0.03162461]))","(array([0.05901873]), array([-0.03155957]))","(array([0.05733172]), array([-0.0293853]))","(array([0.05549564]), array([-0.02783474]))","(array([0.05512409]), array([-0.0303966]))","(array([0.05598808]), array([-0.03651993]))","(array([0.05688898]), array([-0.04170961]))"
(0.023954910228606886+0j),[0.13773867],[1.],[0.26938658],[1.],"(array([0.1073652]), array([0.00428096]))","(array([0.04783883]), array([-0.02770747]))","(array([0.05229754]), array([-0.03096039]))","(array([0.05769049]), array([-0.03162538]))","(array([0.0590189]), array([-0.0315602]))","(array([0.05733203]), array([-0.02938599]))","(array([0.05549603]), array([-0.02783546]))","(array([0.05512454]), array([-0.03039729]))","(array([0.05598866]), array([-0.03652075]))","(array([0.05688973]), array([-0.04171051]))","(array([0.05863208]), array([-0.0387376]))"
(0.021237033149401636+0j),[0.13816706],[1.],[0.24906156],[1.],"(array([0.10638049]), array([0.00323376]))","(array([0.05229745]), array([-0.03096086]))","(array([0.05769059]), array([-0.031626]))","(array([0.05901895]), array([-0.03156071]))","(array([0.05733222]), array([-0.02938654]))","(array([0.0554963]), array([-0.02783605]))","(array([0.05512479]), array([-0.03039784]))","(array([0.05598905]), array([-0.03652137]))","(array([0.05689019]), array([-0.04171119]))","(array([0.05863282]), array([-0.03873831]))","(array([0.05606722]), array([-0.03522778]))"
(0.018778842054573083+0j),[0.13452835],[1.],[0.23152659],[1.],"(array([0.10625714]), array([0.0001605]))","(array([0.05769061]), array([-0.03162651]))","(array([0.05901894]), array([-0.03156113]))","(array([0.05733234]), array([-0.02938701]))","(array([0.05549647]), array([-0.02783654]))","(array([0.05512493]), array([-0.03039827]))","(array([0.05598929]), array([-0.0365219]))","(array([0.05689047]), array([-0.04171171]))","(array([0.05863329]), array([-0.03873891]))","(array([0.05606782]), array([-0.03522835]))","(array([0.05393209]), array([-0.03116967]))"
(0.020150859981940227+0j),[0.14021275],[1.],[0.23948743],[1.],"(array([0.11115506]), array([-0.00128451]))","(array([0.05901892]), array([-0.03156148]))","(array([0.05733239]), array([-0.02938738]))","(array([0.05549656]), array([-0.02783692]))","(array([0.05512502]), array([-0.03039863]))","(array([0.05598945]), array([-0.0365223]))","(array([0.05689066]), array([-0.04171211]))","(array([0.05863358]), array([-0.03873931]))","(array([0.05606824]), array([-0.03522875]))","(array([0.05393259]), array([-0.03117003]))","(array([0.05300949]), array([-0.03113037]))"
(0.021460274583211918+0j),[0.15069721],[1.],[0.24356596],[1.],"(array([0.11419296]), array([2.60761039e-05]))","(array([0.0573324]), array([-0.02938767]))","(array([0.05549661]), array([-0.0278372]))","(array([0.05512506]), array([-0.0303989]))","(array([0.05598953]), array([-0.03652259]))","(array([0.05689076]), array([-0.04171241]))","(array([0.05863375]), array([-0.03873962]))","(array([0.05606849]), array([-0.03522907]))","(array([0.0539329]), array([-0.03117033]))","(array([0.05300985]), array([-0.03113068]))","(array([0.05494285]), array([-0.03198823]))"
(0.02273634803563396+0j),[0.15908815],[1.],[0.24812426],[1.],"(array([0.11343741]), array([0.00444734]))","(array([0.05549666]), array([-0.02783745]))","(array([0.05512505]), array([-0.03039906]))","(array([0.05598959]), array([-0.03652285]))","(array([0.05689081]), array([-0.0417126]))","(array([0.05863388]), array([-0.03873988]))","(array([0.05606867]), array([-0.03522932]))","(array([0.05393308]), array([-0.03117054]))","(array([0.05301011]), array([-0.03113093]))","(array([0.05494313]), array([-0.03198845]))","(array([0.05735462]), array([-0.03167077]))"
(0.021762754626775356+0j),[0.14687271],[1.],[0.24806117],[1.],"(array([0.11072698]), array([0.00780183]))","(array([0.05512499]), array([-0.0303992]))","(array([0.05598965]), array([-0.03652303]))","(array([0.0568908]), array([-0.04171276]))","(array([0.05863396]), array([-0.03874006]))","(array([0.05606878]), array([-0.03522948]))","(array([0.0539332]), array([-0.0311707]))","(array([0.05301026]), array([-0.0311311]))","(array([0.05494334]), array([-0.03198863]))","(array([0.05735474]), array([-0.03167089]))","(array([0.05847964]), array([-0.03001107]))"
(0.020899175212292+0j),[0.14593131],[1.],[0.24182322],[1.],"(array([0.11035145]), array([0.00261808]))","(array([0.05598967]), array([-0.03652319]))","(array([0.05689077]), array([-0.04171289]))","(array([0.058634]), array([-0.03874021]))","(array([0.05606883]), array([-0.03522965]))","(array([0.05393325]), array([-0.03117086]))","(array([0.05301033]), array([-0.03113126]))","(array([0.05494344]), array([-0.03198881]))","(array([0.05735479]), array([-0.031671]))","(array([0.05847968]), array([-0.03001114]))","(array([0.05620703]), array([-0.03131878]))"
(0.02017710367294365+0j),[0.16993027],[1.],[0.21933878],[1.],"(array([0.10982277]), array([-0.00356001]))","(array([0.05689074]), array([-0.041713]))","(array([0.05863404]), array([-0.03874035]))","(array([0.05606888]), array([-0.03522978]))","(array([0.05393331]), array([-0.03117098]))","(array([0.05301042]), array([-0.03113139]))","(array([0.05494356]), array([-0.03198895]))","(array([0.05735486]), array([-0.0316711]))","(array([0.05847972]), array([-0.0300112]))","(array([0.05620706]), array([-0.03131884]))","(array([0.05546345]), array([-0.03013912]))"
(0.021492613764730484+0j),[0.17646361],[1.],[0.22545819],[1.],"(array([0.10756053]), array([-0.00334381]))","(array([0.05863405]), array([-0.03874045]))","(array([0.0560689]), array([-0.03522989]))","(array([0.05393333]), array([-0.03117109]))","(array([0.05301045]), array([-0.0311315]))","(array([0.0549436]), array([-0.03198907]))","(array([0.05735489]), array([-0.03167119]))","(array([0.05847976]), array([-0.03001126]))","(array([0.0562071]), array([-0.03131889]))","(array([0.05546348]), array([-0.03013917]))","(array([0.05856358]), array([-0.02469667]))"
(0.022669939896657117+0j),[0.17775241],[1.],[0.23406892],[1.],"(array([0.11059881]), array([0.00098852]))","(array([0.05606893]), array([-0.03522995]))","(array([0.05393334]), array([-0.03117117]))","(array([0.05301049]), array([-0.03113157]))","(array([0.05494365]), array([-0.03198915]))","(array([0.05735493]), array([-0.03167125]))","(array([0.05847979]), array([-0.0300113]))","(array([0.05620712]), array([-0.03131893]))","(array([0.05546351]), array([-0.0301392]))","(array([0.05856361]), array([-0.0246967]))","(array([0.06038867]), array([-0.02513827]))"
(0.023829205918571326+0j),[0.17267376],[1.],[0.24673168],[1.],"(array([0.10998323]), array([0.00469054]))","(array([0.05393336]), array([-0.03117121]))","(array([0.0530105]), array([-0.03113163]))","(array([0.05494369]), array([-0.03198921]))","(array([0.05735495]), array([-0.0316713]))","(array([0.05847981]), array([-0.03001134]))","(array([0.05620714]), array([-0.03131896]))","(array([0.05546353]), array([-0.03013923]))","(array([0.05856363]), array([-0.02469673]))","(array([0.06038869]), array([-0.0251383]))","(array([0.06152931]), array([-0.02673088]))"
(0.02200353304242277+0j),[0.15719326],[1.],[0.24274895],[1.],"(array([0.10807779]), array([0.00753084]))","(array([0.05301052]), array([-0.03113168]))","(array([0.0549437]), array([-0.03198928]))","(array([0.05735497]), array([-0.03167135]))","(array([0.05847982]), array([-0.03001137]))","(array([0.05620715]), array([-0.03131899]))","(array([0.05546354]), array([-0.03013926]))","(array([0.05856365]), array([-0.02469675]))","(array([0.06038871]), array([-0.02513831]))","(array([0.06152932]), array([-0.0267309]))","(array([0.06058915]), array([-0.02753938]))"
(0.020326465979839548+0j),[0.13856482],[1.],[0.24079636],[1.],"(array([0.10630272]), array([0.00416909]))","(array([0.05494372]), array([-0.03198933]))","(array([0.05735498]), array([-0.03167139]))","(array([0.05847983]), array([-0.03001139]))","(array([0.05620716]), array([-0.03131901]))","(array([0.05546355]), array([-0.03013928]))","(array([0.05856366]), array([-0.02469677]))","(array([0.06038872]), array([-0.02513833]))","(array([0.06152934]), array([-0.02673091]))","(array([0.06058917]), array([-0.0275394]))","(array([0.05721743]), array([-0.02850198]))"
(0.018711078278340378+0j),[0.13645431],[1.],[0.22887398],[1.],"(array([0.10776048]), array([-0.00075881]))","(array([0.057355]), array([-0.03167141]))","(array([0.05847984]), array([-0.03001141]))","(array([0.05620717]), array([-0.03131903]))","(array([0.05546356]), array([-0.0301393]))","(array([0.05856367]), array([-0.02469678]))","(array([0.06038873]), array([-0.02513834]))","(array([0.06152934]), array([-0.02673093]))","(array([0.06058917]), array([-0.02753941]))","(array([0.05721744]), array([-0.02850199]))","(array([0.05345478]), array([-0.03012536]))"
(0.01726045076775372+0j),[0.13801045],[1.],[0.21547794],[1.],"(array([0.10756692]), array([-0.00090793]))","(array([0.05847984]), array([-0.03001142]))","(array([0.05620717]), array([-0.03131904]))","(array([0.05546356]), array([-0.03013931]))","(array([0.05856367]), array([-0.02469679]))","(array([0.06038874]), array([-0.02513835]))","(array([0.06152935]), array([-0.02673093]))","(array([0.06058918]), array([-0.02753941]))","(array([0.05721744]), array([-0.028502]))","(array([0.05345478]), array([-0.03012537]))","(array([0.05174792]), array([-0.02810305]))"
(0.01591014911722585+0j),[0.13092293],[1.],[0.2078647],[1.],"(array([0.10572052]), array([0.00105681]))","(array([0.05620717]), array([-0.03131904]))","(array([0.05546356]), array([-0.03013931]))","(array([0.05856367]), array([-0.0246968]))","(array([0.06038874]), array([-0.02513836]))","(array([0.06152935]), array([-0.02673094]))","(array([0.06058918]), array([-0.02753942]))","(array([0.05721745]), array([-0.028502]))","(array([0.05345478]), array([-0.03012537]))","(array([0.05174793]), array([-0.02810305]))","(array([0.05052623]), array([-0.02537751]))"
(0.01474287782198449+0j),[0.13089939],[1.],[0.19695134],[1.],"(array([0.10183061]), array([-0.00177537]))","(array([0.05546356]), array([-0.03013931]))","(array([0.05856367]), array([-0.0246968]))","(array([0.06038874]), array([-0.02513836]))","(array([0.06152935]), array([-0.02673094]))","(array([0.06058918]), array([-0.02753942]))","(array([0.05721745]), array([-0.02850201]))","(array([0.05345478]), array([-0.03012538]))","(array([0.05174793]), array([-0.02810305]))","(array([0.05052623]), array([-0.02537751]))","(array([0.04839729]), array([-0.02473923]))"
(0.01703375579397855+0j),[0.13702967],[1.],[0.21471275],[1.],"(array([0.10231051]), array([-0.00063038]))","(array([0.05856367]), array([-0.0246968]))","(array([0.06038874]), array([-0.02513836]))","(array([0.06152935]), array([-0.02673095]))","(array([0.06058918]), array([-0.02753943]))","(array([0.05721744]), array([-0.02850201]))","(array([0.05345478]), array([-0.03012538]))","(array([0.05174793]), array([-0.02810306]))","(array([0.05052623]), array([-0.02537752]))","(array([0.04839729]), array([-0.02473923]))","(array([0.04897896]), array([-0.02581619]))"
(0.019227919417719477+0j),[0.1417239],[1.],[0.23087205],[1.],"(array([0.10922417]), array([0.00602295]))","(array([0.06038873]), array([-0.02513836]))","(array([0.06152935]), array([-0.02673095]))","(array([0.06058918]), array([-0.02753943]))","(array([0.05721744]), array([-0.02850201]))","(array([0.05345478]), array([-0.03012538]))","(array([0.05174792]), array([-0.02810306]))","(array([0.05052622]), array([-0.02537752]))","(array([0.04839729]), array([-0.02473923]))","(array([0.04897896]), array([-0.0258162]))","(array([0.05193434]), array([-0.02851341]))"
(0.021421419145982255+0j),[0.15303792],[1.],[0.24163397],[1.],"(array([0.11454123]), array([0.00662184]))","(array([0.06152934]), array([-0.02673095]))","(array([0.06058917]), array([-0.02753943]))","(array([0.05721744]), array([-0.02850201]))","(array([0.05345477]), array([-0.03012539]))","(array([0.05174792]), array([-0.02810306]))","(array([0.05052622]), array([-0.02537752]))","(array([0.04839729]), array([-0.02473924]))","(array([0.04897896]), array([-0.0258162]))","(array([0.05193434]), array([-0.02851342]))","(array([0.0545814]), array([-0.03101735]))"
(0.019081442009438402+0j),[0.1370502],[1.],[0.23245484],[1.],"(array([0.11398065]), array([0.00755611]))","(array([0.06058917]), array([-0.02753943]))","(array([0.05721743]), array([-0.02850202]))","(array([0.05345477]), array([-0.03012539]))","(array([0.05174792]), array([-0.02810306]))","(array([0.05052622]), array([-0.02537752]))","(array([0.04839729]), array([-0.02473924]))","(array([0.04897895]), array([-0.0258162]))","(array([0.05193434]), array([-0.02851342]))","(array([0.0545814]), array([-0.03101735]))","(array([0.05591913]), array([-0.02828064]))"
(0.01698439192076935+0j),[0.13888418],[1.],[0.21326825],[1.],"(array([0.11104381]), array([0.00325541]))","(array([0.05721743]), array([-0.02850202]))","(array([0.05345476]), array([-0.03012539]))","(array([0.05174791]), array([-0.02810307]))","(array([0.05052621]), array([-0.02537753]))","(array([0.04839728]), array([-0.02473924]))","(array([0.04897895]), array([-0.02581621]))","(array([0.05193433]), array([-0.02851342]))","(array([0.05458139]), array([-0.03101736]))","(array([0.05591913]), array([-0.02828065]))","(array([0.05189645]), array([-0.02829758]))"
(0.015244385770478801+0j),[0.14366965],[1.],[0.19350841],[1.],"(array([0.10353463]), array([0.00272154]))","(array([0.05345476]), array([-0.03012539]))","(array([0.0517479]), array([-0.02810307]))","(array([0.05052621]), array([-0.02537753]))","(array([0.04839728]), array([-0.02473924]))","(array([0.04897894]), array([-0.02581621]))","(array([0.05193433]), array([-0.02851343]))","(array([0.05458139]), array([-0.03101736]))","(array([0.05591912]), array([-0.02828065]))","(array([0.05189644]), array([-0.02829759]))","(array([0.050199]), array([-0.0245001]))"
(0.017245000176550937+0j),[0.14491088],[1.],[0.21177248],[1.],"(array([0.09929933]), array([0.00218967]))","(array([0.0517479]), array([-0.02810307]))","(array([0.0505262]), array([-0.02537753]))","(array([0.04839727]), array([-0.02473925]))","(array([0.04897894]), array([-0.02581621]))","(array([0.05193432]), array([-0.02851343]))","(array([0.05458138]), array([-0.03101736]))","(array([0.05591912]), array([-0.02828065]))","(array([0.05189644]), array([-0.02829759]))","(array([0.050199]), array([-0.0245001]))","(array([0.05090796]), array([-0.02354504]))"
(0.019328906574314447+0j),[0.13149129],[1.],[0.23783337],[1.],"(array([0.10163531]), array([0.00443023]))","(array([0.0505262]), array([-0.02537753]))","(array([0.04839727]), array([-0.02473925]))","(array([0.04897894]), array([-0.02581621]))","(array([0.05193432]), array([-0.02851343]))","(array([0.05458138]), array([-0.03101737]))","(array([0.05591912]), array([-0.02828066]))","(array([0.05189644]), array([-0.0282976]))","(array([0.05019899]), array([-0.02450011]))","(array([0.05090796]), array([-0.02354504]))","(array([0.05311838]), array([-0.02693712]))"
(0.021541082945986285+0j),[0.11305271],[1.],[0.26365928],[1.],"(array([0.106159]), array([0.00413371]))","(array([0.04839726]), array([-0.02473925]))","(array([0.04897893]), array([-0.02581621]))","(array([0.05193432]), array([-0.02851343]))","(array([0.05458138]), array([-0.03101737]))","(array([0.05591911]), array([-0.02828066]))","(array([0.05189644]), array([-0.0282976]))","(array([0.05019899]), array([-0.02450011]))","(array([0.05090795]), array([-0.02354505]))","(array([0.05311838]), array([-0.02693712]))","(array([0.05337389]), array([-0.0334238]))"
(0.02260597564542549+0j),[0.13290497],[1.],[0.26200473],[1.],"(array([0.10871785]), array([0.00069831]))","(array([0.04897893]), array([-0.02581621]))","(array([0.05193431]), array([-0.02851344]))","(array([0.05458138]), array([-0.03101737]))","(array([0.05591911]), array([-0.02828066]))","(array([0.05189644]), array([-0.0282976]))","(array([0.05019899]), array([-0.02450011]))","(array([0.05090795]), array([-0.02354505]))","(array([0.05311838]), array([-0.02693712]))","(array([0.05337389]), array([-0.0334238]))","(array([0.05218987]), array([-0.03952039]))"
(0.023602019756110523+0j),[0.12538501],[1.],[0.27259004],[1.],"(array([0.10891551]), array([0.00401249]))","(array([0.05193431]), array([-0.02851344]))","(array([0.05458138]), array([-0.03101737]))","(array([0.05591911]), array([-0.02828066]))","(array([0.05189643]), array([-0.0282976]))","(array([0.05019899]), array([-0.02450011]))","(array([0.05090795]), array([-0.02354505]))","(array([0.05311837]), array([-0.02693712]))","(array([0.05337389]), array([-0.03342381]))","(array([0.05218987]), array([-0.03952039]))","(array([0.0558007]), array([-0.03699226]))"
(0.024531700656198207+0j),[0.12920675],[1.],[0.27710427],[1.],"(array([0.11412033]), array([-0.00027219]))","(array([0.05458137]), array([-0.03101737]))","(array([0.05591911]), array([-0.02828066]))","(array([0.05189643]), array([-0.0282976]))","(array([0.05019899]), array([-0.02450011]))","(array([0.05090795]), array([-0.02354505]))","(array([0.05311837]), array([-0.02693712]))","(array([0.05337389]), array([-0.03342381]))","(array([0.05218987]), array([-0.03952039]))","(array([0.0558007]), array([-0.03699226]))","(array([0.05555065]), array([-0.03973405]))"
(0.02427738093698657+0j),[0.12236817],[1.],[0.27831166],[1.],"(array([0.11684546]), array([-0.00187358]))","(array([0.05591911]), array([-0.02828066]))","(array([0.05189643]), array([-0.0282976]))","(array([0.05019899]), array([-0.02450011]))","(array([0.05090795]), array([-0.02354505]))","(array([0.05311837]), array([-0.02693712]))","(array([0.05337389]), array([-0.03342381]))","(array([0.05218986]), array([-0.03952039]))","(array([0.0558007]), array([-0.03699226]))","(array([0.05555064]), array([-0.03973406]))","(array([0.05637131]), array([-0.03935039]))"
(0.023949866508561655+0j),[0.11311505],[1.],[0.27989319],[1.],"(array([0.11841841]), array([-0.00070636]))","(array([0.05189643]), array([-0.0282976]))","(array([0.05019898]), array([-0.02450011]))","(array([0.05090794]), array([-0.02354505]))","(array([0.05311837]), array([-0.02693713]))","(array([0.05337388]), array([-0.03342381]))","(array([0.05218986]), array([-0.03952039]))","(array([0.0558007]), array([-0.03699226]))","(array([0.05555064]), array([-0.03973406]))","(array([0.0563713]), array([-0.0393504]))","(array([0.0551297]), array([-0.04033884]))"
(0.023761775942007922+0j),[0.11889792],[1.],[0.27612495],[1.],"(array([0.11484271]), array([-0.00275923]))","(array([0.05019897]), array([-0.02450011]))","(array([0.05090793]), array([-0.02354505]))","(array([0.05311836]), array([-0.02693713]))","(array([0.05337387]), array([-0.03342381]))","(array([0.05218985]), array([-0.0395204]))","(array([0.05580069]), array([-0.03699227]))","(array([0.05555063]), array([-0.03973406]))","(array([0.0563713]), array([-0.0393504]))","(array([0.0551297]), array([-0.04033885]))","(array([0.05359002]), array([-0.04174391]))"
(0.026919574746609092+0j),[0.130184],[1.],[0.29217356],[1.],"(array([0.11484986]), array([0.00221534]))","(array([0.05090792]), array([-0.02354505]))","(array([0.05311834]), array([-0.02693713]))","(array([0.05337386]), array([-0.03342381]))","(array([0.05218984]), array([-0.0395204]))","(array([0.05580068]), array([-0.03699227]))","(array([0.05555062]), array([-0.03973406]))","(array([0.05637129]), array([-0.03935041]))","(array([0.05512969]), array([-0.04033885]))","(array([0.05359001]), array([-0.04174391]))","(array([0.05546171]), array([-0.0426316]))"
(0.030039626038615305+0j),[0.12826046],[1.],[0.31226221],[1.],"(array([0.11904381]), array([0.00562509]))","(array([0.05311833]), array([-0.02693712]))","(array([0.05337385]), array([-0.03342381]))","(array([0.05218983]), array([-0.0395204]))","(array([0.05580067]), array([-0.03699227]))","(array([0.05555061]), array([-0.03973407]))","(array([0.05637128]), array([-0.03935041]))","(array([0.05512968]), array([-0.04033885]))","(array([0.05359]), array([-0.04174391]))","(array([0.0554617]), array([-0.04263161]))","(array([0.05933003]), array([-0.04442237]))"
(0.033163115765227576+0j),[0.12406201],[1.],[0.33178378],[1.],"(array([0.1255895]), array([0.00188851]))","(array([0.05337383]), array([-0.0334238]))","(array([0.05218981]), array([-0.03952039]))","(array([0.05580065]), array([-0.03699227]))","(array([0.05555059]), array([-0.03973407]))","(array([0.05637126]), array([-0.03935041]))","(array([0.05512966]), array([-0.04033886]))","(array([0.05358999]), array([-0.04174392]))","(array([0.05546169]), array([-0.04263161]))","(array([0.05933002]), array([-0.04442237]))","(array([0.06119932]), array([-0.04834908]))"
(0.033579137270089994+0j),[0.13776949],[1.],[0.3283475],[1.],"(array([0.1283794]), array([-0.00536869]))","(array([0.05218977]), array([-0.03952038]))","(array([0.05580062]), array([-0.03699227]))","(array([0.05555056]), array([-0.03973407]))","(array([0.05637123]), array([-0.03935041]))","(array([0.05512963]), array([-0.04033886]))","(array([0.05358996]), array([-0.04174392]))","(array([0.05546166]), array([-0.04263162]))","(array([0.05932999]), array([-0.04442239]))","(array([0.0611993]), array([-0.04834909]))","(array([0.06179924]), array([-0.05092922]))"
(0.034111841183272644+0j),[0.13668123],[1.],[0.33143374],[1.],"(array([0.1264615]), array([-0.00830557]))","(array([0.05580055]), array([-0.03699225]))","(array([0.0555505]), array([-0.03973406]))","(array([0.05637117]), array([-0.03935041]))","(array([0.05512957]), array([-0.04033886]))","(array([0.0535899]), array([-0.04174393]))","(array([0.05546161]), array([-0.04263163]))","(array([0.05932994]), array([-0.0444224]))","(array([0.06119926]), array([-0.04834912]))","(array([0.0617992]), array([-0.05092924]))","(array([0.06416869]), array([-0.04871387]))"
(0.03443747026281946+0j),[0.1345263],[1.],[0.33379901],[1.],"(array([0.1306621]), array([-0.00607784]))","(array([0.05555041]), array([-0.03973404]))","(array([0.05637109]), array([-0.03935041]))","(array([0.0551295]), array([-0.04033886]))","(array([0.05358983]), array([-0.04174393]))","(array([0.05546154]), array([-0.04263164]))","(array([0.05932988]), array([-0.04442242]))","(array([0.06119919]), array([-0.04834914]))","(array([0.06179914]), array([-0.05092927]))","(array([0.06416864]), array([-0.04871391]))","(array([0.06420347]), array([-0.04937489]))"
(0.029895736581948013+0j),[0.12918183],[1.],[0.30933984],[1.],"(array([0.12772605]), array([-0.00922483]))","(array([0.056371]), array([-0.03935039]))","(array([0.05512941]), array([-0.04033886]))","(array([0.05358975]), array([-0.04174393]))","(array([0.05546146]), array([-0.04263165]))","(array([0.05932981]), array([-0.04442244]))","(array([0.06119913]), array([-0.04834917]))","(array([0.06179908]), array([-0.0509293]))","(array([0.06416858]), array([-0.04871394]))","(array([0.06420342]), array([-0.04937493]))","(array([0.0625096]), array([-0.04725142]))"
(0.025871590979512256+0j),[0.13406638],[1.],[0.2814332],[1.],"(array([0.12313989]), array([-0.01001633]))","(array([0.05512932]), array([-0.04033884]))","(array([0.05358966]), array([-0.04174392]))","(array([0.05546137]), array([-0.04263165]))","(array([0.05932972]), array([-0.04442246]))","(array([0.06119905]), array([-0.04834919]))","(array([0.061799]), array([-0.05092933]))","(array([0.06416852]), array([-0.04871398]))","(array([0.06420336]), array([-0.04937497]))","(array([0.06250954]), array([-0.04725146]))","(array([0.05878852]), array([-0.04315662]))"
(0.022466200002843727+0j),[0.13432028],[1.],[0.2573969],[1.],"(array([0.11578419]), array([-0.00989901]))","(array([0.05358954]), array([-0.0417439]))","(array([0.05546127]), array([-0.04263165]))","(array([0.05932962]), array([-0.04442247]))","(array([0.06119895]), array([-0.04834921]))","(array([0.06179891]), array([-0.05092935]))","(array([0.06416843]), array([-0.04871401]))","(array([0.06420328]), array([-0.04937501]))","(array([0.06250947]), array([-0.04725151]))","(array([0.05878845]), array([-0.04315667]))","(array([0.05668915]), array([-0.03730886]))"
(0.02322692469744971+0j),[0.13404108],[1.],[0.26329264],[1.],"(array([0.11215041]), array([-0.01121017]))","(array([0.05546112]), array([-0.04263164]))","(array([0.05932948]), array([-0.04442247]))","(array([0.06119882]), array([-0.04834923]))","(array([0.06179879]), array([-0.05092938]))","(array([0.06416832]), array([-0.04871406]))","(array([0.06420317]), array([-0.04937506]))","(array([0.06250937]), array([-0.04725157]))","(array([0.05878836]), array([-0.04315673]))","(array([0.05668906]), array([-0.03730893]))","(array([0.05572347]), array([-0.03544848]))"
(0.023919330331556573+0j),[0.1324487],[1.],[0.26917766],[1.],"(array([0.11526811]), array([-0.01213828]))","(array([0.0593293]), array([-0.04442248]))","(array([0.06119865]), array([-0.04834925]))","(array([0.06179863]), array([-0.05092942]))","(array([0.06416816]), array([-0.04871411]))","(array([0.06420303]), array([-0.04937512]))","(array([0.06250923]), array([-0.04725164]))","(array([0.05878823]), array([-0.04315681]))","(array([0.05668894]), array([-0.03730901]))","(array([0.05572336]), array([-0.03544856]))","(array([0.05631159]), array([-0.03654788]))"
(0.024493106575611896+0j),[0.13720602],[1.],[0.27095427],[1.],"(array([0.12033188]), array([-0.01423442]))","(array([0.06119845]), array([-0.04834926]))","(array([0.06179844]), array([-0.05092944]))","(array([0.06416799]), array([-0.04871416]))","(array([0.06420286]), array([-0.04937518]))","(array([0.06250907]), array([-0.04725171]))","(array([0.05878808]), array([-0.04315688]))","(array([0.0566888]), array([-0.03730909]))","(array([0.05572323]), array([-0.03544866]))","(array([0.05631147]), array([-0.03654797]))","(array([0.05664501]), array([-0.03773594]))"
(0.027369711866923507+0j),[0.15465868],[1.],[0.28147988],[1.],"(array([0.12430067]), array([-0.01702005]))","(array([0.06179824]), array([-0.05092946]))","(array([0.0641678]), array([-0.0487142]))","(array([0.06420268]), array([-0.04937524]))","(array([0.06250891]), array([-0.04725177]))","(array([0.05878792]), array([-0.04315696]))","(array([0.05668866]), array([-0.03730918]))","(array([0.0557231]), array([-0.03544875]))","(array([0.05631135]), array([-0.03654807]))","(array([0.05664489]), array([-0.03773605]))","(array([0.0586831]), array([-0.0389837]))"
(0.03025243602221812+0j),[0.15552742],[1.],[0.29953115],[1.],"(array([0.12717372]), array([-0.0157064]))","(array([0.06416759]), array([-0.04871424]))","(array([0.06420248]), array([-0.04937529]))","(array([0.06250871]), array([-0.04725184]))","(array([0.05878774]), array([-0.04315703]))","(array([0.05668848]), array([-0.03730926]))","(array([0.05572293]), array([-0.03544884]))","(array([0.0563112]), array([-0.03654817]))","(array([0.05664475]), array([-0.03773615]))","(array([0.05868298]), array([-0.03898382]))","(array([0.06319192]), array([-0.03900549]))"
(0.033013773544298394+0j),[0.14553061],[1.],[0.32076887],[1.],"(array([0.13343024]), array([-0.01336224]))","(array([0.06420223]), array([-0.04937534]))","(array([0.06250848]), array([-0.0472519]))","(array([0.05878751]), array([-0.0431571]))","(array([0.05668827]), array([-0.03730935]))","(array([0.05572273]), array([-0.03544894]))","(array([0.05631101]), array([-0.03654829]))","(array([0.05664458]), array([-0.03773628]))","(array([0.05868282]), array([-0.03898395]))","(array([0.06319179]), array([-0.03900564]))","(array([0.06524721]), array([-0.04230743]))"
(0.03338889777999956+0j),[0.17712646],[1.],[0.30640492],[1.],"(array([0.1365775]), array([-0.01621174]))","(array([0.06250819]), array([-0.04725195]))","(array([0.05878724]), array([-0.04315716]))","(array([0.05668801]), array([-0.03730943]))","(array([0.05572249]), array([-0.03544904]))","(array([0.05631078]), array([-0.0365484]))","(array([0.05664436]), array([-0.0377364]))","(array([0.05868263]), array([-0.03898409]))","(array([0.06319162]), array([-0.0390058]))","(array([0.06524706]), array([-0.0423076]))","(array([0.06490833]), array([-0.04609727]))"
(0.033797920145990056+0j),[0.1905108],[1.],[0.30040558],[1.],"(array([0.13176398]), array([-0.00719668]))","(array([0.05878693]), array([-0.0431572]))","(array([0.05668771]), array([-0.0373095]))","(array([0.0557222]), array([-0.03544912]))","(array([0.05631051]), array([-0.0365485]))","(array([0.05664411]), array([-0.03773652]))","(array([0.0586824]), array([-0.03898423]))","(array([0.06319142]), array([-0.03900597]))","(array([0.06524688]), array([-0.04230778]))","(array([0.06490816]), array([-0.04609745]))","(array([0.06931697]), array([-0.03994991]))"
(0.03422481884554513+0j),[0.18262827],[1.],[0.30743866],[1.],"(array([0.1268118]), array([-0.00026415]))","(array([0.05668742]), array([-0.03730954]))","(array([0.05572192]), array([-0.03544919]))","(array([0.05631025]), array([-0.03654859]))","(array([0.05664386]), array([-0.03773662]))","(array([0.05868217]), array([-0.03898435]))","(array([0.06319122]), array([-0.03900611]))","(array([0.06524669]), array([-0.04230794]))","(array([0.06490799]), array([-0.04609761]))","(array([0.06931683]), array([-0.03995009]))","(array([0.07115909]), array([-0.037465]))"
(0.03263845307326631+0j),[0.15748956],[1.],[0.31136821],[1.],"(array([0.12496746]), array([0.00370618]))","(array([0.05572167]), array([-0.03544923]))","(array([0.05631]), array([-0.03654865]))","(array([0.05664363]), array([-0.0377367]))","(array([0.05868195]), array([-0.03898444]))","(array([0.06319103]), array([-0.03900623]))","(array([0.06524652]), array([-0.04230807]))","(array([0.06490783]), array([-0.04609775]))","(array([0.0693167]), array([-0.03995025]))","(array([0.07115898]), array([-0.03746517]))","(array([0.06966084]), array([-0.03862461]))"
(0.031112286781166287+0j),[0.17119159],[1.],[0.29433666],[1.],"(array([0.12489378]), array([-3.27430653e-06]))","(array([0.05630977]), array([-0.03654869]))","(array([0.05664341]), array([-0.03773675]))","(array([0.05868175]), array([-0.03898452]))","(array([0.06319084]), array([-0.03900633]))","(array([0.06524635]), array([-0.04230818]))","(array([0.06490767]), array([-0.04609787]))","(array([0.06931657]), array([-0.03995038]))","(array([0.07115887]), array([-0.03746532]))","(array([0.06966074]), array([-0.03862477]))","(array([0.06528329]), array([-0.04218204]))"
(0.029735502727034256+0j),[0.15932621],[1.],[0.29211105],[1.],"(array([0.12172603]), array([0.00194141]))","(array([0.05664321]), array([-0.03773679]))","(array([0.05868156]), array([-0.03898457]))","(array([0.06319067]), array([-0.03900641]))","(array([0.06524619]), array([-0.04230827]))","(array([0.06490752]), array([-0.04609796]))","(array([0.06931644]), array([-0.0399505]))","(array([0.07115876]), array([-0.03746545]))","(array([0.06966064]), array([-0.0386249]))","(array([0.06528319]), array([-0.04218217]))","(array([0.06604165]), array([-0.03740728]))"
(0.026864566539402963+0j),[0.15732866],[1.],[0.27414304],[1.],"(array([0.12035905]), array([-0.00182159]))","(array([0.05868138]), array([-0.03898461]))","(array([0.0631905]), array([-0.03900647]))","(array([0.06524603]), array([-0.04230834]))","(array([0.06490738]), array([-0.04609804]))","(array([0.06931632]), array([-0.0399506]))","(array([0.07115865]), array([-0.03746556]))","(array([0.06966054]), array([-0.03862502]))","(array([0.0652831]), array([-0.04218228]))","(array([0.06604158]), array([-0.0374074]))","(array([0.0629615]), array([-0.03722209]))"
(0.024266143193482553+0j),[0.12623515],[1.],[0.27243097],[1.],"(array([0.1183963]), array([-0.00346948]))","(array([0.06319036]), array([-0.03900651]))","(array([0.0652459]), array([-0.04230839]))","(array([0.06490725]), array([-0.0460981]))","(array([0.0693162]), array([-0.03995068]))","(array([0.07115855]), array([-0.03746565]))","(array([0.06966045]), array([-0.03862511]))","(array([0.06528301]), array([-0.04218237]))","(array([0.0660415]), array([-0.0374075]))","(array([0.06296143]), array([-0.03722219]))","(array([0.06061455]), array([-0.03395721]))"
(0.021652203250855928+0j),[0.13464586],[1.],[0.24955838],[1.],"(array([0.1224194]), array([-0.01031876]))","(array([0.06524576]), array([-0.04230842]))","(array([0.06490712]), array([-0.04609814]))","(array([0.06931609]), array([-0.03995074]))","(array([0.07115845]), array([-0.03746572]))","(array([0.06966035]), array([-0.03862518]))","(array([0.06528291]), array([-0.04218244]))","(array([0.06604142]), array([-0.03740758]))","(array([0.06296135]), array([-0.03722228]))","(array([0.06061448]), array([-0.0339573]))","(array([0.05445893]), array([-0.0369501]))"
(0.019544953596441487+0j),[0.14682664],[1.],[0.22588215],[1.],"(array([0.11953399]), array([-0.0116818]))","(array([0.06490696]), array([-0.04609816]))","(array([0.06931594]), array([-0.03995079]))","(array([0.07115831]), array([-0.03746579]))","(array([0.06966022]), array([-0.03862526]))","(array([0.06528279]), array([-0.04218252]))","(array([0.06604131]), array([-0.03740767]))","(array([0.06296125]), array([-0.03722237]))","(array([0.06061438]), array([-0.03395739]))","(array([0.05445883]), array([-0.03695019]))","(array([0.05366765]), array([-0.03170182]))"
(0.017838928321068908+0j),[0.1464391],[1.],[0.21166288],[1.],"(array([0.11399704]), array([-0.01269388]))","(array([0.06931576]), array([-0.03995082]))","(array([0.07115814]), array([-0.03746584]))","(array([0.06966006]), array([-0.03862532]))","(array([0.06528264]), array([-0.04218258]))","(array([0.06604117]), array([-0.03740775]))","(array([0.06296112]), array([-0.03722245]))","(array([0.06061426]), array([-0.03395748]))","(array([0.05445871]), array([-0.03695027]))","(array([0.05366754]), array([-0.03170191]))","(array([0.05347409]), array([-0.02581129]))"
(0.016124719254143535+0j),[0.14430183],[1.],[0.19767769],[1.],"(array([0.11517246]), array([-0.00677814]))","(array([0.07115795]), array([-0.03746588]))","(array([0.06965988]), array([-0.03862537]))","(array([0.06528246]), array([-0.04218263]))","(array([0.066041]), array([-0.03740782]))","(array([0.06296096]), array([-0.03722252]))","(array([0.06061411]), array([-0.03395756]))","(array([0.05445857]), array([-0.03695034]))","(array([0.05366741]), array([-0.031702]))","(array([0.05347397]), array([-0.02581138]))","(array([0.05165685]), array([-0.0231269]))"
(0.01438874177618464+0j),[0.14327501],[1.],[0.18147141],[1.],"(array([0.11372515]), array([-0.00481994]))","(array([0.06965968]), array([-0.03862539]))","(array([0.06528227]), array([-0.04218265]))","(array([0.06604083]), array([-0.03740787]))","(array([0.06296079]), array([-0.03722258]))","(array([0.06061396]), array([-0.03395763]))","(array([0.05445841]), array([-0.0369504]))","(array([0.05366726]), array([-0.03170207]))","(array([0.05347384]), array([-0.02581147]))","(array([0.05165673]), array([-0.02312698]))","(array([0.04955592]), array([-0.02054147]))"
(0.012932980490129146+0j),[0.13420996],[1.],[0.17334759],[1.],"(array([0.10870034]), array([-0.00617378]))","(array([0.06528207]), array([-0.04218266]))","(array([0.06604064]), array([-0.03740791]))","(array([0.06296061]), array([-0.03722263]))","(array([0.06061378]), array([-0.03395768]))","(array([0.05445824]), array([-0.03695044]))","(array([0.0536671]), array([-0.03170213]))","(array([0.0534737]), array([-0.02581154]))","(array([0.05165659]), array([-0.02312707]))","(array([0.0495558]), array([-0.02054156]))","(array([0.04762436]), array([-0.01758457]))"
(0.011749177422097556+0j),[0.12730774],[1.],[0.16573935],[1.],"(array([0.10264409]), array([-0.0116352]))","(array([0.06604041]), array([-0.03740793]))","(array([0.06296039]), array([-0.03722266]))","(array([0.06061357]), array([-0.03395773]))","(array([0.05445803]), array([-0.03695048]))","(array([0.05366691]), array([-0.03170218]))","(array([0.05347352]), array([-0.02581162]))","(array([0.05165642]), array([-0.02312715]))","(array([0.04955564]), array([-0.02054164]))","(array([0.04762422]), array([-0.01758466]))","(array([0.045136]), array([-0.01708294]))"
(0.013027731947313825+0j),[0.13559963],[1.],[0.17465938],[1.],"(array([0.10496385]), array([-0.00849662]))","(array([0.06296009]), array([-0.03722268]))","(array([0.06061328]), array([-0.03395777]))","(array([0.05445775]), array([-0.03695051]))","(array([0.05366664]), array([-0.03170224]))","(array([0.05347327]), array([-0.0258117]))","(array([0.05165619]), array([-0.02312724]))","(array([0.04955542]), array([-0.02054175]))","(array([0.04762402]), array([-0.01758477]))","(array([0.04513581]), array([-0.01708305]))","(array([0.04449981]), array([-0.01925331]))"
(0.01438315670993385+0j),[0.13266959],[1.],[0.19158485],[1.],"(array([0.10391198]), array([-0.00649822]))","(array([0.0606129]), array([-0.03395779]))","(array([0.05445739]), array([-0.03695051]))","(array([0.0536663]), array([-0.03170228]))","(array([0.05347294]), array([-0.02581178]))","(array([0.05165588]), array([-0.02312734]))","(array([0.04955513]), array([-0.02054185]))","(array([0.04762375]), array([-0.01758489]))","(array([0.04513555]), array([-0.01708317]))","(array([0.04449957]), array([-0.01925343]))","(array([0.04708431]), array([-0.0201035]))"
(0.015788148621284998+0j),[0.13150027],[1.],[0.20629726],[1.],"(array([0.10533551]), array([-0.00396393]))","(array([0.054457]), array([-0.03695049]))","(array([0.05366592]), array([-0.0317023]))","(array([0.05347259]), array([-0.02581184]))","(array([0.05165555]), array([-0.02312742]))","(array([0.04955482]), array([-0.02054195]))","(array([0.04762345]), array([-0.01758501]))","(array([0.04513527]), array([-0.01708328]))","(array([0.0444993]), array([-0.01925354]))","(array([0.04708407]), array([-0.02010363]))","(array([0.04833695]), array([-0.02373434]))"
(0.017736619541536738+0j),[0.12987493],[1.],[0.22479053],[1.],"(array([0.10286252]), array([-0.00714593]))","(array([0.05366558]), array([-0.0317023]))","(array([0.05347226]), array([-0.02581188]))","(array([0.05165523]), array([-0.02312747]))","(array([0.04955452]), array([-0.02054202]))","(array([0.04762317]), array([-0.01758509]))","(array([0.04513501]), array([-0.01708336]))","(array([0.04449905]), array([-0.01925363]))","(array([0.04708385]), array([-0.02010375]))","(array([0.04833674]), array([-0.02373446]))","(array([0.05001442]), array([-0.02701846]))"
(0.019676845175758087+0j),[0.13650679],[1.],[0.23711641],[1.],"(array([0.10614444]), array([-0.00238934]))","(array([0.05347194]), array([-0.02581189]))","(array([0.05165493]), array([-0.0231275]))","(array([0.04955423]), array([-0.02054206]))","(array([0.0476229]), array([-0.01758515]))","(array([0.04513475]), array([-0.01708342]))","(array([0.04449881]), array([-0.0192537]))","(array([0.04708363]), array([-0.02010384]))","(array([0.04833654]), array([-0.02373457]))","(array([0.05001423]), array([-0.02701858]))","(array([0.05162533]), array([-0.03079185]))"
(0.02153038218861908+0j),[0.13241406],[1.],[0.25376668],[1.],"(array([0.10865482]), array([0.0048109]))","(array([0.05165459]), array([-0.0231275]))","(array([0.04955391]), array([-0.02054209]))","(array([0.04762259]), array([-0.01758519]))","(array([0.04513446]), array([-0.01708347]))","(array([0.04449853]), array([-0.01925375]))","(array([0.04708337]), array([-0.02010392]))","(array([0.04833631]), array([-0.02373466]))","(array([0.05001401]), array([-0.02701869]))","(array([0.05162513]), array([-0.03079198]))","(array([0.05411171]), array([-0.0324787]))"
(0.023692816011056668+0j),[0.13486487],[1.],[0.26821092],[1.],"(array([0.11074036]), array([0.0065259]))","(array([0.04955348]), array([-0.02054207]))","(array([0.04762219]), array([-0.01758521]))","(array([0.04513407]), array([-0.01708349]))","(array([0.04449817]), array([-0.01925378]))","(array([0.04708304]), array([-0.020104]))","(array([0.04833599]), array([-0.02373476]))","(array([0.05001372]), array([-0.02701881]))","(array([0.05162487]), array([-0.03079211]))","(array([0.05411147]), array([-0.03247887]))","(array([0.05522368]), array([-0.03634348]))"
(0.025890045892527205+0j),[0.13892983],[1.],[0.28120916],[1.],"(array([0.11185182]), array([0.00958391]))","(array([0.04762169]), array([-0.01758518]))","(array([0.04513359]), array([-0.01708347]))","(array([0.04449771]), array([-0.01925377]))","(array([0.04708261]), array([-0.02010405]))","(array([0.04833559]), array([-0.02373484]))","(array([0.05001335]), array([-0.02701892]))","(array([0.05162452]), array([-0.03079225]))","(array([0.05411116]), array([-0.03247904]))","(array([0.05522339]), array([-0.03634367]))","(array([0.05723924]), array([-0.03888943]))"
(0.02809402601792553+0j),[0.12625723],[1.],[0.30108099],[1.],"(array([0.11281087]), array([0.01336061]))","(array([0.04513309]), array([-0.01708341]))","(array([0.04449724]), array([-0.01925373]))","(array([0.04708216]), array([-0.02010406]))","(array([0.04833517]), array([-0.02373488]))","(array([0.05001296]), array([-0.027019]))","(array([0.05162415]), array([-0.03079236]))","(array([0.05411082]), array([-0.03247918]))","(array([0.05522308]), array([-0.03634384]))","(array([0.05723896]), array([-0.03888963]))","(array([0.05939463]), array([-0.04098309]))"
(0.024476208816291783+0j),[0.11976907],[1.],[0.28008613],[1.],"(array([0.11047606]), array([0.01106391]))","(array([0.0444968]), array([-0.01925365]))","(array([0.04708174]), array([-0.02010404]))","(array([0.04833478]), array([-0.02373489]))","(array([0.05001259]), array([-0.02701904]))","(array([0.0516238]), array([-0.03079243]))","(array([0.0541105]), array([-0.0324793]))","(array([0.05522278]), array([-0.03634398]))","(array([0.05723869]), array([-0.0388898]))","(array([0.05939439]), array([-0.04098328]))","(array([0.05704792]), array([-0.04251546]))"
(0.02132386487175224+0j),[0.12082673],[1.],[0.25721483],[1.],"(array([0.10523283]), array([0.00752538]))","(array([0.04708135]), array([-0.02010399]))","(array([0.0483344]), array([-0.02373487]))","(array([0.05001223]), array([-0.02701905]))","(array([0.05162346]), array([-0.03079247]))","(array([0.05411018]), array([-0.03247938]))","(array([0.05522249]), array([-0.03634408]))","(array([0.05723843]), array([-0.03888993]))","(array([0.05939415]), array([-0.04098344]))","(array([0.0570477]), array([-0.04251563]))","(array([0.05355944]), array([-0.03920985]))"
(0.018504568880885135+0j),[0.12680021],[1.],[0.2322125],[1.],"(array([0.10272096]), array([0.00693478]))","(array([0.04833399]), array([-0.02373481]))","(array([0.05001183]), array([-0.02701903]))","(array([0.05162309]), array([-0.03079248]))","(array([0.05410983]), array([-0.03247944]))","(array([0.05522216]), array([-0.03634417]))","(array([0.05723812]), array([-0.03889005]))","(array([0.05939387]), array([-0.04098359]))","(array([0.05704744]), array([-0.04251579]))","(array([0.0535592]), array([-0.03921002]))","(array([0.0512362]), array([-0.03466636]))"
(0.016510213577792848+0j),[0.12785753],[1.],[0.21460684],[1.],"(array([0.09886356]), array([0.00471123]))","(array([0.05001138]), array([-0.02701895]))","(array([0.05162265]), array([-0.03079245]))","(array([0.05410942]), array([-0.03247946]))","(array([0.05522177]), array([-0.03634423]))","(array([0.05723776]), array([-0.03889015]))","(array([0.05939353]), array([-0.04098373]))","(array([0.05704712]), array([-0.04251594]))","(array([0.0535589]), array([-0.03921019]))","(array([0.05123592]), array([-0.03466655]))","(array([0.04989991]), array([-0.02953735]))"
(0.014761052395236979+0j),[0.1301018],[1.],[0.19702966],[1.],"(array([0.09662626]), array([0.0017445]))","(array([0.05162218]), array([-0.03079236]))","(array([0.05410896]), array([-0.03247943]))","(array([0.05522134]), array([-0.03634424]))","(array([0.05723735]), array([-0.03889021]))","(array([0.05939316]), array([-0.04098385]))","(array([0.05704676]), array([-0.04251608]))","(array([0.05355856]), array([-0.03921034]))","(array([0.0512356]), array([-0.03466672]))","(array([0.04989962]), array([-0.02953755]))","(array([0.04821746]), array([-0.02598844]))"
(0.01325408933657039+0j),[0.1212471],[1.],[0.18792847],[1.],"(array([0.0943303]), array([-0.00143837]))","(array([0.0541085]), array([-0.03247937]))","(array([0.0552209]), array([-0.03634422]))","(array([0.05723693]), array([-0.03889025]))","(array([0.05939276]), array([-0.04098393]))","(array([0.05704638]), array([-0.04251618]))","(array([0.05355819]), array([-0.03921046]))","(array([0.05123527]), array([-0.03466687]))","(array([0.04989931]), array([-0.02953773]))","(array([0.04821717]), array([-0.02598864]))","(array([0.04677549]), array([-0.0223098]))"
(0.012921522175249162+0j),[0.11738168],[1.],[0.18732184],[1.],"(array([0.09605958]), array([-0.00502731]))","(array([0.05522045]), array([-0.03634417]))","(array([0.05723651]), array([-0.03889024]))","(array([0.05939236]), array([-0.04098398]))","(array([0.057046]), array([-0.04251625]))","(array([0.05355783]), array([-0.03921055]))","(array([0.05123492]), array([-0.03466699]))","(array([0.04989898]), array([-0.02953788]))","(array([0.04821686]), array([-0.02598882]))","(array([0.04677521]), array([-0.02231]))","(array([0.04474986]), array([-0.02260512]))"
(0.01263484936846298+0j),[0.12140603],[1.],[0.18206195],[1.],"(array([0.09701043]), array([-0.00964483]))","(array([0.05723608]), array([-0.0388902]))","(array([0.05939194]), array([-0.04098399]))","(array([0.0570456]), array([-0.04251628]))","(array([0.05355744]), array([-0.03921061]))","(array([0.05123455]), array([-0.03466708]))","(array([0.04989863]), array([-0.02953801]))","(array([0.04821653]), array([-0.02598897]))","(array([0.0467749]), array([-0.02231017]))","(array([0.04474956]), array([-0.0226053]))","(array([0.04401742]), array([-0.02284196]))"
(0.012374427877591083+0j),[0.12069418],[1.],[0.1800657],[1.],"(array([0.0978196]), array([-0.01124098]))","(array([0.0593915]), array([-0.04098395]))","(array([0.05704517]), array([-0.04251627]))","(array([0.05355703]), array([-0.03921063]))","(array([0.05123414]), array([-0.03466714]))","(array([0.04989825]), array([-0.0295381]))","(array([0.04821617]), array([-0.02598909]))","(array([0.04677456]), array([-0.02231032]))","(array([0.04474923]), array([-0.02260545]))","(array([0.04401711]), array([-0.02284212]))","(array([0.04423683]), array([-0.0213222]))"
(0.013705659185220025+0j),[0.12185474],[1.],[0.1934615],[1.],"(array([0.1013764]), array([-0.0134387]))","(array([0.05704468]), array([-0.04251622]))","(array([0.05355654]), array([-0.03921061]))","(array([0.05123368]), array([-0.03466716]))","(array([0.0498978]), array([-0.02953818]))","(array([0.04821574]), array([-0.0259892]))","(array([0.04677415]), array([-0.02231047]))","(array([0.04474884]), array([-0.0226056]))","(array([0.04401673]), array([-0.02284228]))","(array([0.04423648]), array([-0.02132239]))","(array([0.04484751]), array([-0.02258784]))"
(0.01513013671341417+0j),[0.12447655],[1.],[0.20582825],[1.],"(array([0.10202364]), array([-0.01468254]))","(array([0.05355602]), array([-0.03921055]))","(array([0.05123317]), array([-0.03466715]))","(array([0.0498973]), array([-0.02953822]))","(array([0.04821526]), array([-0.02598928]))","(array([0.04677369]), array([-0.02231059]))","(array([0.04474839]), array([-0.02260573]))","(array([0.04401631]), array([-0.02284243]))","(array([0.04423609]), array([-0.02132256]))","(array([0.04484714]), array([-0.02258804]))","(array([0.04659434]), array([-0.02503659]))"
(0.01659809671367281+0j),[0.1396035],[1.],[0.20991826],[1.],"(array([0.10133093]), array([-0.01088854]))","(array([0.05123266]), array([-0.03466711]))","(array([0.0498968]), array([-0.02953823]))","(array([0.04821478]), array([-0.02598934]))","(array([0.04677322]), array([-0.02231068]))","(array([0.04474795]), array([-0.02260583]))","(array([0.04401589]), array([-0.02284255]))","(array([0.04423569]), array([-0.02132271]))","(array([0.04484677]), array([-0.0225882]))","(array([0.04659399]), array([-0.02503678]))","(array([0.04841522]), array([-0.02721378]))"
(0.01638351016052792+0j),[0.13064867],[1.],[0.21363183],[1.],"(array([0.09829931]), array([-0.00313508]))","(array([0.04989634]), array([-0.02953821]))","(array([0.04821432]), array([-0.02598935]))","(array([0.04677278]), array([-0.02231073]))","(array([0.04474752]), array([-0.0226059]))","(array([0.04401548]), array([-0.02284263]))","(array([0.0442353]), array([-0.02132283]))","(array([0.0448464]), array([-0.02258834]))","(array([0.04659365]), array([-0.02503693]))","(array([0.0484149]), array([-0.02721395]))","(array([0.05084104]), array([-0.02499536]))"
(0.016124614325498037+0j),[0.13715875],[1.],[0.20711077],[1.],"(array([0.09781417]), array([-0.00010245]))","(array([0.04821387]), array([-0.02598933]))","(array([0.04677235]), array([-0.02231075]))","(array([0.0447471]), array([-0.02260593]))","(array([0.04401507]), array([-0.02284268]))","(array([0.04423492]), array([-0.02132291]))","(array([0.04484604]), array([-0.02258844]))","(array([0.04659331]), array([-0.02503705]))","(array([0.04841459]), array([-0.02721409]))","(array([0.05084076]), array([-0.02499554]))","(array([0.04945121]), array([-0.0267806]))"
(0.0158696815735865+0j),[0.14091632],[1.],[0.20215147],[1.],"(array([0.09474092]), array([0.0047903]))","(array([0.04677192]), array([-0.02231074]))","(array([0.04474669]), array([-0.02260592]))","(array([0.04401468]), array([-0.0228427]))","(array([0.04423454]), array([-0.02132296]))","(array([0.04484568]), array([-0.02258851]))","(array([0.04659297]), array([-0.02503714]))","(array([0.04841427]), array([-0.02721421]))","(array([0.05084047]), array([-0.02499569]))","(array([0.04945094]), array([-0.02678076]))","(array([0.04991963]), array([-0.02490419]))"
(0.015503417669203446+0j),[0.13984196],[1.],[0.19938879],[1.],"(array([0.09213681]), array([0.00920482]))","(array([0.04474629]), array([-0.02260589]))","(array([0.0440143]), array([-0.02284268]))","(array([0.04423417]), array([-0.02132297]))","(array([0.04484533]), array([-0.02258854]))","(array([0.04659264]), array([-0.0250372]))","(array([0.04841396]), array([-0.02721429]))","(array([0.05084018]), array([-0.02499581]))","(array([0.04945067]), array([-0.02678088]))","(array([0.04991939]), array([-0.02490433]))","(array([0.04997587]), array([-0.02352974]))"
(0.015209897803006021+0j),[0.13056476],[1.],[0.20281541],[1.],"(array([0.08955449]), array([0.00868122]))","(array([0.04401394]), array([-0.02284263]))","(array([0.04423382]), array([-0.02132296]))","(array([0.044845]), array([-0.02258855]))","(array([0.04659232]), array([-0.02503723]))","(array([0.04841366]), array([-0.02721434]))","(array([0.05083991]), array([-0.0249959]))","(array([0.04945041]), array([-0.02678098]))","(array([0.04991915]), array([-0.02490445]))","(array([0.04997566]), array([-0.02352988]))","(array([0.04949965]), array([-0.02316184]))"
(0.014956145333089713+0j),[0.12807348],[1.],[0.20202041],[1.],"(array([0.08959465]), array([0.00641113]))","(array([0.04423345]), array([-0.02132291]))","(array([0.04484464]), array([-0.02258852]))","(array([0.04659198]), array([-0.02503724]))","(array([0.04841333]), array([-0.02721437]))","(array([0.0508396]), array([-0.02499597]))","(array([0.04945012]), array([-0.02678106]))","(array([0.04991888]), array([-0.02490456]))","(array([0.04997541]), array([-0.02353001]))","(array([0.04949942]), array([-0.02316198]))","(array([0.04812498]), array([-0.02484754]))"
(0.0141228017769469+0j),[0.1210397],[1.],[0.19839701],[1.],"(array([0.08900877]), array([0.00734685]))","(array([0.0448442]), array([-0.02258846]))","(array([0.04659156]), array([-0.02503721]))","(array([0.04841293]), array([-0.02721437]))","(array([0.05083922]), array([-0.02499603]))","(array([0.04944975]), array([-0.02678113]))","(array([0.04991854]), array([-0.02490466]))","(array([0.0499751]), array([-0.02353014]))","(array([0.04949913]), array([-0.02316214]))","(array([0.04812471]), array([-0.0248477]))","(array([0.04721654]), array([-0.02444212]))"
(0.013351635979384678+0j),[0.12556658],[1.],[0.18786762],[1.],"(array([0.08880895]), array([0.00456782]))","(array([0.04659106]), array([-0.02503712]))","(array([0.04841245]), array([-0.02721433]))","(array([0.05083876]), array([-0.02499606]))","(array([0.04944931]), array([-0.02678117]))","(array([0.04991812]), array([-0.02490475]))","(array([0.04997471]), array([-0.02353027]))","(array([0.04949877]), array([-0.02316229]))","(array([0.04812436]), array([-0.02484787]))","(array([0.04721622]), array([-0.0244423]))","(array([0.04550055]), array([-0.02449696]))"
(0.012649849708947851+0j),[0.12383629],[1.],[0.18178162],[1.],"(array([0.08819857]), array([0.00317734]))","(array([0.04841195]), array([-0.02721424]))","(array([0.05083827]), array([-0.02499604]))","(array([0.04944884]), array([-0.02678117]))","(array([0.04991768]), array([-0.0249048]))","(array([0.04997429]), array([-0.02353036]))","(array([0.04949837]), array([-0.02316242]))","(array([0.04812398]), array([-0.02484801]))","(array([0.04721587]), array([-0.02444246]))","(array([0.04550022]), array([-0.02449714]))","(array([0.04523833]), array([-0.02192645]))"
(0.01399406795396701+0j),[0.12368419],[1.],[0.19586215],[1.],"(array([0.09099923]), array([0.00067457]))","(array([0.05083782]), array([-0.02499599]))","(array([0.04944841]), array([-0.02678113]))","(array([0.04991726]), array([-0.02490482]))","(array([0.04997389]), array([-0.02353041]))","(array([0.049498]), array([-0.02316251]))","(array([0.04812363]), array([-0.02484811]))","(array([0.04721553]), array([-0.02444259]))","(array([0.0454999]), array([-0.02449727]))","(array([0.04523804]), array([-0.02192661]))","(array([0.04544619]), array([-0.02293772]))"
(0.015277632389123797+0j),[0.1139386],[1.],[0.21376349],[1.],"(array([0.09645439]), array([0.00280323]))","(array([0.04944803]), array([-0.02678107]))","(array([0.04991689]), array([-0.0249048]))","(array([0.04997354]), array([-0.02353044]))","(array([0.04949766]), array([-0.02316256]))","(array([0.0481233]), array([-0.02484817]))","(array([0.04721523]), array([-0.02444267]))","(array([0.04549961]), array([-0.02449737]))","(array([0.04523777]), array([-0.02192674]))","(array([0.04544594]), array([-0.02293786]))","(array([0.04688324]), array([-0.02560589]))"
(0.016666401122387167+0j),[0.12436671],[1.],[0.22044857],[1.],"(array([0.09902679]), array([-0.00108379]))","(array([0.04991652]), array([-0.02490475]))","(array([0.04997318]), array([-0.02353043]))","(array([0.04949731]), array([-0.02316258]))","(array([0.04812297]), array([-0.02484822]))","(array([0.04721491]), array([-0.02444274]))","(array([0.04549931]), array([-0.02449745]))","(array([0.04523749]), array([-0.02192684]))","(array([0.04544567]), array([-0.02293798]))","(array([0.046883]), array([-0.02560603]))","(array([0.04704399]), array([-0.03008821]))"
(0.015263655327395311+0j),[0.10438037],[1.],[0.21850789],[1.],"(array([0.09825426]), array([0.00303868]))","(array([0.04997275]), array([-0.0235304]))","(array([0.0494969]), array([-0.02316259]))","(array([0.04812257]), array([-0.02484824]))","(array([0.04721452]), array([-0.02444279]))","(array([0.04549894]), array([-0.02449752]))","(array([0.04523715]), array([-0.02192695]))","(array([0.04544535]), array([-0.02293811]))","(array([0.04688269]), array([-0.02560618]))","(array([0.0470437]), array([-0.03008836]))","(array([0.04836874]), array([-0.02789043]))"
(0.013924280101191493+0j),[0.12322081],[1.],[0.19570888],[1.],"(array([0.09788309]), array([-1.35246985e-05]))","(array([0.0494964]), array([-0.02316256]))","(array([0.04812209]), array([-0.02484823]))","(array([0.04721406]), array([-0.02444282]))","(array([0.0454985]), array([-0.02449757]))","(array([0.04523673]), array([-0.02192704]))","(array([0.04544495]), array([-0.02293823]))","(array([0.04688232]), array([-0.02560633]))","(array([0.04704335]), array([-0.03008852]))","(array([0.04836842]), array([-0.02789062]))","(array([0.04432157]), array([-0.02973362]))"
(0.01278283223513521+0j),[0.11263968],[1.],[0.19078197],[1.],"(array([0.09240576]), array([0.00448995]))","(array([0.04812155]), array([-0.02484818]))","(array([0.04721354]), array([-0.02444281]))","(array([0.04549799]), array([-0.02449759]))","(array([0.04523624]), array([-0.02192712]))","(array([0.04544449]), array([-0.02293834]))","(array([0.04688189]), array([-0.02560647]))","(array([0.04704294]), array([-0.03008868]))","(array([0.04836805]), array([-0.02789082]))","(array([0.0443212]), array([-0.0297338]))","(array([0.04540267]), array([-0.02333486]))"
(0.014109654381316917+0j),[0.10524634],[1.],[0.20787519],[1.],"(array([0.09264264]), array([0.00051917]))","(array([0.04721294]), array([-0.02444276]))","(array([0.04549741]), array([-0.02449757]))","(array([0.04523569]), array([-0.02192716]))","(array([0.04544396]), array([-0.02293842]))","(array([0.04688138]), array([-0.02560659]))","(array([0.04704246]), array([-0.03008881]))","(array([0.0483676]), array([-0.02789101]))","(array([0.04432077]), array([-0.02973398]))","(array([0.04540229]), array([-0.0233351]))","(array([0.04422954]), array([-0.0258733]))"
(0.015495456611771893+0j),[0.09877598],[1.],[0.2234528],[1.],"(array([0.09550678]), array([-0.00071381]))","(array([0.04549674]), array([-0.0244975]))","(array([0.04523503]), array([-0.02192716]))","(array([0.04544333]), array([-0.02293847]))","(array([0.04688079]), array([-0.02560669]))","(array([0.04704189]), array([-0.03008893]))","(array([0.04836707]), array([-0.02789119]))","(array([0.04432026]), array([-0.02973414]))","(array([0.04540183]), array([-0.02333534]))","(array([0.0442291]), array([-0.02587355]))","(array([0.04469704]), array([-0.02995987]))"
(0.01695055573625679+0j),[0.08168278],[1.],[0.242168],[1.],"(array([0.09724941]), array([-0.0021928]))","(array([0.0452343]), array([-0.0219271]))","(array([0.04544262]), array([-0.02293847]))","(array([0.04688011]), array([-0.02560675]))","(array([0.04704124]), array([-0.03008902]))","(array([0.04836646]), array([-0.02789135]))","(array([0.04431967]), array([-0.02973429]))","(array([0.0454013]), array([-0.02333557]))","(array([0.0442286]), array([-0.02587379]))","(array([0.04469657]), array([-0.02996013]))","(array([0.04519302]), array([-0.0336675]))"
(0.019332566619383196+0j),[0.09040497],[1.],[0.25750963],[1.],"(array([0.10187611]), array([-0.00344658]))","(array([0.04544188]), array([-0.02293842]))","(array([0.04687939]), array([-0.02560677]))","(array([0.04704056]), array([-0.03008907]))","(array([0.04836582]), array([-0.02789148]))","(array([0.04431905]), array([-0.02973441]))","(array([0.04540073]), array([-0.02333578]))","(array([0.04422805]), array([-0.02587401]))","(array([0.04469606]), array([-0.02996036]))","(array([0.04519254]), array([-0.03366775]))","(array([0.0443258]), array([-0.0398137]))"
(0.0217350017855584+0j),[0.07867342],[1.],[0.27830197],[1.],"(array([0.10543425]), array([-0.00251786]))","(array([0.04687869]), array([-0.02560674]))","(array([0.04703988]), array([-0.03008907]))","(array([0.04836517]), array([-0.02789156]))","(array([0.04431843]), array([-0.02973448]))","(array([0.04540015]), array([-0.02333595]))","(array([0.0442275]), array([-0.02587419]))","(array([0.04469554]), array([-0.02996056]))","(array([0.04519205]), array([-0.03366797]))","(array([0.04432534]), array([-0.03981392]))","(array([0.0476812]), array([-0.04174533]))"
(0.02415778947446588+0j),[0.06474528],[1.],[0.29766506],[1.],"(array([0.11138931]), array([-0.0077031]))","(array([0.04703913]), array([-0.03008902]))","(array([0.04836446]), array([-0.02789161]))","(array([0.04431774]), array([-0.02973451]))","(array([0.0453995]), array([-0.02333609]))","(array([0.04422688]), array([-0.02587434]))","(array([0.04469495]), array([-0.02996074]))","(array([0.0451915]), array([-0.03366817]))","(array([0.04432482]), array([-0.03981412]))","(array([0.04768073]), array([-0.04174557]))","(array([0.04776063]), array([-0.04691674]))"
(0.0247714019760623+0j),[0.07697732],[1.],[0.29848575],[1.],"(array([0.11449628]), array([-0.01514127]))","(array([0.04836357]), array([-0.02789159]))","(array([0.04431689]), array([-0.02973448]))","(array([0.0453987]), array([-0.0233362]))","(array([0.04422611]), array([-0.02587447]))","(array([0.04469422]), array([-0.0299609]))","(array([0.04519081]), array([-0.03366836]))","(array([0.04432416]), array([-0.03981431]))","(array([0.04768012]), array([-0.04174583]))","(array([0.04776007]), array([-0.04691702]))","(array([0.04667404]), array([-0.05094658]))"
(0.025306827351697238+0j),[0.08174719],[1.],[0.30043838],[1.],"(array([0.11596667]), array([-0.01030818]))","(array([0.04431582]), array([-0.02973436]))","(array([0.04539767]), array([-0.02333626]))","(array([0.04422513]), array([-0.02587456]))","(array([0.04469328]), array([-0.02996103]))","(array([0.04518992]), array([-0.03366854]))","(array([0.04432331]), array([-0.0398145]))","(array([0.04767935]), array([-0.04174611]))","(array([0.04775933]), array([-0.04691731]))","(array([0.04667336]), array([-0.05094689]))","(array([0.04902968]), array([-0.04975532]))"
(0.025978071008918857+0j),[0.05677938],[1.],[0.31008093],[1.],"(array([0.11244226]), array([-0.01106019]))","(array([0.04539645]), array([-0.02333624]))","(array([0.04422395]), array([-0.02587457]))","(array([0.04469216]), array([-0.02996111]))","(array([0.04518886]), array([-0.03366867]))","(array([0.0443223]), array([-0.03981464]))","(array([0.04767841]), array([-0.04174635]))","(array([0.04775845]), array([-0.04691759]))","(array([0.04667253]), array([-0.05094718]))","(array([0.04902893]), array([-0.04975569]))","(array([0.05023593]), array([-0.04966334]))"
(0.027518375758382407+0j),[0.03466696],[1.],[0.3223371],[1.],"(array([0.11629618]), array([-0.01030804]))","(array([0.04422268]), array([-0.0258745]))","(array([0.04469094]), array([-0.0299611]))","(array([0.04518769]), array([-0.03366873]))","(array([0.04432119]), array([-0.03981471]))","(array([0.04767737]), array([-0.04174655]))","(array([0.04775748]), array([-0.04691782]))","(array([0.04667161]), array([-0.05094744]))","(array([0.04902809]), array([-0.04975604]))","(array([0.05023516]), array([-0.04966375]))","(array([0.04673318]), array([-0.05488808]))"
(0.02905546278161348+0j),[0.03255924],[1.],[0.33124542],[1.],"(array([0.11783505]), array([-0.01764916]))","(array([0.0446896]), array([-0.02996101]))","(array([0.04518641]), array([-0.03366872]))","(array([0.04431997]), array([-0.03981472]))","(array([0.04767622]), array([-0.04174671]))","(array([0.04775639]), array([-0.04691802]))","(array([0.04667058]), array([-0.05094767]))","(array([0.04902715]), array([-0.04975637]))","(array([0.0502343]), array([-0.04966415]))","(array([0.04673235]), array([-0.05488847]))","(array([0.04393008]), array([-0.05963882]))"
(0.030543471216235338+0j),[0.03407826],[1.],[0.33922825],[1.],"(array([0.12023926]), array([-0.02210159]))","(array([0.04518517]), array([-0.03366864]))","(array([0.04431879]), array([-0.03981467]))","(array([0.04767511]), array([-0.0417468]))","(array([0.04775534]), array([-0.04691816]))","(array([0.04666959]), array([-0.05094784]))","(array([0.04902622]), array([-0.04975664]))","(array([0.05023344]), array([-0.0496645]))","(array([0.04673153]), array([-0.05488879]))","(array([0.04392932]), array([-0.05963914]))","(array([0.0445818]), array([-0.06149942]))"
(0.03289742494008508+0j),[0.04383348],[1.],[0.35064932],[1.],"(array([0.12302026]), array([-0.02538758]))","(array([0.04431776]), array([-0.03981457]))","(array([0.04767413]), array([-0.04174683]))","(array([0.04775441]), array([-0.04691824]))","(array([0.04666871]), array([-0.05094795]))","(array([0.04902541]), array([-0.04975684]))","(array([0.05023268]), array([-0.04966476]))","(array([0.04673081]), array([-0.05488905]))","(array([0.04392864]), array([-0.05963939]))","(array([0.04458117]), array([-0.06149971]))","(array([0.0460896]), array([-0.06326765]))"
(0.035291976095669114+0j),[0.04306216],[1.],[0.36291811],[1.],"(array([0.12466565]), array([-0.02924408]))","(array([0.04767329]), array([-0.04174682]))","(array([0.04775362]), array([-0.04691827]))","(array([0.04666796]), array([-0.05094801]))","(array([0.0490247]), array([-0.04975698]))","(array([0.05023203]), array([-0.04966497]))","(array([0.04673018]), array([-0.05488924]))","(array([0.04392805]), array([-0.05963959]))","(array([0.04458062]), array([-0.06149994]))","(array([0.0460891]), array([-0.0632679]))","(array([0.04932859]), array([-0.0642989]))"
(0.03749579576908066+0j),[0.06474797],[1.],[0.37049784],[1.],"(array([0.13062095]), array([-0.03130188]))","(array([0.04775285]), array([-0.04691825]))","(array([0.04666723]), array([-0.05094802]))","(array([0.04902402]), array([-0.04975708]))","(array([0.05023139]), array([-0.04966512]))","(array([0.04672958]), array([-0.05488939]))","(array([0.04392747]), array([-0.05963974]))","(array([0.04458009]), array([-0.06150012]))","(array([0.04608861]), array([-0.06326812]))","(array([0.04932815]), array([-0.06429915]))","(array([0.05051976]), array([-0.06661304]))"
(0.04090492162697658+0j),[0.08478354],[1.],[0.38273737],[1.],"(array([0.1329835]), array([-0.03158537]))","(array([0.04666644]), array([-0.05094798]))","(array([0.04902327]), array([-0.04975713]))","(array([0.05023068]), array([-0.04966524]))","(array([0.0467289]), array([-0.05488951]))","(array([0.04392684]), array([-0.05963986]))","(array([0.0445795]), array([-0.06150029]))","(array([0.04608806]), array([-0.06326832]))","(array([0.04932765]), array([-0.0642994]))","(array([0.0505193]), array([-0.06661331]))","(array([0.05589433]), array([-0.06614623]))"
(0.04438309049715903+0j),[0.09405638],[1.],[0.39635904],[1.],"(array([0.13458093]), array([-0.03112135]))","(array([0.04902243]), array([-0.04975713]))","(array([0.05022988]), array([-0.04966532]))","(array([0.04672814]), array([-0.05488959]))","(array([0.04392612]), array([-0.05963995]))","(array([0.04457883]), array([-0.06150042]))","(array([0.04608744]), array([-0.06326851]))","(array([0.04932708]), array([-0.06429964]))","(array([0.05051877]), array([-0.06661358]))","(array([0.05589386]), array([-0.06614656]))","(array([0.06112796]), array([-0.0662237]))"
(0.04768304629209863+0j),[0.09632503],[1.],[0.41001372],[1.],"(array([0.13984516]), array([-0.02792812]))","(array([0.05022896]), array([-0.04966534]))","(array([0.04672726]), array([-0.05488961]))","(array([0.0439253]), array([-0.05963999]))","(array([0.04457806]), array([-0.06150052]))","(array([0.04608672]), array([-0.06326866]))","(array([0.04932641]), array([-0.06429986]))","(array([0.05051815]), array([-0.06661385]))","(array([0.0558933]), array([-0.06614689]))","(array([0.06112746]), array([-0.06622408]))","(array([0.06431626]), array([-0.06774118]))"
(0.04996311792238864+0j),[0.11794714],[1.],[0.41364785],[1.],"(array([0.14357126]), array([-0.02734736]))","(array([0.04672625]), array([-0.05488954]))","(array([0.04392434]), array([-0.05963994]))","(array([0.04457715]), array([-0.06150055]))","(array([0.04608586]), array([-0.06326877]))","(array([0.04932561]), array([-0.06430005]))","(array([0.0505174]), array([-0.06661409]))","(array([0.05589262]), array([-0.06614721]))","(array([0.06112685]), array([-0.06622448]))","(array([0.0643157]), array([-0.06774162]))","(array([0.06599955]), array([-0.0696788]))"
(0.052433114885936785+0j),[0.14458149],[1.],[0.41509611],[1.],"(array([0.14092614]), array([-0.02770121]))","(array([0.04392322]), array([-0.05963979]))","(array([0.04457609]), array([-0.0615005]))","(array([0.04608486]), array([-0.06326881]))","(array([0.04932466]), array([-0.0643002]))","(array([0.05051651]), array([-0.0666143]))","(array([0.0558918]), array([-0.06614753]))","(array([0.06112611]), array([-0.06622489]))","(array([0.06431502]), array([-0.06774209]))","(array([0.06599892]), array([-0.0696793]))","(array([0.07064616]), array([-0.06798648]))"
(0.05505973193147912+0j),[0.1510779],[1.],[0.42308306],[1.],"(array([0.13848081]), array([-0.02649029]))","(array([0.04457493]), array([-0.06150035]))","(array([0.04608376]), array([-0.06326877]))","(array([0.04932362]), array([-0.06430029]))","(array([0.05051552]), array([-0.06661446]))","(array([0.05589089]), array([-0.06614782]))","(array([0.06112527]), array([-0.06622528]))","(array([0.06431425]), array([-0.06774254]))","(array([0.06599821]), array([-0.0696798]))","(array([0.07064553]), array([-0.06798705]))","(array([0.0759875]), array([-0.06531573]))"
(0.05123328409102224+0j),[0.15182573],[1.],[0.4054803],[1.],"(array([0.13780179]), array([-0.02687907]))","(array([0.04608269]), array([-0.06326864]))","(array([0.04932259]), array([-0.06430029]))","(array([0.05051455]), array([-0.06661454]))","(array([0.05588998]), array([-0.06614803]))","(array([0.06112442]), array([-0.06622559]))","(array([0.06431346]), array([-0.06774293]))","(array([0.06599748]), array([-0.06968024]))","(array([0.07064488]), array([-0.06798757]))","(array([0.07598693]), array([-0.06531631]))","(array([0.07659669]), array([-0.06342729]))"
(0.04772776197950263+0j),[0.16672452],[1.],[0.38284261],[1.],"(array([0.13540448]), array([-0.02842873]))","(array([0.04932158]), array([-0.06430022]))","(array([0.05051359]), array([-0.06661455]))","(array([0.05588907]), array([-0.06614817]))","(array([0.06112357]), array([-0.06622585]))","(array([0.06431267]), array([-0.06774327]))","(array([0.06599675]), array([-0.06968064]))","(array([0.07064422]), array([-0.06798803]))","(array([0.07598635]), array([-0.06531685]))","(array([0.07659616]), array([-0.06342787]))","(array([0.07483349]), array([-0.059936]))"
(0.04452923884285273+0j),[0.16098318],[1.],[0.36951694],[1.],"(array([0.13359061]), array([-0.02614757]))","(array([0.05051266]), array([-0.06661452]))","(array([0.05588819]), array([-0.06614827]))","(array([0.06112274]), array([-0.06622606]))","(array([0.0643119]), array([-0.06774355]))","(array([0.06599602]), array([-0.06968098]))","(array([0.07064356]), array([-0.06798845]))","(array([0.07598576]), array([-0.06531735]))","(array([0.07659562]), array([-0.0634284]))","(array([0.07483299]), array([-0.05993655]))","(array([0.07517606]), array([-0.0539037]))"
(0.04513236394460535+0j),[0.16962315],[1.],[0.36832252],[1.],"(array([0.13383814]), array([-0.02966139]))","(array([0.05588735]), array([-0.06614832]))","(array([0.06112195]), array([-0.06622622]))","(array([0.06431115]), array([-0.06774379]))","(array([0.06599532]), array([-0.06968127]))","(array([0.07064293]), array([-0.06798882]))","(array([0.07598519]), array([-0.06531779]))","(array([0.07659509]), array([-0.06342888]))","(array([0.0748325]), array([-0.05993705]))","(array([0.07517562]), array([-0.05390423]))","(array([0.07366546]), array([-0.05368623]))"
(0.04548641907170119+0j),[0.18417724],[1.],[0.36274404],[1.],"(array([0.13881785]), array([-0.02730619]))","(array([0.0611212]), array([-0.06622633]))","(array([0.06431044]), array([-0.06774397]))","(array([0.06599465]), array([-0.06968151]))","(array([0.07064231]), array([-0.06798914]))","(array([0.07598463]), array([-0.06531819]))","(array([0.07659457]), array([-0.0634293]))","(array([0.07483202]), array([-0.0599375]))","(array([0.07517519]), array([-0.05390471]))","(array([0.07366506]), array([-0.05368671]))","(array([0.07510391]), array([-0.05239955]))"
(0.04564210790314919+0j),[0.16899181],[1.],[0.37053898],[1.],"(array([0.14269732]), array([-0.02418079]))","(array([0.06430978]), array([-0.0677441]))","(array([0.06599403]), array([-0.06968169]))","(array([0.07064174]), array([-0.0679894]))","(array([0.0759841]), array([-0.06531852]))","(array([0.07659408]), array([-0.06342967]))","(array([0.07483155]), array([-0.05993788]))","(array([0.07517477]), array([-0.05390512]))","(array([0.07366466]), array([-0.05368714]))","(array([0.07510356]), array([-0.0524]))","(array([0.07720096]), array([-0.04962481]))"
(0.04021607521545742+0j),[0.16101072],[1.],[0.34645449],[1.],"(array([0.14438615]), array([-0.02899345]))","(array([0.06599346]), array([-0.06968183]))","(array([0.07064121]), array([-0.0679896]))","(array([0.07598362]), array([-0.06531879]))","(array([0.07659363]), array([-0.06342998]))","(array([0.07483112]), array([-0.05993821]))","(array([0.07517438]), array([-0.05390548]))","(array([0.07366429]), array([-0.0536875]))","(array([0.07510323]), array([-0.05240038]))","(array([0.07720067]), array([-0.04962521]))","(array([0.07359759]), array([-0.04997333]))"
(0.03538491020236226+0j),[0.13881271],[1.],[0.33011557],[1.],"(array([0.14072384]), array([-0.0326205]))","(array([0.0706407]), array([-0.06798976]))","(array([0.07598315]), array([-0.06531902]))","(array([0.07659319]), array([-0.06343024]))","(array([0.07483071]), array([-0.05993849]))","(array([0.07517399]), array([-0.05390579]))","(array([0.07366393]), array([-0.05368782]))","(array([0.0751029]), array([-0.05240072]))","(array([0.07720038]), array([-0.04962558]))","(array([0.07359732]), array([-0.04997368]))","(array([0.06946159]), array([-0.04618817]))"
(0.030755441409412203+0j),[0.13680887],[1.],[0.30431946],[1.],"(array([0.14165918]), array([-0.03583377]))","(array([0.07598273]), array([-0.06531919]))","(array([0.07659278]), array([-0.06343045]))","(array([0.07483032]), array([-0.05993872]))","(array([0.07517364]), array([-0.05390605]))","(array([0.07366359]), array([-0.05368808]))","(array([0.07510259]), array([-0.05240101]))","(array([0.07720011]), array([-0.04962588]))","(array([0.07359706]), array([-0.04997398]))","(array([0.06946134]), array([-0.04618846]))","(array([0.06335746]), array([-0.04542615]))"
(0.029279089381305808+0j),[0.14783641],[1.],[0.29051687],[1.],"(array([0.143257]), array([-0.03365653]))","(array([0.07659243]), array([-0.06343059]))","(array([0.07482998]), array([-0.05993888]))","(array([0.07517331]), array([-0.05390624]))","(array([0.07366328]), array([-0.05368828]))","(array([0.0751023]), array([-0.05240123]))","(array([0.07719986]), array([-0.04962612]))","(array([0.07359681]), array([-0.04997422]))","(array([0.06946112]), array([-0.0461887]))","(array([0.06335724]), array([-0.04542637]))","(array([0.06105809]), array([-0.04243017]))"
(0.02795720232554027+0j),[0.14639123],[1.],[0.28333759],[1.],"(array([0.14082208]), array([-0.0293885]))","(array([0.07482965]), array([-0.05993901]))","(array([0.07517301]), array([-0.05390639]))","(array([0.07366299]), array([-0.05368844]))","(array([0.07510203]), array([-0.05240141]))","(array([0.07719961]), array([-0.04962633]))","(array([0.07359658]), array([-0.04997442]))","(array([0.06946089]), array([-0.04618889]))","(array([0.06335702]), array([-0.04542655]))","(array([0.06105789]), array([-0.04243036]))","(array([0.06159641]), array([-0.0386037]))"
(0.0267394311585928+0j),[0.15543558],[1.],[0.27083881],[1.],"(array([0.13752812]), array([-0.02630323]))","(array([0.07517273]), array([-0.05390649]))","(array([0.07366272]), array([-0.05368856]))","(array([0.07510178]), array([-0.05240154]))","(array([0.07719938]), array([-0.04962648]))","(array([0.07359636]), array([-0.04997458]))","(array([0.06946068]), array([-0.04618905]))","(array([0.06335681]), array([-0.04542669]))","(array([0.0610577]), array([-0.0424305]))","(array([0.06159624]), array([-0.03860385]))","(array([0.06047888]), array([-0.03748079]))"
(0.02857137604777601+0j),[0.15763698],[1.],[0.28269649],[1.],"(array([0.13748152]), array([-0.01843488]))","(array([0.07366249]), array([-0.05368863]))","(array([0.07510156]), array([-0.05240163]))","(array([0.07719918]), array([-0.04962659]))","(array([0.07359617]), array([-0.04997469]))","(array([0.0694605]), array([-0.04618916]))","(array([0.06335663]), array([-0.04542679]))","(array([0.06105753]), array([-0.0424306]))","(array([0.06159609]), array([-0.03860396]))","(array([0.06047875]), array([-0.0374809]))","(array([0.06187389]), array([-0.03622537]))"
(0.03044040381220155+0j),[0.14935528],[1.],[0.29948763],[1.],"(array([0.13860258]), array([-0.01774671]))","(array([0.07510138]), array([-0.05240168]))","(array([0.07719901]), array([-0.04962666]))","(array([0.073596]), array([-0.04997476]))","(array([0.06946034]), array([-0.04618923]))","(array([0.06335648]), array([-0.04542685]))","(array([0.06105739]), array([-0.04243066]))","(array([0.06159596]), array([-0.03860404]))","(array([0.06047863]), array([-0.03748098]))","(array([0.06187378]), array([-0.03622545]))","(array([0.06359679]), array([-0.03826897]))"
(0.03221564183089018+0j),[0.16848729],[1.],[0.30066441],[1.],"(array([0.14368705]), array([-0.01831784]))","(array([0.07719882]), array([-0.0496267]))","(array([0.07359582]), array([-0.04997479]))","(array([0.06946017]), array([-0.04618927]))","(array([0.06335631]), array([-0.04542689]))","(array([0.06105723]), array([-0.0424307]))","(array([0.06159581]), array([-0.03860409]))","(array([0.06047849]), array([-0.03748103]))","(array([0.06187366]), array([-0.03622552]))","(array([0.06359668]), array([-0.03826904]))","(array([0.06381042]), array([-0.04235518]))"
(0.030994113842810814+0j),[0.16680588],[1.],[0.29403698],[1.],"(array([0.14400298]), array([-0.01140541]))","(array([0.07359563]), array([-0.0499748]))","(array([0.06945998]), array([-0.04618927]))","(array([0.06335613]), array([-0.04542689]))","(array([0.06105707]), array([-0.04243071]))","(array([0.06159566]), array([-0.03860411]))","(array([0.06047835]), array([-0.03748106]))","(array([0.06187353]), array([-0.03622556]))","(array([0.06359656]), array([-0.0382691]))","(array([0.06381031]), array([-0.04235524]))","(array([0.06650278]), array([-0.03874363]))"
(0.029996683409177494+0j),[0.17937456],[1.],[0.28002041],[1.],"(array([0.13903378]), array([-0.01211586]))","(array([0.06945977]), array([-0.04618925]))","(array([0.06335593]), array([-0.04542686]))","(array([0.06105687]), array([-0.04243069]))","(array([0.06159547]), array([-0.0386041]))","(array([0.06047817]), array([-0.03748107]))","(array([0.06187337]), array([-0.03622559]))","(array([0.06359641]), array([-0.03826913]))","(array([0.06381018]), array([-0.04235528]))","(array([0.06650266]), array([-0.03874369]))","(array([0.06550595]), array([-0.03774183]))"
(0.029176173351269166+0j),[0.18355989],[1.],[0.27169169],[1.],"(array([0.13191982]), array([-0.0056626]))","(array([0.06335572]), array([-0.04542679]))","(array([0.06105666]), array([-0.04243063]))","(array([0.06159527]), array([-0.03860407]))","(array([0.06047798]), array([-0.03748104]))","(array([0.06187319]), array([-0.03622558]))","(array([0.06359624]), array([-0.03826915]))","(array([0.06381002]), array([-0.04235531]))","(array([0.06650251]), array([-0.03874374]))","(array([0.06550582]), array([-0.03774189]))","(array([0.06632718]), array([-0.0338289]))"
(0.029283093663330928+0j),[0.18198638],[1.],[0.27340976],[1.],"(array([0.12466752]), array([-0.00400196]))","(array([0.06105642]), array([-0.04243053]))","(array([0.06159504]), array([-0.038604]))","(array([0.06047776]), array([-0.03748099]))","(array([0.06187297]), array([-0.03622556]))","(array([0.06359604]), array([-0.03826914]))","(array([0.06380983]), array([-0.04235532]))","(array([0.06650234]), array([-0.03874377]))","(array([0.06550566]), array([-0.03774194]))","(array([0.06632704]), array([-0.03382896]))","(array([0.06653088]), array([-0.03238544]))"
(0.029394531191427525+0j),[0.20010319],[1.],[0.26116626],[1.],"(array([0.12280227]), array([-0.00142655]))","(array([0.06159478]), array([-0.03860389]))","(array([0.06047751]), array([-0.0374809]))","(array([0.06187273]), array([-0.0362255]))","(array([0.06359581]), array([-0.03826911]))","(array([0.06380962]), array([-0.0423553]))","(array([0.06650214]), array([-0.03874379]))","(array([0.06550547]), array([-0.03774197]))","(array([0.06632686]), array([-0.03382902]))","(array([0.06653072]), array([-0.03238552]))","(array([0.06638343]), array([-0.03297178]))"
(0.02939038582928851+0j),[0.19292576],[1.],[0.26638339],[1.],"(array([0.12063779]), array([0.00629098]))","(array([0.06047723]), array([-0.03748077]))","(array([0.06187246]), array([-0.0362254]))","(array([0.06359555]), array([-0.03826905]))","(array([0.06380937]), array([-0.04235526]))","(array([0.06650191]), array([-0.03874379]))","(array([0.06550525]), array([-0.03774199]))","(array([0.06632666]), array([-0.03382906]))","(array([0.06653053]), array([-0.03238558]))","(array([0.06638324]), array([-0.03297186]))","(array([0.06840161]), array([-0.02868565]))"
(0.027714876643434437+0j),[0.18341667],[1.],[0.26117481],[1.],"(array([0.1193283]), array([0.00581015]))","(array([0.06187216]), array([-0.03622526]))","(array([0.06359527]), array([-0.03826894]))","(array([0.0638091]), array([-0.04235518]))","(array([0.06650164]), array([-0.03874375]))","(array([0.065505]), array([-0.03774197]))","(array([0.06632642]), array([-0.03382908]))","(array([0.0665303]), array([-0.03238563]))","(array([0.06638303]), array([-0.03297193]))","(array([0.06840142]), array([-0.02868575]))","(array([0.06691656]), array([-0.02932143]))"
(0.026084801324061355+0j),[0.1945525],[1.],[0.24065571],[1.],"(array([0.11954812]), array([0.00495042]))","(array([0.06359495]), array([-0.03826879]))","(array([0.0638088]), array([-0.04235506]))","(array([0.06650135]), array([-0.03874368]))","(array([0.06550472]), array([-0.03774193]))","(array([0.06632615]), array([-0.03382908]))","(array([0.06653004]), array([-0.03238565]))","(array([0.06638278]), array([-0.03297198]))","(array([0.06840119]), array([-0.02868584]))","(array([0.06691634]), array([-0.02932153]))","(array([0.06449716]), array([-0.0293614]))"
(0.024638245988865243+0j),[0.19593238],[1.],[0.22799509],[1.],"(array([0.1167196]), array([0.00541262]))","(array([0.06380852]), array([-0.04235491]))","(array([0.06650107]), array([-0.03874359]))","(array([0.06550445]), array([-0.03774187]))","(array([0.06632589]), array([-0.03382906]))","(array([0.06652979]), array([-0.03238566]))","(array([0.06638254]), array([-0.03297201]))","(array([0.06840096]), array([-0.02868591]))","(array([0.06691613]), array([-0.02932161]))","(array([0.06449695]), array([-0.02936149]))","(array([0.06439153]), array([-0.02416693]))"
(0.024610816454960105+0j),[0.18721238],[1.],[0.23517489],[1.],"(array([0.11528939]), array([0.00173496]))","(array([0.06650084]), array([-0.03874348]))","(array([0.06550423]), array([-0.03774179]))","(array([0.06632567]), array([-0.03382901]))","(array([0.06652958]), array([-0.03238564]))","(array([0.06638233]), array([-0.03297201]))","(array([0.06840076]), array([-0.02868594]))","(array([0.06691593]), array([-0.02932166]))","(array([0.06449676]), array([-0.02936155]))","(array([0.06439136]), array([-0.02416701]))","(array([0.06392337]), array([-0.02253909]))"
(0.02442970428892319+0j),[0.18184463],[1.],[0.23818894],[1.],"(array([0.11949666]), array([0.00334161]))","(array([0.06550404]), array([-0.03774169]))","(array([0.06632547]), array([-0.03382895]))","(array([0.06652939]), array([-0.0323856]))","(array([0.06638215]), array([-0.03297199]))","(array([0.06840058]), array([-0.02868595]))","(array([0.06691576]), array([-0.02932169]))","(array([0.0644966]), array([-0.02936158]))","(array([0.0643912]), array([-0.02416707]))","(array([0.06392322]), array([-0.02253915]))","(array([0.06294467]), array([-0.02485341]))"
(0.024264440942790285+0j),[0.1670085],[1.],[0.2478262],[1.],"(array([0.11918838]), array([0.0031378]))","(array([0.06632531]), array([-0.03382887]))","(array([0.06652922]), array([-0.03238555]))","(array([0.06638198]), array([-0.03297196]))","(array([0.06840042]), array([-0.02868595]))","(array([0.0669156]), array([-0.02932169]))","(array([0.06449644]), array([-0.02936159]))","(array([0.06439105]), array([-0.0241671]))","(array([0.06392308]), array([-0.0225392]))","(array([0.06294454]), array([-0.02485346]))","(array([0.06224485]), array([-0.02605245]))"
(0.02585507785256824+0j),[0.17146642],[1.],[0.25712817],[1.],"(array([0.1236726]), array([0.00369077]))","(array([0.06652907]), array([-0.03238548]))","(array([0.06638183]), array([-0.03297191]))","(array([0.06840027]), array([-0.02868593]))","(array([0.06691546]), array([-0.02932168]))","(array([0.0644963]), array([-0.02936159]))","(array([0.06439091]), array([-0.02416712]))","(array([0.06392295]), array([-0.02253923]))","(array([0.06294441]), array([-0.0248535]))","(array([0.06224472]), array([-0.0260525]))","(array([0.06116661]), array([-0.03090458]))"
(0.02739145139483934+0j),[0.18201787],[1.],[0.26136045],[1.],"(array([0.1259071]), array([0.00607497]))","(array([0.06638169]), array([-0.03297185]))","(array([0.06840012]), array([-0.02868589]))","(array([0.06691531]), array([-0.02932166]))","(array([0.06449616]), array([-0.02936158]))","(array([0.06439078]), array([-0.02416713]))","(array([0.06392282]), array([-0.02253925]))","(array([0.06294428]), array([-0.02485352]))","(array([0.0622446]), array([-0.02605253]))","(array([0.0611665]), array([-0.03090461]))","(array([0.06299675]), array([-0.03219283]))"
(0.02889060694727254+0j),[0.18536981],[1.],[0.26974958],[1.],"(array([0.1266833]), array([0.0078191]))","(array([0.06839998]), array([-0.02868585]))","(array([0.06691517]), array([-0.02932163]))","(array([0.06449602]), array([-0.02936156]))","(array([0.06439064]), array([-0.02416712]))","(array([0.06392268]), array([-0.02253926]))","(array([0.06294415]), array([-0.02485353]))","(array([0.06224448]), array([-0.02605255]))","(array([0.06116637]), array([-0.03090464]))","(array([0.06299664]), array([-0.03219287]))","(array([0.06547681]), array([-0.03182742]))"
(0.030257200609672717+0j),[0.19028107],[1.],[0.27581123],[1.],"(array([0.13052941]), array([0.01273505]))","(array([0.06691501]), array([-0.02932157]))","(array([0.06449586]), array([-0.02936151]))","(array([0.06439048]), array([-0.0241671]))","(array([0.06392252]), array([-0.02253925]))","(array([0.062944]), array([-0.02485353]))","(array([0.06224433]), array([-0.02605256]))","(array([0.06116624]), array([-0.03090465]))","(array([0.06299651]), array([-0.03219289]))","(array([0.0654767]), array([-0.03182746]))","(array([0.06693628]), array([-0.03309541]))"
(0.03164952958690781+0j),[0.20223019],[1.],[0.27667546],[1.],"(array([0.13040403]), array([0.0131901]))","(array([0.0644957]), array([-0.02936144]))","(array([0.06439031]), array([-0.02416705]))","(array([0.06392236]), array([-0.02253922]))","(array([0.06294384]), array([-0.02485351]))","(array([0.06224418]), array([-0.02605255]))","(array([0.06116609]), array([-0.03090464]))","(array([0.06299637]), array([-0.03219291]))","(array([0.06547656]), array([-0.03182749]))","(array([0.06693616]), array([-0.03309545]))","(array([0.06856071]), array([-0.03372746]))"
(0.03304213321180807+0j),[0.2001431],[1.],[0.28717371],[1.],"(array([0.12822364]), array([0.01577334]))","(array([0.06439012]), array([-0.02416697]))","(array([0.06392217]), array([-0.02253916]))","(array([0.06294365]), array([-0.02485346]))","(array([0.06224399]), array([-0.02605251]))","(array([0.06116591]), array([-0.03090461]))","(array([0.0629962]), array([-0.0321929]))","(array([0.0654764]), array([-0.03182751]))","(array([0.06693601]), array([-0.03309548]))","(array([0.06856057]), array([-0.03372751]))","(array([0.07095184]), array([-0.03262286]))"
(0.029737130985066768+0j),[0.18648928],[1.],[0.27441224],[1.],"(array([0.12702836]), array([0.02038323]))","(array([0.06392195]), array([-0.02253905]))","(array([0.06294344]), array([-0.02485337]))","(array([0.06224378]), array([-0.02605244]))","(array([0.06116571]), array([-0.03090455]))","(array([0.062996]), array([-0.03219286]))","(array([0.06547621]), array([-0.0318275]))","(array([0.06693583]), array([-0.03309549]))","(array([0.0685604]), array([-0.03372754]))","(array([0.07095168]), array([-0.03262291]))","(array([0.06990073]), array([-0.03197146]))"
(0.026721612222156098+0j),[0.17432753],[1.],[0.26149613],[1.],"(array([0.12376563]), array([0.01897596]))","(array([0.0629432]), array([-0.02485325]))","(array([0.06224355]), array([-0.02605233]))","(array([0.06116549]), array([-0.03090445]))","(array([0.06299578]), array([-0.03219279]))","(array([0.065476]), array([-0.03182746]))","(array([0.06693562]), array([-0.03309548]))","(array([0.0685602]), array([-0.03372756]))","(array([0.0709515]), array([-0.03262295]))","(array([0.06990055]), array([-0.03197151]))","(array([0.06587489]), array([-0.03106892]))"
(0.024069422948139976+0j),[0.17467561],[1.],[0.24151694],[1.],"(array([0.11996885]), array([0.01404971]))","(array([0.06224331]), array([-0.0260522]))","(array([0.06116526]), array([-0.03090433]))","(array([0.06299556]), array([-0.0321927]))","(array([0.06547578]), array([-0.03182741]))","(array([0.06693541]), array([-0.03309545]))","(array([0.06856]), array([-0.03372756]))","(array([0.0709513]), array([-0.03262298]))","(array([0.06990037]), array([-0.03197156]))","(array([0.06587471]), array([-0.03106897]))","(array([0.06220376]), array([-0.02993448]))"
(0.02418897866034593+0j),[0.17392335],[1.],[0.24329957],[1.],"(array([0.11710575]), array([0.01296033]))","(array([0.06116503]), array([-0.03090419]))","(array([0.06299533]), array([-0.0321926]))","(array([0.06547555]), array([-0.03182734]))","(array([0.06693519]), array([-0.03309541]))","(array([0.06855978]), array([-0.03372754]))","(array([0.0709511]), array([-0.032623]))","(array([0.06990017]), array([-0.03197159]))","(array([0.06587453]), array([-0.03106902]))","(array([0.06220358]), array([-0.02993453]))","(array([0.06121705]), array([-0.02800629]))"
(0.024438131848534585+0j),[0.17416856],[1.],[0.24527134],[1.],"(array([0.11644265]), array([0.00806133]))","(array([0.0629951]), array([-0.03219247]))","(array([0.06547533]), array([-0.03182725]))","(array([0.06693497]), array([-0.03309535]))","(array([0.06855957]), array([-0.03372751]))","(array([0.0709509]), array([-0.032623]))","(array([0.06989998]), array([-0.03197162]))","(array([0.06587434]), array([-0.03106905]))","(array([0.0622034]), array([-0.02993456]))","(array([0.06121688]), array([-0.02800634]))","(array([0.06138392]), array([-0.02838934]))"
(0.024651584387453594+0j),[0.16029037],[1.],[0.25632607],[1.],"(array([0.11865974]), array([0.00685961]))","(array([0.06547511]), array([-0.03182715]))","(array([0.06693475]), array([-0.03309528]))","(array([0.06855936]), array([-0.03372747]))","(array([0.07095069]), array([-0.03262299]))","(array([0.06989978]), array([-0.03197163]))","(array([0.06587415]), array([-0.03106906]))","(array([0.06220322]), array([-0.02993459]))","(array([0.06121671]), array([-0.02800639]))","(array([0.06138376]), array([-0.0283894]))","(array([0.06165241]), array([-0.02868121]))"
(0.022654957533692923+0j),[0.15896638],[1.],[0.24220749],[1.],"(array([0.12167922]), array([0.0041674]))","(array([0.06693454]), array([-0.0330952]))","(array([0.06855915]), array([-0.03372742]))","(array([0.07095049]), array([-0.03262297]))","(array([0.06989958]), array([-0.03197162]))","(array([0.06587396]), array([-0.03106907]))","(array([0.06220303]), array([-0.0299346]))","(array([0.06121653]), array([-0.02800642]))","(array([0.06138359]), array([-0.02838945]))","(array([0.06165226]), array([-0.02868127]))","(array([0.05927426]), array([-0.03067716]))"
(0.02084092650695048+0j),[0.17185977],[1.],[0.21827216],[1.],"(array([0.11999919]), array([0.00264543]))","(array([0.06855895]), array([-0.03372735]))","(array([0.07095028]), array([-0.03262294]))","(array([0.06989938]), array([-0.03197161]))","(array([0.06587377]), array([-0.03106906]))","(array([0.06220285]), array([-0.02993461]))","(array([0.06121636]), array([-0.02800644]))","(array([0.06138342]), array([-0.02838949]))","(array([0.06165209]), array([-0.02868132]))","(array([0.0592741]), array([-0.03067721]))","(array([0.05748464]), array([-0.02808525]))"
(0.019248755603933118+0j),[0.1712692],[1.],[0.20472859],[1.],"(array([0.11632157]), array([0.00486984]))","(array([0.07095008]), array([-0.03262289]))","(array([0.06989919]), array([-0.03197158]))","(array([0.06587358]), array([-0.03106904]))","(array([0.06220266]), array([-0.0299346]))","(array([0.06121618]), array([-0.02800645]))","(array([0.06138325]), array([-0.02838951]))","(array([0.06165193]), array([-0.02868136]))","(array([0.05927394]), array([-0.03067726]))","(array([0.05748449]), array([-0.02808531]))","(array([0.05730749]), array([-0.02206527]))"
(0.021339276382372863+0j),[0.18123352],[1.],[0.2158523],[1.],"(array([0.11940392]), array([0.00581983]))","(array([0.069899]), array([-0.03197154]))","(array([0.06587339]), array([-0.03106901]))","(array([0.06220248]), array([-0.02993458]))","(array([0.061216]), array([-0.02800645]))","(array([0.06138309]), array([-0.02838953]))","(array([0.06165177]), array([-0.02868139]))","(array([0.05927379]), array([-0.03067729]))","(array([0.05748434]), array([-0.02808535]))","(array([0.05730736]), array([-0.02206533]))","(array([0.05751933]), array([-0.02274109]))"
(0.023450835093911233+0j),[0.1823976],[1.],[0.23303392],[1.],"(array([0.12080716]), array([0.00863935]))","(array([0.06587321]), array([-0.03106897]))","(array([0.06220231]), array([-0.02993454]))","(array([0.06121583]), array([-0.02800643]))","(array([0.06138292]), array([-0.02838953]))","(array([0.06165161]), array([-0.02868141]))","(array([0.05927363]), array([-0.03067732]))","(array([0.05748419]), array([-0.02808538]))","(array([0.05730722]), array([-0.02206538]))","(array([0.05751921]), array([-0.02274115]))","(array([0.06062419]), array([-0.02378251]))"
(0.025722293554031345+0j),[0.1774619],[1.],[0.25436742],[1.],"(array([0.12064005]), array([0.00976648]))","(array([0.06220211]), array([-0.02993449]))","(array([0.06121564]), array([-0.0280064]))","(array([0.06138273]), array([-0.02838952]))","(array([0.06165143]), array([-0.02868142]))","(array([0.05927346]), array([-0.03067733]))","(array([0.05748402]), array([-0.02808541]))","(array([0.05730706]), array([-0.02206543]))","(array([0.05751906]), array([-0.02274121]))","(array([0.06062406]), array([-0.02378259]))","(array([0.062748]), array([-0.02701196]))"
(0.02261301332583107+0j),[0.18656246],[1.],[0.22258593],[1.],"(array([0.11702652]), array([0.00978387]))","(array([0.0612154]), array([-0.02800635]))","(array([0.0613825]), array([-0.02838949]))","(array([0.0616512]), array([-0.02868141]))","(array([0.05927324]), array([-0.03067733]))","(array([0.05748382]), array([-0.02808543]))","(array([0.05730686]), array([-0.02206548]))","(array([0.05751887]), array([-0.02274127]))","(array([0.06062389]), array([-0.02378267]))","(array([0.06274785]), array([-0.02701205]))","(array([0.06180937]), array([-0.02762039]))"
(0.01997485003338379+0j),[0.19755664],[1.],[0.18778789],[1.],"(array([0.10907154]), array([0.01367252]))","(array([0.06138223]), array([-0.02838944]))","(array([0.06165094]), array([-0.02868139]))","(array([0.05927299]), array([-0.03067732]))","(array([0.05748357]), array([-0.02808543]))","(array([0.05730663]), array([-0.02206551]))","(array([0.05751865]), array([-0.02274133]))","(array([0.06062369]), array([-0.02378275]))","(array([0.06274766]), array([-0.02701215]))","(array([0.06180919]), array([-0.0276205]))","(array([0.06002309]), array([-0.02060548]))"
(0.017802839714452737+0j),[0.19895584],[1.],[0.16253271],[1.],"(array([0.10157852]), array([0.01572307]))","(array([0.06165067]), array([-0.02868134]))","(array([0.05927272]), array([-0.03067728]))","(array([0.05748331]), array([-0.02808542]))","(array([0.05730638]), array([-0.02206553]))","(array([0.05751841]), array([-0.02274137]))","(array([0.06062346]), array([-0.02378283]))","(array([0.06274746]), array([-0.02701225]))","(array([0.061809]), array([-0.0276206]))","(array([0.06002292]), array([-0.0206056]))","(array([0.05830078]), array([-0.01275503]))"
(0.01778729005922055+0j),[0.2043202],[1.],[0.15577339],[1.],"(array([0.09881693]), array([0.01575017]))","(array([0.05927247]), array([-0.03067724]))","(array([0.05748306]), array([-0.02808539]))","(array([0.05730614]), array([-0.02206554]))","(array([0.05751818]), array([-0.0227414]))","(array([0.06062325]), array([-0.02378288]))","(array([0.06274725]), array([-0.02701232]))","(array([0.06180881]), array([-0.02762069]))","(array([0.06002275]), array([-0.02060571]))","(array([0.05830062]), array([-0.01275516]))","(array([0.05706203]), array([-0.00997143]))"
(0.017843308611993583+0j),[0.19847604],[1.],[0.16389629],[1.],"(array([0.0950096]), array([0.01498184]))","(array([0.05748283]), array([-0.02808535]))","(array([0.05730591]), array([-0.02206553]))","(array([0.05751796]), array([-0.02274141]))","(array([0.06062304]), array([-0.02378292]))","(array([0.06274706]), array([-0.02701238]))","(array([0.06180863]), array([-0.02762076]))","(array([0.06002258]), array([-0.0206058]))","(array([0.05830047]), array([-0.01275527]))","(array([0.05706189]), array([-0.00997155]))","(array([0.05741055]), array([-0.00811997]))"
(0.01790113458508984+0j),[0.18726927],[1.],[0.17731957],[1.],"(array([0.09505024]), array([0.0162232]))","(array([0.05730567]), array([-0.02206551]))","(array([0.05751773]), array([-0.0227414]))","(array([0.06062282]), array([-0.02378295]))","(array([0.06274685]), array([-0.02701243]))","(array([0.06180843]), array([-0.02762083]))","(array([0.06002239]), array([-0.02060588]))","(array([0.0583003]), array([-0.01275538]))","(array([0.05706174]), array([-0.00997167]))","(array([0.05741041]), array([-0.0081201]))","(array([0.05715611]), array([-0.01038031]))"
(0.01922470732290387+0j),[0.16814386],[1.],[0.20833189],[1.],"(array([0.09937624]), array([0.01962881]))","(array([0.05751745]), array([-0.02274138]))","(array([0.06062255]), array([-0.02378297]))","(array([0.0627466]), array([-0.02701247]))","(array([0.06180819]), array([-0.02762088]))","(array([0.06002217]), array([-0.02060596]))","(array([0.0583001]), array([-0.01275549]))","(array([0.05706155]), array([-0.0099718]))","(array([0.05741024]), array([-0.00812025]))","(array([0.05715595]), array([-0.01038046]))","(array([0.05714373]), array([-0.0155873]))"
(0.02079291652132334+0j),[0.16583557],[1.],[0.22419339],[1.],"(array([0.10639275]), array([0.01476137]))","(array([0.06062224]), array([-0.02378296]))","(array([0.0627463]), array([-0.0270125]))","(array([0.0618079]), array([-0.02762093]))","(array([0.06002189]), array([-0.02060604]))","(array([0.05829984]), array([-0.0127556]))","(array([0.05706132]), array([-0.00997193]))","(array([0.05741003]), array([-0.00812041]))","(array([0.05715575]), array([-0.01038063]))","(array([0.05714354]), array([-0.01558748]))","(array([0.0569161]), array([-0.02357619]))"
(0.022347808251945264+0j),[0.17826224],[1.],[0.22801119],[1.],"(array([0.11289859]), array([0.01323672]))","(array([0.06274593]), array([-0.0270125]))","(array([0.06180755]), array([-0.02762096]))","(array([0.06002156]), array([-0.02060611]))","(array([0.05829953]), array([-0.01275571]))","(array([0.05706102]), array([-0.00997207]))","(array([0.05740976]), array([-0.00812059]))","(array([0.05715549]), array([-0.01038082]))","(array([0.05714329]), array([-0.01558767]))","(array([0.05691586]), array([-0.02357638]))","(array([0.05819831]), array([-0.02676316]))"
(0.023064596439359028+0j),[0.17056142],[1.],[0.23961182],[1.],"(array([0.11510036]), array([0.01281767]))","(array([0.06180709]), array([-0.02762095]))","(array([0.06002112]), array([-0.02060616]))","(array([0.05829911]), array([-0.01275582]))","(array([0.05706062]), array([-0.00997222]))","(array([0.05740939]), array([-0.00812078]))","(array([0.05715514]), array([-0.01038103]))","(array([0.05714296]), array([-0.01558789]))","(array([0.05691553]), array([-0.02357659]))","(array([0.05819802]), array([-0.02676339]))","(array([0.06067136]), array([-0.02542561]))"
(0.023839329438849245+0j),[0.15383477],[1.],[0.25648325],[1.],"(array([0.11673075]), array([0.01052787]))","(array([0.06002053]), array([-0.02060617]))","(array([0.05829855]), array([-0.01275591]))","(array([0.05706009]), array([-0.00997237]))","(array([0.05740889]), array([-0.00812099]))","(array([0.05715466]), array([-0.01038127]))","(array([0.0571425]), array([-0.01558813]))","(array([0.05691509]), array([-0.02357684]))","(array([0.05819761]), array([-0.02676367]))","(array([0.06067101]), array([-0.02542593]))","(array([0.06049993]), array([-0.02849142]))"
(0.024581782106452725+0j),[0.15217422],[1.],[0.26295214],[1.],"(array([0.11869736]), array([0.01369011]))","(array([0.05829785]), array([-0.01275597]))","(array([0.05705941]), array([-0.00997249]))","(array([0.05740826]), array([-0.0081212]))","(array([0.05715405]), array([-0.01038151]))","(array([0.05714191]), array([-0.01558839]))","(array([0.05691452]), array([-0.02357709]))","(array([0.05819709]), array([-0.02676396]))","(array([0.06067055]), array([-0.02542629]))","(array([0.0604995]), array([-0.02849179]))","(array([0.05904019]), array([-0.03366813]))"
(0.0234056606592317+0j),[0.14801099],[1.],[0.25687328],[1.],"(array([0.11696004]), array([0.02098394]))","(array([0.05705865]), array([-0.00997259]))","(array([0.05740753]), array([-0.00812139]))","(array([0.05715336]), array([-0.01038174]))","(array([0.05714124]), array([-0.01558864]))","(array([0.05691387]), array([-0.02357734]))","(array([0.05819648]), array([-0.02676426]))","(array([0.06067001]), array([-0.02542666]))","(array([0.060499]), array([-0.02849218]))","(array([0.05903971]), array([-0.03366851]))","(array([0.05855113]), array([-0.03393367]))"
(0.022304078152721903+0j),[0.14282279],[1.],[0.25178695],[1.],"(array([0.11441955]), array([0.02278678]))","(array([0.05740673]), array([-0.00812154]))","(array([0.05715258]), array([-0.01038193]))","(array([0.05714049]), array([-0.01558885]))","(array([0.05691315]), array([-0.02357756]))","(array([0.0581958]), array([-0.02676453]))","(array([0.0606694]), array([-0.02542701]))","(array([0.06049843]), array([-0.02849255]))","(array([0.05903917]), array([-0.03366889]))","(array([0.05855064]), array([-0.03393407]))","(array([0.05705134]), array([-0.03329701]))"
(0.021242944437721328+0j),[0.12709118],[1.],[0.25244614],[1.],"(array([0.11364489]), array([0.02345534]))","(array([0.05715171]), array([-0.01038209]))","(array([0.05713964]), array([-0.01558904]))","(array([0.05691234]), array([-0.02357775]))","(array([0.05819504]), array([-0.02676478]))","(array([0.06066871]), array([-0.02542736]))","(array([0.06049778]), array([-0.02849293]))","(array([0.05903855]), array([-0.03366927]))","(array([0.05855008]), array([-0.03393448]))","(array([0.05705084]), array([-0.03329745]))","(array([0.055466]), array([-0.03291597]))"
(0.02151941724008577+0j),[0.13943769],[1.],[0.24829126],[1.],"(array([0.11457558]), array([0.01779212]))","(array([0.05713864]), array([-0.01558919]))","(array([0.05691137]), array([-0.02357791]))","(array([0.05819413]), array([-0.02676501]))","(array([0.06066787]), array([-0.02542772]))","(array([0.06049699]), array([-0.02849332]))","(array([0.0590378]), array([-0.03366966]))","(array([0.05854939]), array([-0.03393492]))","(array([0.05705021]), array([-0.03329792]))","(array([0.05546544]), array([-0.03291646]))","(array([0.05311214]), array([-0.03564427]))"
(0.021833696954591784+0j),[0.12912565],[1.],[0.25635239],[1.],"(array([0.11364578]), array([0.01542699]))","(array([0.0569102]), array([-0.02357801]))","(array([0.05819302]), array([-0.02676522]))","(array([0.06066684]), array([-0.02542807]))","(array([0.06049602]), array([-0.02849373]))","(array([0.05903687]), array([-0.03367007]))","(array([0.05854854]), array([-0.03393539]))","(array([0.05704943]), array([-0.03329844]))","(array([0.05546473]), array([-0.03291701]))","(array([0.05311148]), array([-0.03564482]))","(array([0.05511505]), array([-0.03342954]))"
(0.02229081832796956+0j),[0.12494463],[1.],[0.26189185],[1.],"(array([0.11518963]), array([0.00536496]))","(array([0.05819165]), array([-0.02676538]))","(array([0.06066557]), array([-0.02542842]))","(array([0.06049481]), array([-0.02849413]))","(array([0.05903572]), array([-0.0336705]))","(array([0.05854747]), array([-0.03393589]))","(array([0.05704845]), array([-0.033299]))","(array([0.05546384]), array([-0.03291762]))","(array([0.05311065]), array([-0.03564544]))","(array([0.05511435]), array([-0.03343024]))","(array([0.05420581]), array([-0.03600121]))"
(0.022726431148386184+0j),[0.10607463],[1.],[0.27323408],[1.],"(array([0.11763859]), array([0.0013361]))","(array([0.06066397]), array([-0.02542873]))","(array([0.06049329]), array([-0.02849453]))","(array([0.05903427]), array([-0.03367091]))","(array([0.05854612]), array([-0.03393641]))","(array([0.05704721]), array([-0.0332996]))","(array([0.0554627]), array([-0.03291829]))","(array([0.05310959]), array([-0.03564612]))","(array([0.05511344]), array([-0.03343104]))","(array([0.05420498]), array([-0.03600203]))","(array([0.05406097]), array([-0.03743326]))"
(0.023058548616354032+0j),[0.11193281],[1.],[0.27334863],[1.],"(array([0.12254221]), array([-0.0015086]))","(array([0.06049141]), array([-0.0284949]))","(array([0.05903247]), array([-0.03367132]))","(array([0.05854444]), array([-0.03393695]))","(array([0.05704564]), array([-0.03330024]))","(array([0.05546126]), array([-0.03291902]))","(array([0.05310825]), array([-0.03564688]))","(array([0.05511228]), array([-0.03343196]))","(array([0.0542039]), array([-0.03600298]))","(array([0.05405999]), array([-0.03743425]))","(array([0.05165577]), array([-0.04162965]))"
(0.023421916197099754+0j),[0.13145486],[1.],[0.26720155],[1.],"(array([0.12239572]), array([-0.00321235]))","(array([0.05903028]), array([-0.03367165]))","(array([0.05854237]), array([-0.03393745]))","(array([0.05704371]), array([-0.03330088]))","(array([0.05545947]), array([-0.03291979]))","(array([0.05310658]), array([-0.03564768]))","(array([0.05511081]), array([-0.03343296]))","(array([0.05420255]), array([-0.03600403]))","(array([0.05405876]), array([-0.03743536]))","(array([0.0516546]), array([-0.04163074]))","(array([0.05284887]), array([-0.04097128]))"
(0.02591598119049994+0j),[0.14371921],[1.],[0.27833292],[1.],"(array([0.12117903]), array([-0.00397298]))","(array([0.05853987]), array([-0.03393788]))","(array([0.05704136]), array([-0.03330149]))","(array([0.05545728]), array([-0.03292055]))","(array([0.05310452]), array([-0.03564851]))","(array([0.05510898]), array([-0.03343404]))","(array([0.05420085]), array([-0.03600518]))","(array([0.0540572]), array([-0.03743659]))","(array([0.05165311]), array([-0.04163195]))","(array([0.05284758]), array([-0.04097259]))","(array([0.05679569]), array([-0.03897526]))"
(0.02840142364338924+0j),[0.1275315],[1.],[0.30191482],[1.],"(array([0.12312644]), array([-0.00154238]))","(array([0.05703852]), array([-0.03330205]))","(array([0.05545462]), array([-0.03292131]))","(array([0.05310202]), array([-0.03564934]))","(array([0.05510674]), array([-0.0334352]))","(array([0.05419876]), array([-0.03600643]))","(array([0.05405527]), array([-0.03743795]))","(array([0.05165128]), array([-0.04163329]))","(array([0.05284596]), array([-0.04097405]))","(array([0.05679436]), array([-0.0389769]))","(array([0.0603504]), array([-0.03973831]))"
(0.030983400520748758+0j),[0.13678246],[1.],[0.31348373],[1.],"(array([0.12682519]), array([-0.0044884]))","(array([0.05545152]), array([-0.032922]))","(array([0.05309911]), array([-0.03565014]))","(array([0.0551041]), array([-0.03343639]))","(array([0.05419628]), array([-0.03600773]))","(array([0.05405298]), array([-0.03743938]))","(array([0.0516491]), array([-0.04163471]))","(array([0.05284402]), array([-0.04097563]))","(array([0.05679274]), array([-0.0389787]))","(array([0.06034905]), array([-0.03974025]))","(array([0.05984872]), array([-0.04603284]))"
(0.028867168768046493+0j),[0.12129258],[1.],[0.30686263],[1.],"(array([0.1246392]), array([-0.00208675]))","(array([0.05309585]), array([-0.0356508]))","(array([0.05510113]), array([-0.0334375]))","(array([0.05419349]), array([-0.03600899]))","(array([0.05405038]), array([-0.0374408]))","(array([0.05164662]), array([-0.04163612]))","(array([0.0528418]), array([-0.04097723]))","(array([0.05679086]), array([-0.03898057]))","(array([0.06034745]), array([-0.03974229]))","(array([0.05984722]), array([-0.04603487]))","(array([0.06130014]), array([-0.04450338]))"
(0.02700755170884116+0j),[0.11816386],[1.],[0.29633622],[1.],"(array([0.12088458]), array([-0.00815228]))","(array([0.05509779]), array([-0.03343853]))","(array([0.05419034]), array([-0.03601018]))","(array([0.05404744]), array([-0.03744219]))","(array([0.05164381]), array([-0.04163751]))","(array([0.05283927]), array([-0.04097885]))","(array([0.05678868]), array([-0.0389825]))","(array([0.06034558]), array([-0.03974442]))","(array([0.05984545]), array([-0.046037]))","(array([0.06129865]), array([-0.04450562]))","(array([0.05771103]), array([-0.04496038]))"
(0.025202119156943346+0j),[0.11306954],[1.],[0.2866166],[1.],"(array([0.12052702]), array([-0.00667715]))","(array([0.05418705]), array([-0.03601127]))","(array([0.05404435]), array([-0.03744349]))","(array([0.05164087]), array([-0.04163882]))","(array([0.05283659]), array([-0.04098041]))","(array([0.05678636]), array([-0.0389844]))","(array([0.06034358]), array([-0.03974654]))","(array([0.05984356]), array([-0.04603912]))","(array([0.06129703]), array([-0.04450786]))","(array([0.0577095]), array([-0.0449626]))","(array([0.05589317]), array([-0.04328526]))"
(0.02285423116430125+0j),[0.12216105],[1.],[0.26668261],[1.],"(array([0.11691494]), array([-0.0103026]))","(array([0.05404137]), array([-0.03744462]))","(array([0.05163803]), array([-0.04163997]))","(array([0.052834]), array([-0.0409818]))","(array([0.0567841]), array([-0.03898613]))","(array([0.06034161]), array([-0.0397485]))","(array([0.05984169]), array([-0.04604109]))","(array([0.06129543]), array([-0.04450995]))","(array([0.05770799]), array([-0.04496466]))","(array([0.05589182]), array([-0.04328733]))","(array([0.05363069]), array([-0.04147189]))"
(0.02081950146402779+0j),[0.12821125],[1.],[0.24880544],[1.],"(array([0.11239026]), array([-0.00969627]))","(array([0.05163529]), array([-0.04164096]))","(array([0.05283149]), array([-0.04098304]))","(array([0.05678189]), array([-0.0389877]))","(array([0.06033967]), array([-0.0397503]))","(array([0.05983986]), array([-0.0460429]))","(array([0.06129384]), array([-0.0445119]))","(array([0.05770649]), array([-0.04496657]))","(array([0.05589048]), array([-0.04328926]))","(array([0.05362948]), array([-0.04147382]))","(array([0.05320749]), array([-0.03665946]))"
(0.01915742367360748+0j),[0.12641378],[1.],[0.23678905],[1.],"(array([0.10611099]), array([-0.01245502]))","(array([0.05282889]), array([-0.04098418]))","(array([0.05677958]), array([-0.03898919]))","(array([0.06033763]), array([-0.03975204]))","(array([0.05983792]), array([-0.04604466]))","(array([0.06129215]), array([-0.0445138]))","(array([0.05770488]), array([-0.04496846]))","(array([0.05588903]), array([-0.04329117]))","(array([0.05362818]), array([-0.04147573]))","(array([0.05320642]), array([-0.03666141]))","(array([0.05251579]), array([-0.03258639]))"
(0.016870897705582644+0j),[0.1266288],[1.],[0.21755047],[1.],"(array([0.10389455]), array([-0.01220498]))","(array([0.05677698]), array([-0.03899066]))","(array([0.06033531]), array([-0.0397538]))","(array([0.05983572]), array([-0.04604645]))","(array([0.06129021]), array([-0.04451576]))","(array([0.05770304]), array([-0.04497041]))","(array([0.05588735]), array([-0.04329315]))","(array([0.05362666]), array([-0.04147772]))","(array([0.05320515]), array([-0.03666347]))","(array([0.05251473]), array([-0.03258848]))","(array([0.05045871]), array([-0.02983654]))"
(0.014769392232113893+0j),[0.13951891],[1.],[0.18956835],[1.],"(array([0.10351379]), array([-0.01020679]))","(array([0.06033275]), array([-0.03975551]))","(array([0.05983329]), array([-0.04604822]))","(array([0.06128804]), array([-0.04451773]))","(array([0.05770097]), array([-0.04497236]))","(array([0.05588546]), array([-0.04329516]))","(array([0.05362494]), array([-0.04147974]))","(array([0.05320368]), array([-0.03666557]))","(array([0.05251349]), array([-0.03259063]))","(array([0.05045762]), array([-0.02983868]))","(array([0.04829859]), array([-0.0260851]))"
(0.013005316701860602+0j),[0.1294025],[1.],[0.17883707],[1.],"(array([0.10082809]), array([-0.00811141]))","(array([0.05983081]), array([-0.04604986]))","(array([0.06128583]), array([-0.04451959]))","(array([0.05769885]), array([-0.04497422]))","(array([0.05588352]), array([-0.04329707]))","(array([0.05362316]), array([-0.04148168]))","(array([0.05320215]), array([-0.0366676]))","(array([0.05251218]), array([-0.03259272]))","(array([0.05045645]), array([-0.02984076]))","(array([0.04829758]), array([-0.02608717]))","(array([0.04765494]), array([-0.0192494]))"
(0.011854590634925319+0j),[0.12839132],[1.],[0.16715778],[1.],"(array([0.09842075]), array([-0.01646809]))","(array([0.06128379]), array([-0.04452118]))","(array([0.05769691]), array([-0.04497581]))","(array([0.05588173]), array([-0.04329872]))","(array([0.05362152]), array([-0.04148336]))","(array([0.05320073]), array([-0.03666938]))","(array([0.05251096]), array([-0.03259455]))","(array([0.05045535]), array([-0.02984259]))","(array([0.04829662]), array([-0.02608899]))","(array([0.04765424]), array([-0.01925125]))","(array([0.04491587]), array([-0.01863025]))"
(0.010798690156828421+0j),[0.14424033],[1.],[0.14029081],[1.],"(array([0.0972705]), array([-0.0151963]))","(array([0.05769505]), array([-0.04497723]))","(array([0.05588001]), array([-0.0433002]))","(array([0.05361993]), array([-0.04148488]))","(array([0.05319935]), array([-0.03667098]))","(array([0.05250976]), array([-0.03259622]))","(array([0.05045426]), array([-0.02984426]))","(array([0.04829567]), array([-0.02609066]))","(array([0.04765354]), array([-0.01925296]))","(array([0.0449152]), array([-0.01863189]))","(array([0.04339164]), array([-0.01650394]))"
(0.010078935577324592+0j),[0.14723571],[1.],[0.12696422],[1.],"(array([0.08786317]), array([-0.01215532]))","(array([0.05587831]), array([-0.0433015]))","(array([0.05361836]), array([-0.04148622]))","(array([0.05319796]), array([-0.03667243]))","(array([0.05250854]), array([-0.03259773]))","(array([0.05045315]), array([-0.02984578]))","(array([0.04829469]), array([-0.02609218]))","(array([0.04765278]), array([-0.01925453]))","(array([0.04491447]), array([-0.0186334]))","(array([0.04339101]), array([-0.01650542]))","(array([0.04351065]), array([-0.00971637]))"
(0.011690505416348263+0j),[0.14295076],[1.],[0.15415889],[1.],"(array([0.08686982]), array([-0.00986338]))","(array([0.05361682]), array([-0.04148732]))","(array([0.05319658]), array([-0.03667363]))","(array([0.0525073]), array([-0.03259901]))","(array([0.05045202]), array([-0.02984709]))","(array([0.04829367]), array([-0.0260935]))","(array([0.04765196]), array([-0.0192559]))","(array([0.04491369]), array([-0.01863472]))","(array([0.04339032]), array([-0.01650671]))","(array([0.04351019]), array([-0.0097177]))","(array([0.04445575]), array([-0.01012128]))"
(0.013499399584763209+0j),[0.14870156],[1.],[0.17087709],[1.],"(array([0.09062955]), array([-0.00904187]))","(array([0.05319523]), array([-0.03667461]))","(array([0.05250607]), array([-0.03260007]))","(array([0.05045088]), array([-0.02984817]))","(array([0.04829263]), array([-0.02609461]))","(array([0.0476511]), array([-0.01925708]))","(array([0.04491287]), array([-0.01863586]))","(array([0.04338957]), array([-0.01650783]))","(array([0.04350966]), array([-0.00971888]))","(array([0.04445533]), array([-0.01012246]))","(array([0.04660645]), array([-0.0158321]))"
(0.015310703902014814+0j),[0.15660046],[1.],[0.18396633],[1.],"(array([0.09388041]), array([-0.00308947]))","(array([0.05250477]), array([-0.03260097]))","(array([0.05044966]), array([-0.02984911]))","(array([0.0482915]), array([-0.02609558]))","(array([0.04765014]), array([-0.01925814]))","(array([0.04491194]), array([-0.01863688]))","(array([0.04338873]), array([-0.01650885]))","(array([0.04350901]), array([-0.00971997]))","(array([0.04445479]), array([-0.01012356]))","(array([0.04660597]), array([-0.01583319]))","(array([0.04942958]), array([-0.01844266]))"
(0.017762287578440547+0j),[0.14727232],[1.],[0.21479067],[1.],"(array([0.0967747]), array([0.00261435]))","(array([0.05044828]), array([-0.02984993]))","(array([0.04829022]), array([-0.02609645]))","(array([0.04764902]), array([-0.01925913]))","(array([0.04491087]), array([-0.01863783]))","(array([0.04338774]), array([-0.0165098]))","(array([0.04350822]), array([-0.00972102]))","(array([0.0444541]), array([-0.01012464]))","(array([0.04660534]), array([-0.01583427]))","(array([0.04942909]), array([-0.01844377]))","(array([0.05263372]), array([-0.02073211]))"
(0.02046331879384035+0j),[0.14527412],[1.],[0.23884756],[1.],"(array([0.10152393]), array([0.00323925]))","(array([0.04828873]), array([-0.02609724]))","(array([0.0476477]), array([-0.01926006]))","(array([0.04490959]), array([-0.01863873]))","(array([0.04338656]), array([-0.01651072]))","(array([0.04350723]), array([-0.00972206]))","(array([0.04445323]), array([-0.01012572]))","(array([0.04660455]), array([-0.01583536]))","(array([0.04942843]), array([-0.0184449]))","(array([0.05263323]), array([-0.02073328]))","(array([0.05419531]), array([-0.02768923]))"
(0.023302097264959628+0j),[0.1378723],[1.],[0.26438267],[1.],"(array([0.10468416]), array([0.00645429]))","(array([0.0476463]), array([-0.01926083]))","(array([0.04490825]), array([-0.01863947]))","(array([0.0433853]), array([-0.01651149]))","(array([0.04350615]), array([-0.00972298]))","(array([0.04445227]), array([-0.0101267]))","(array([0.04660365]), array([-0.01583635]))","(array([0.04942768]), array([-0.01844595]))","(array([0.05263262]), array([-0.02073439]))","(array([0.05419478]), array([-0.02769033]))","(array([0.05638947]), array([-0.03256513]))"
(0.02367318250510743+0j),[0.14425555],[1.],[0.26346804],[1.],"(array([0.10770388]), array([0.01149349]))","(array([0.04490693]), array([-0.01864003]))","(array([0.04338406]), array([-0.01651207]))","(array([0.04350506]), array([-0.00972373]))","(array([0.04445128]), array([-0.0101275]))","(array([0.04660273]), array([-0.01583717]))","(array([0.04942688]), array([-0.01844685]))","(array([0.05263197]), array([-0.02073535]))","(array([0.05419418]), array([-0.0276913]))","(array([0.05638897]), array([-0.03256612]))","(array([0.056664]), array([-0.03663513]))"
(0.024088318677151412+0j),[0.14513135],[1.],[0.26578827],[1.],"(array([0.10482963]), array([0.01350277]))","(array([0.04338286]), array([-0.0165125]))","(array([0.04350399]), array([-0.00972431]))","(array([0.04445029]), array([-0.01012815]))","(array([0.04660181]), array([-0.01583785]))","(array([0.04942606]), array([-0.0184476]))","(array([0.05263128]), array([-0.02073618]))","(array([0.05419355]), array([-0.02769214]))","(array([0.05638843]), array([-0.03256699]))","(array([0.05666352]), array([-0.036636]))","(array([0.0577988]), array([-0.0358241]))"
(0.024498413801068267+0j),[0.13563719],[1.],[0.27346],[1.],"(array([0.1038532]), array([0.01577167]))","(array([0.04350291]), array([-0.00972477]))","(array([0.04444929]), array([-0.01012868]))","(array([0.04660087]), array([-0.01583841]))","(array([0.04942523]), array([-0.01844824]))","(array([0.05263056]), array([-0.0207369]))","(array([0.05419289]), array([-0.02769288]))","(array([0.05638784]), array([-0.03256776]))","(array([0.056663]), array([-0.03663679]))","(array([0.05779839]), array([-0.03582491]))","(array([0.05819492]), array([-0.03622765]))"
(0.02501523911928339+0j),[0.14268962],[1.],[0.27337113],[1.],"(array([0.10581448]), array([0.02030896]))","(array([0.04444825]), array([-0.01012913]))","(array([0.04659989]), array([-0.01583889]))","(array([0.04942434]), array([-0.01844881]))","(array([0.05262978]), array([-0.02073756]))","(array([0.05419217]), array([-0.02769356]))","(array([0.05638721]), array([-0.03256848]))","(array([0.05666243]), array([-0.03663753]))","(array([0.05779792]), array([-0.03582569]))","(array([0.05819454]), array([-0.03622845]))","(array([0.05716664]), array([-0.03894732]))"
(0.02546495457059251+0j),[0.13327155],[1.],[0.28105074],[1.],"(array([0.10671639]), array([0.02146634]))","(array([0.04659887]), array([-0.01583927]))","(array([0.04942341]), array([-0.01844929]))","(array([0.05262896]), array([-0.02073815]))","(array([0.05419141]), array([-0.02769417]))","(array([0.05638652]), array([-0.03256914]))","(array([0.05666181]), array([-0.03663821]))","(array([0.05779739]), array([-0.03582642]))","(array([0.05819409]), array([-0.03622921]))","(array([0.05716625]), array([-0.03894809]))","(array([0.05849738]), array([-0.03812882]))"
(0.025946120508585517+0j),[0.15598633],[1.],[0.2723848],[1.],"(array([0.11049966]), array([0.01382374]))","(array([0.04942248]), array([-0.01844969]))","(array([0.05262812]), array([-0.02073865]))","(array([0.05419063]), array([-0.0276947]))","(array([0.05638581]), array([-0.03256973]))","(array([0.05666116]), array([-0.03663882]))","(array([0.05779684]), array([-0.03582708]))","(array([0.05819362]), array([-0.03622991]))","(array([0.05716582]), array([-0.03894879]))","(array([0.05849706]), array([-0.03812955]))","(array([0.05764007]), array([-0.04050893]))"
(0.02675827632569211+0j),[0.16815614],[1.],[0.27066019],[1.],"(array([0.11170213]), array([0.01627194]))","(array([0.05262729]), array([-0.02073905]))","(array([0.05418985]), array([-0.02769514]))","(array([0.05638511]), array([-0.03257022]))","(array([0.05666052]), array([-0.03663935]))","(array([0.05779628]), array([-0.03582766]))","(array([0.05819313]), array([-0.03623053]))","(array([0.05716538]), array([-0.03894942]))","(array([0.0584967]), array([-0.03813022]))","(array([0.05763977]), array([-0.0405096]))","(array([0.06121035]), array([-0.03657559]))"
(0.027437584537741668+0j),[0.16203909],[1.],[0.27886127],[1.],"(array([0.11444487]), array([0.0167145]))","(array([0.05418909]), array([-0.02769548]))","(array([0.05638441]), array([-0.03257062]))","(array([0.05665987]), array([-0.03663978]))","(array([0.05779571]), array([-0.03582816]))","(array([0.05819262]), array([-0.03623107]))","(array([0.05716492]), array([-0.03894998]))","(array([0.05849632]), array([-0.03813081]))","(array([0.05763943]), array([-0.0405102]))","(array([0.06121013]), array([-0.03657622]))","(array([0.06334519]), array([-0.03480938]))"
(0.028194328295167295+0j),[0.16405626],[1.],[0.28259629],[1.],"(array([0.1177643]), array([0.00858047]))","(array([0.05638369]), array([-0.03257094]))","(array([0.05665921]), array([-0.03664015]))","(array([0.05779511]), array([-0.03582859]))","(array([0.05819208]), array([-0.03623154]))","(array([0.05716443]), array([-0.03895047]))","(array([0.05849591]), array([-0.03813134]))","(array([0.05763906]), array([-0.04051075]))","(array([0.06120986]), array([-0.03657681]))","(array([0.063345]), array([-0.03480999]))","(array([0.06320411]), array([-0.03692032]))"
(0.025091626683322522+0j),[0.1767543],[1.],[0.25240591],[1.],"(array([0.11774415]), array([0.00426828]))","(array([0.05665848]), array([-0.03664046]))","(array([0.05779445]), array([-0.03582898]))","(array([0.05819148]), array([-0.03623198]))","(array([0.05716387]), array([-0.03895094]))","(array([0.05849543]), array([-0.03813187]))","(array([0.05763863]), array([-0.04051129]))","(array([0.06120953]), array([-0.03657741]))","(array([0.06334476]), array([-0.03481061]))","(array([0.06320391]), array([-0.03692094]))","(array([0.06258455]), array([-0.03472065]))"
(0.022513589815406902+0j),[0.18194772],[1.],[0.22803562],[1.],"(array([0.11136805]), array([0.00309586]))","(array([0.05779375]), array([-0.0358293]))","(array([0.05819084]), array([-0.03623237]))","(array([0.05716327]), array([-0.03895136]))","(array([0.0584949]), array([-0.03813234]))","(array([0.05763815]), array([-0.04051179]))","(array([0.06120915]), array([-0.03657797]))","(array([0.06334446]), array([-0.03481121]))","(array([0.06320366]), array([-0.03692155]))","(array([0.06258435]), array([-0.03472126]))","(array([0.06176804]), array([-0.02751226]))"
(0.020247162614716256+0j),[0.17187902],[1.],[0.21658622],[1.],"(array([0.1071138]), array([0.00503413]))","(array([0.0581901]), array([-0.03623272]))","(array([0.05716258]), array([-0.03895174]))","(array([0.05849429]), array([-0.03813281]))","(array([0.05763758]), array([-0.04051228]))","(array([0.06120869]), array([-0.03657854]))","(array([0.06334409]), array([-0.03481182]))","(array([0.06320333]), array([-0.03692218]))","(array([0.06258409]), array([-0.0347219]))","(array([0.06176785]), array([-0.02751291]))","(array([0.06004942]), array([-0.02228125]))"
(0.019697498436220214+0j),[0.16688256],[1.],[0.21574518],[1.],"(array([0.10655728]), array([0.00242971]))","(array([0.05716177]), array([-0.03895209]))","(array([0.05849356]), array([-0.03813324]))","(array([0.0576369]), array([-0.04051275]))","(array([0.06120812]), array([-0.03657912]))","(array([0.06334361]), array([-0.03481246]))","(array([0.06320291]), array([-0.03692284]))","(array([0.06258372]), array([-0.03472258]))","(array([0.06176757]), array([-0.02751361]))","(array([0.06004921]), array([-0.02228195]))","(array([0.05766692]), array([-0.02255658]))"
(0.0192556542923398+0j),[0.16279971],[1.],[0.21504119],[1.],"(array([0.10536866]), array([-0.0013212]))","(array([0.05849271]), array([-0.03813362]))","(array([0.05763611]), array([-0.04051318]))","(array([0.06120743]), array([-0.03657967]))","(array([0.06334302]), array([-0.03481309]))","(array([0.06320237]), array([-0.0369235]))","(array([0.06258325]), array([-0.03472327]))","(array([0.06176719]), array([-0.02751433]))","(array([0.0600489]), array([-0.02228269]))","(array([0.05766663]), array([-0.02255731]))","(array([0.05669345]), array([-0.0229336]))"
(0.01878884302482971+0j),[0.16049793],[1.],[0.21271868],[1.],"(array([0.10651281]), array([-0.00141995]))","(array([0.05763519]), array([-0.04051357]))","(array([0.06120662]), array([-0.0365802]))","(array([0.06334231]), array([-0.03481373]))","(array([0.06320172]), array([-0.03692417]))","(array([0.06258267]), array([-0.03472398]))","(array([0.06176671]), array([-0.02751509]))","(array([0.06004849]), array([-0.02228347]))","(array([0.05766624]), array([-0.02255809]))","(array([0.0566931]), array([-0.02293438]))","(array([0.05580579]), array([-0.02323048]))"
(0.017171292579210864+0j),[0.14589335],[1.],[0.20868747],[1.],"(array([0.10383565]), array([-0.00424576]))","(array([0.06120569]), array([-0.03658068]))","(array([0.06334147]), array([-0.03481432]))","(array([0.06320095]), array([-0.03692481]))","(array([0.06258197]), array([-0.03472467]))","(array([0.0617661]), array([-0.02751584]))","(array([0.06004797]), array([-0.02228426]))","(array([0.05766575]), array([-0.02255887]))","(array([0.05669266]), array([-0.02293516]))","(array([0.05580539]), array([-0.02323126]))","(array([0.05450985]), array([-0.0218776]))"
(0.015507363544723166+0j),[0.15209229],[1.],[0.18811679],[1.],"(array([0.10643289]), array([-0.00361667]))","(array([0.06334053]), array([-0.03481485]))","(array([0.06320006]), array([-0.0369254]))","(array([0.06258116]), array([-0.03472533]))","(array([0.06176539]), array([-0.02751658]))","(array([0.06004733]), array([-0.02228504]))","(array([0.05766514]), array([-0.02255964]))","(array([0.0566921]), array([-0.02293595]))","(array([0.05580489]), array([-0.02323206]))","(array([0.05450941]), array([-0.0218784]))","(array([0.05116213]), array([-0.02268661]))"
(0.014017269755339694+0j),[0.17524484],[1.],[0.1488687],[1.],"(array([0.10399309]), array([-0.00052675]))","(array([0.06319917]), array([-0.03692592]))","(array([0.06258034]), array([-0.03472592]))","(array([0.06176465]), array([-0.02751724]))","(array([0.06004666]), array([-0.02228575]))","(array([0.05766451]), array([-0.02256036]))","(array([0.05669152]), array([-0.02293668]))","(array([0.05580436]), array([-0.0232328]))","(array([0.05450893]), array([-0.02187915]))","(array([0.05116166]), array([-0.02268732]))","(array([0.05002152]), array([-0.0180627]))"
(0.01254558235106735+0j),[0.17535367],[1.],[0.12842031],[1.],"(array([0.09458095]), array([0.00251002]))","(array([0.06257957]), array([-0.03472636]))","(array([0.06176395]), array([-0.02751776]))","(array([0.06004603]), array([-0.02228632]))","(array([0.0576639]), array([-0.02256093]))","(array([0.05669095]), array([-0.02293727]))","(array([0.05580383]), array([-0.0232334]))","(array([0.05450845]), array([-0.02187976]))","(array([0.0511612]), array([-0.02268791]))","(array([0.05002113]), array([-0.0180633]))","(array([0.04984416]), array([-0.00745997]))"
(0.01130230498194108+0j),[0.17479479],[1.],[0.1092475],[1.],"(array([0.08947902]), array([0.0046822]))","(array([0.0617633]), array([-0.02751816]))","(array([0.06004542]), array([-0.02228676]))","(array([0.05766332]), array([-0.02256138]))","(array([0.0566904]), array([-0.02293774]))","(array([0.05580332]), array([-0.02323388]))","(array([0.05450798]), array([-0.02188026]))","(array([0.05116074]), array([-0.02268838]))","(array([0.05002074]), array([-0.0180638]))","(array([0.04984389]), array([-0.00746051]))","(array([0.04757917]), array([-0.00359179]))"
(0.010153741915569042+0j),[0.17117037],[1.],[0.09385033],[1.],"(array([0.08446615]), array([0.0115902]))","(array([0.0600448]), array([-0.02228714]))","(array([0.05766272]), array([-0.02256176]))","(array([0.05668984]), array([-0.02293815]))","(array([0.0558028]), array([-0.02323431]))","(array([0.0545075]), array([-0.0218807]))","(array([0.05116027]), array([-0.0226888]))","(array([0.05002033]), array([-0.01806424]))","(array([0.04984359]), array([-0.00746101]))","(array([0.04757892]), array([-0.00359229]))","(array([0.04522087]), array([-0.00010748]))"
(0.010739818550390743+0j),[0.16994473],[1.],[0.10784078],[1.],"(array([0.0832079]), array([0.01589374]))","(array([0.05766206]), array([-0.0225621]))","(array([0.05668921]), array([-0.02293851]))","(array([0.05580221]), array([-0.0232347]))","(array([0.05450695]), array([-0.02188111]))","(array([0.05115973]), array([-0.0226892]))","(array([0.05001986]), array([-0.01806467]))","(array([0.04984323]), array([-0.00746151]))","(array([0.04757861]), array([-0.00359279]))","(array([0.0452206]), array([-0.00010798]))","(array([0.04464778]), array([-0.00096983]))"
(0.011460560333438705+0j),[0.16271906],[1.],[0.13007751],[1.],"(array([0.08395643]), array([0.01535216]))","(array([0.05668851]), array([-0.02293885]))","(array([0.05580155]), array([-0.02323506]))","(array([0.05450633]), array([-0.02188149]))","(array([0.05115913]), array([-0.02268956]))","(array([0.05001932]), array([-0.01806507]))","(array([0.04984281]), array([-0.007462]))","(array([0.04757823]), array([-0.00359329]))","(array([0.04522027]), array([-0.00010849]))","(array([0.0446475]), array([-0.00097034]))","(array([0.04598252]), array([-0.00381495]))"
(0.012364532495655828+0j),[0.15717876],[1.],[0.14923222],[1.],"(array([0.08789193]), array([0.01339302]))","(array([0.05580084]), array([-0.02323536]))","(array([0.05450566]), array([-0.02188183]))","(array([0.05115848]), array([-0.02268988]))","(array([0.05001873]), array([-0.01806544]))","(array([0.04984233]), array([-0.00746246]))","(array([0.0475778]), array([-0.00359377]))","(array([0.04521989]), array([-0.00010898]))","(array([0.04464716]), array([-0.00097083]))","(array([0.04598225]), array([-0.00381546]))","(array([0.04706663]), array([-0.00885753]))"
(0.011430987915514642+0j),[0.15702408],[1.],[0.13680487],[1.],"(array([0.08838837]), array([0.01188459]))","(array([0.054505]), array([-0.02188207]))","(array([0.05115785]), array([-0.02269011]))","(array([0.05001815]), array([-0.01806571]))","(array([0.04984183]), array([-0.00746283]))","(array([0.04757735]), array([-0.00359416]))","(array([0.04521949]), array([-0.00010939]))","(array([0.0446468]), array([-0.00097125]))","(array([0.04598195]), array([-0.0038159]))","(array([0.04706636]), array([-0.00885798]))","(array([0.04670906]), array([-0.01066215]))"
(0.01059603607253324+0j),[0.14039988],[1.],[0.142964],[1.],"(array([0.08439307]), array([0.0131721]))","(array([0.05115724]), array([-0.02269025]))","(array([0.05001757]), array([-0.01806591]))","(array([0.04984134]), array([-0.00746313]))","(array([0.04757689]), array([-0.00359448]))","(array([0.04521907]), array([-0.00010973]))","(array([0.04464642]), array([-0.00097161]))","(array([0.04598162]), array([-0.00381629]))","(array([0.04706606]), array([-0.00885837]))","(array([0.0467088]), array([-0.01066255]))","(array([0.04530228]), array([-0.00835721]))"
(0.00985906748274268+0j),[0.13426756],[1.],[0.13890465],[1.],"(array([0.08248258]), array([0.00872906]))","(array([0.05001694]), array([-0.01806606]))","(array([0.04984077]), array([-0.0074634]))","(array([0.04757636]), array([-0.00359478]))","(array([0.04521858]), array([-0.00011005]))","(array([0.04464597]), array([-0.00097195]))","(array([0.04598122]), array([-0.00381667]))","(array([0.04706571]), array([-0.00885876]))","(array([0.04670847]), array([-0.01066295]))","(array([0.04530201]), array([-0.00835763]))","(array([0.04287302]), array([-0.01141943]))"
(0.008864109365809397+0j),[0.13987189],[1.],[0.11803667],[1.],"(array([0.08003216]), array([0.01189163]))","(array([0.04984008]), array([-0.00746364]))","(array([0.04757571]), array([-0.00359505]))","(array([0.04521798]), array([-0.00011036]))","(array([0.04464541]), array([-0.00097229]))","(array([0.04598073]), array([-0.00381705]))","(array([0.04706525]), array([-0.00885916]))","(array([0.04670805]), array([-0.01066337]))","(array([0.04530164]), array([-0.00835806]))","(array([0.04287265]), array([-0.01141985]))","(array([0.04095218]), array([-0.01101571]))"
(0.00786140999206094+0j),[0.13787356],[1.],[0.1031772],[1.],"(array([0.07527356]), array([0.02346578]))","(array([0.04757497]), array([-0.0035953]))","(array([0.04521727]), array([-0.00011065]))","(array([0.04464476]), array([-0.00097261]))","(array([0.04598014]), array([-0.00381743]))","(array([0.0470647]), array([-0.00885957]))","(array([0.04670755]), array([-0.01066379]))","(array([0.0453012]), array([-0.00835852]))","(array([0.04287221]), array([-0.01142028]))","(array([0.04095177]), array([-0.01101614]))","(array([0.03950296]), array([-0.00656191]))"
(0.006954694480964886+0j),[0.13211392],[1.],[0.09342178],[1.],"(array([0.06979817]), array([0.0268002]))","(array([0.04521656]), array([-0.00011088]))","(array([0.04464409]), array([-0.00097288]))","(array([0.04597953]), array([-0.00381776]))","(array([0.04706413]), array([-0.00885992]))","(array([0.04670703]), array([-0.01066417]))","(array([0.04530073]), array([-0.00835893]))","(array([0.04287174]), array([-0.01142067]))","(array([0.04095133]), array([-0.01101654]))","(array([0.0395026]), array([-0.00656235]))","(array([0.03743541]), array([-0.00404867]))"
(0.006472018933061731+0j),[0.12633982],[1.],[0.09173582],[1.],"(array([0.06621835]), array([0.02893307]))","(array([0.04464349]), array([-0.00097306]))","(array([0.04597897]), array([-0.003818]))","(array([0.04706361]), array([-0.00886018]))","(array([0.04670654]), array([-0.01066446]))","(array([0.04530028]), array([-0.00835926]))","(array([0.04287131]), array([-0.01142097]))","(array([0.04095092]), array([-0.01101685]))","(array([0.03950226]), array([-0.0065627]))","(array([0.03743512]), array([-0.00404904]))","(array([0.03565414]), array([-0.0036666]))"
(0.006050919324948601+0j),[0.10961439],[1.],[0.10388606],[1.],"(array([0.06529023]), array([0.0268239]))","(array([0.04597846]), array([-0.00381816]))","(array([0.04706313]), array([-0.00886037]))","(array([0.04670609]), array([-0.01066468]))","(array([0.04529987]), array([-0.0083595]))","(array([0.0428709]), array([-0.0114212]))","(array([0.04095054]), array([-0.01101709]))","(array([0.03950192]), array([-0.00656299]))","(array([0.03743483]), array([-0.00404935]))","(array([0.03565388]), array([-0.00366691]))","(array([0.03439661]), array([-0.00398255]))"
(0.005707505233862584+0j),[0.10779787],[1.],[0.09968603],[1.],"(array([0.06926477]), array([0.02037322]))","(array([0.04706266]), array([-0.00886052]))","(array([0.04670564]), array([-0.01066485]))","(array([0.04529946]), array([-0.00835971]))","(array([0.04287049]), array([-0.01142139]))","(array([0.04095016]), array([-0.01101729]))","(array([0.03950159]), array([-0.00656323]))","(array([0.03743453]), array([-0.00404961]))","(array([0.03565362]), array([-0.00366719]))","(array([0.03439638]), array([-0.00398284]))","(array([0.03259386]), array([-0.00807122]))"
(0.00564376357251842+0j),[0.10275453],[1.],[0.10409277],[1.],"(array([0.0698555]), array([0.0150576]))","(array([0.04670519]), array([-0.010665]))","(array([0.04529904]), array([-0.00835989]))","(array([0.04287008]), array([-0.01142156]))","(array([0.04094977]), array([-0.01101748]))","(array([0.03950124]), array([-0.00656346]))","(array([0.03743422]), array([-0.00404987]))","(array([0.03565334]), array([-0.00366746]))","(array([0.03439614]), array([-0.00398313]))","(array([0.03259362]), array([-0.00807148]))","(array([0.03211047]), array([-0.00778048]))"
(0.005622864472997172+0j),[0.10549953],[1.],[0.10128598],[1.],"(array([0.07047608]), array([0.01218907]))","(array([0.04529859]), array([-0.00836006]))","(array([0.04286964]), array([-0.01142171]))","(array([0.04094935]), array([-0.01101764]))","(array([0.03950086]), array([-0.00656367]))","(array([0.03743388]), array([-0.00405011]))","(array([0.03565303]), array([-0.00366772]))","(array([0.03439586]), array([-0.0039834]))","(array([0.03259335]), array([-0.00807174]))","(array([0.03211023]), array([-0.00778075]))","(array([0.031678]), array([-0.00915951]))"
(0.005588063769635573+0j),[0.10381367],[1.],[0.10266025],[1.],"(array([0.06848761]), array([0.01504029]))","(array([0.04286915]), array([-0.01142185]))","(array([0.04094888]), array([-0.0110178]))","(array([0.03950044]), array([-0.00656388]))","(array([0.0374335]), array([-0.00405036]))","(array([0.03565269]), array([-0.00366799]))","(array([0.03439555]), array([-0.00398369]))","(array([0.03259304]), array([-0.00807201]))","(array([0.03210997]), array([-0.00778103]))","(array([0.03167777]), array([-0.0091598]))","(array([0.0318602]), array([-0.00838246]))"
(0.006417682623747983+0j),[0.10466576],[1.],[0.11696741],[1.],"(array([0.06797719]), array([0.01168258]))","(array([0.04094834]), array([-0.01101795]))","(array([0.03949995]), array([-0.0065641]))","(array([0.03743305]), array([-0.00405062]))","(array([0.03565227]), array([-0.00366827]))","(array([0.03439518]), array([-0.003984]))","(array([0.03259267]), array([-0.00807229]))","(array([0.03210965]), array([-0.00778134]))","(array([0.03167748]), array([-0.00916012]))","(array([0.03185996]), array([-0.0083828]))","(array([0.03256344]), array([-0.01019241]))"
(0.007347841841443707+0j),[0.09321678],[1.],[0.14014915],[1.],"(array([0.06924506]), array([0.01226233]))","(array([0.03949935]), array([-0.00656429]))","(array([0.0374325]), array([-0.00405086]))","(array([0.03565176]), array([-0.00366855]))","(array([0.03439471]), array([-0.00398431]))","(array([0.03259221]), array([-0.00807258]))","(array([0.03210924]), array([-0.00778166]))","(array([0.03167711]), array([-0.00916045]))","(array([0.03185965]), array([-0.00838316]))","(array([0.03256317]), array([-0.01019279]))","(array([0.03431008]), array([-0.01286604]))"
(0.008406705418681427+0j),[0.07931046],[1.],[0.16199719],[1.],"(array([0.0729246]), array([0.01408753]))","(array([0.03743184]), array([-0.00405108]))","(array([0.03565115]), array([-0.00366881]))","(array([0.03439414]), array([-0.00398461]))","(array([0.03259165]), array([-0.00807285]))","(array([0.03210874]), array([-0.00778198]))","(array([0.03167664]), array([-0.00916078]))","(array([0.03185925]), array([-0.00838354]))","(array([0.03256282]), array([-0.01019319]))","(array([0.03430979]), array([-0.01286647]))","(array([0.03459811]), array([-0.01862174]))"
(0.009255918819847135+0j),[0.09100118],[1.],[0.16620849],[1.],"(array([0.07525493]), array([0.01348044]))","(array([0.03565045]), array([-0.00366902]))","(array([0.03439349]), array([-0.00398488]))","(array([0.03259102]), array([-0.00807309]))","(array([0.03210816]), array([-0.00778227]))","(array([0.03167611]), array([-0.0091611]))","(array([0.03185878]), array([-0.00838391]))","(array([0.0325624]), array([-0.01019359]))","(array([0.03430943]), array([-0.0128669]))","(array([0.03459776]), array([-0.01862216]))","(array([0.03409479]), array([-0.02399056]))"
(0.010100710531026165+0j),[0.08569411],[1.],[0.17859495],[1.],"(array([0.07443964]), array([0.01642365]))","(array([0.03439279]), array([-0.00398512]))","(array([0.03259035]), array([-0.0080733]))","(array([0.03210754]), array([-0.00778254]))","(array([0.03167553]), array([-0.00916139]))","(array([0.03185827]), array([-0.00838426]))","(array([0.03256194]), array([-0.01019399]))","(array([0.03430903]), array([-0.01286733]))","(array([0.03459738]), array([-0.01862259]))","(array([0.03409442]), array([-0.02399098]))","(array([0.03679589]), array([-0.02354664]))"
(0.011009653416611387+0j),[0.07904909],[1.],[0.1912157],[1.],"(array([0.07593244]), array([0.01494837]))","(array([0.03258967]), array([-0.00807346]))","(array([0.03210692]), array([-0.00778276]))","(array([0.03167494]), array([-0.00916164]))","(array([0.03185775]), array([-0.00838458]))","(array([0.03256147]), array([-0.01019434]))","(array([0.0343086]), array([-0.01286772]))","(array([0.03459698]), array([-0.01862298]))","(array([0.03409404]), array([-0.02399136]))","(array([0.03679559]), array([-0.02354706]))","(array([0.03716721]), array([-0.02650816]))"
(0.012834185249905965+0j),[0.0897166],[1.],[0.20464764],[1.],"(array([0.07780495]), array([0.00949832]))","(array([0.03210631]), array([-0.00778293]))","(array([0.03167438]), array([-0.00916184]))","(array([0.03185723]), array([-0.00838484]))","(array([0.032561]), array([-0.01019464]))","(array([0.03430818]), array([-0.01286806]))","(array([0.03459657]), array([-0.01862332]))","(array([0.03409366]), array([-0.02399169]))","(array([0.03679528]), array([-0.02354744]))","(array([0.03716694]), array([-0.02650855]))","(array([0.03782566]), array([-0.0303722]))"
(0.01468324541308366+0j),[0.09331225],[1.],[0.21997699],[1.],"(array([0.0802749]), array([0.01212686]))","(array([0.03167382]), array([-0.00916199]))","(array([0.03185672]), array([-0.00838506]))","(array([0.03256053]), array([-0.0101949]))","(array([0.03430776]), array([-0.01286836]))","(array([0.03459617]), array([-0.01862362]))","(array([0.03409327]), array([-0.02399199]))","(array([0.03679495]), array([-0.02354778]))","(array([0.03716665]), array([-0.0265089]))","(array([0.0378254]), array([-0.03037256]))","(array([0.04132707]), array([-0.03176078]))"
(0.016590947300611857+0j),[0.09794607],[1.],[0.23420031],[1.],"(array([0.08321086]), array([0.01157118]))","(array([0.03185619]), array([-0.00838523]))","(array([0.03256003]), array([-0.01019512]))","(array([0.0343073]), array([-0.01286863]))","(array([0.03459573]), array([-0.01862389]))","(array([0.03409285]), array([-0.02399225]))","(array([0.0367946]), array([-0.0235481]))","(array([0.03716633]), array([-0.02650923]))","(array([0.03782512]), array([-0.03037291]))","(array([0.04132684]), array([-0.03176115]))","(array([0.04372436]), array([-0.03426625]))"
(0.018084814763328724+0j),[0.113872],[1.],[0.23913427],[1.],"(array([0.08614205]), array([0.01334738]))","(array([0.03255947]), array([-0.0101953]))","(array([0.03430678]), array([-0.01286887]))","(array([0.03459523]), array([-0.01862414]))","(array([0.03409238]), array([-0.0239925]))","(array([0.03679419]), array([-0.02354841]))","(array([0.03716595]), array([-0.02650956]))","(array([0.03782477]), array([-0.03037325]))","(array([0.04132656]), array([-0.03176153]))","(array([0.04372412]), array([-0.03426664]))","(array([0.04596434]), array([-0.03614708]))"
(0.019509631383360097+0j),[0.11445027],[1.],[0.2499211],[1.],"(array([0.08790361]), array([0.01508251]))","(array([0.03430618]), array([-0.01286909]))","(array([0.03459466]), array([-0.01862436]))","(array([0.03409183]), array([-0.02399272]))","(array([0.03679371]), array([-0.02354871]))","(array([0.03716551]), array([-0.02650989]))","(array([0.03782436]), array([-0.03037359]))","(array([0.04132621]), array([-0.03176191]))","(array([0.04372382]), array([-0.03426705]))","(array([0.04596409]), array([-0.03614751]))","(array([0.04956374]), array([-0.03529101]))"
(0.02090749119969796+0j),[0.10980479],[1.],[0.26225234],[1.],"(array([0.09197017]), array([0.01259966]))","(array([0.03459399]), array([-0.01862455]))","(array([0.0340912]), array([-0.02399292]))","(array([0.03679314]), array([-0.023549]))","(array([0.03716498]), array([-0.02651021]))","(array([0.03782387]), array([-0.03037393]))","(array([0.04132578]), array([-0.03176231]))","(array([0.04372345]), array([-0.03426748]))","(array([0.04596377]), array([-0.03614796]))","(array([0.0495635]), array([-0.03529149]))","(array([0.05088908]), array([-0.03720461]))"
(0.021340183359750405+0j),[0.10387257],[1.],[0.26757994],[1.],"(array([0.09412961]), array([0.00596049]))","(array([0.03409048]), array([-0.02399308]))","(array([0.03679249]), array([-0.02354927]))","(array([0.03716437]), array([-0.02651051]))","(array([0.0378233]), array([-0.03037427]))","(array([0.04132528]), array([-0.03176271]))","(array([0.043723]), array([-0.03426792]))","(array([0.04596339]), array([-0.03614844]))","(array([0.0495632]), array([-0.03529201]))","(array([0.05088883]), array([-0.03720514]))","(array([0.05105958]), array([-0.03926741]))"
(0.021838463196436602+0j),[0.07924957],[1.],[0.27912431],[1.],"(array([0.09480541]), array([-0.00058358]))","(array([0.03679176]), array([-0.0235495]))","(array([0.03716369]), array([-0.02651079]))","(array([0.03782266]), array([-0.03037457]))","(array([0.04132471]), array([-0.0317631]))","(array([0.04372249]), array([-0.03426836]))","(array([0.04596293]), array([-0.03614891]))","(array([0.04956283]), array([-0.03529254]))","(array([0.05088851]), array([-0.03720568]))","(array([0.0510593]), array([-0.03926796]))","(array([0.05063116]), array([-0.04087656]))"
(0.0222290183833918+0j),[0.07926463],[1.],[0.28162247],[1.],"(array([0.09997719]), array([-0.00556585]))","(array([0.03716289]), array([-0.02651101]))","(array([0.03782191]), array([-0.03037485]))","(array([0.04132402]), array([-0.03176347]))","(array([0.04372186]), array([-0.03426879]))","(array([0.04596237]), array([-0.0361494]))","(array([0.04956236]), array([-0.03529309]))","(array([0.0508881]), array([-0.03720626]))","(array([0.05105894]), array([-0.03926855]))","(array([0.05063083]), array([-0.04087715]))","(array([0.04716757]), array([-0.04572901]))"
(0.024515131892744506+0j),[0.07937528],[1.],[0.2964856],[1.],"(array([0.10229267]), array([-0.00845411]))","(array([0.03782099]), array([-0.03037508]))","(array([0.04132318]), array([-0.03176383]))","(array([0.04372108]), array([-0.03426923]))","(array([0.04596166]), array([-0.03614991]))","(array([0.04956176]), array([-0.03529369]))","(array([0.05088756]), array([-0.0372069]))","(array([0.05105845]), array([-0.03926921]))","(array([0.05063039]), array([-0.04087782]))","(array([0.04716713]), array([-0.04572965]))","(array([0.04820325]), array([-0.04737633]))"
(0.026799826970333736+0j),[0.07363967],[1.],[0.31193836],[1.],"(array([0.10618444]), array([-0.01220409]))","(array([0.04132217]), array([-0.03176417]))","(array([0.04372014]), array([-0.03426968]))","(array([0.0459608]), array([-0.03615044]))","(array([0.04956101]), array([-0.03529433]))","(array([0.05088689]), array([-0.03720759]))","(array([0.05105784]), array([-0.03926993]))","(array([0.05062982]), array([-0.04087855]))","(array([0.04716656]), array([-0.04573036]))","(array([0.04820274]), array([-0.04737705]))","(array([0.04991896]), array([-0.05011983]))"
(0.028942706613843246+0j),[0.11015033],[1.],[0.31386696],[1.],"(array([0.11298218]), array([-0.01482404]))","(array([0.04371915]), array([-0.03427006]))","(array([0.04595988]), array([-0.03615092]))","(array([0.0495602]), array([-0.03529494]))","(array([0.05088615]), array([-0.03720826]))","(array([0.05105717]), array([-0.03927062]))","(array([0.0506292]), array([-0.04087927]))","(array([0.04716593]), array([-0.04573104]))","(array([0.04820218]), array([-0.04737775]))","(array([0.04991846]), array([-0.05012055]))","(array([0.05050134]), array([-0.05359011]))"
(0.02945989020461346+0j),[0.09924818],[1.],[0.32022426],[1.],"(array([0.11473371]), array([-0.00924331]))","(array([0.045959]), array([-0.03615132]))","(array([0.04955941]), array([-0.03529546]))","(array([0.05088543]), array([-0.03720884]))","(array([0.0510565]), array([-0.03927124]))","(array([0.05062858]), array([-0.04087991]))","(array([0.04716532]), array([-0.04573165]))","(array([0.04820163]), array([-0.04737838]))","(array([0.04991796]), array([-0.05012119]))","(array([0.05050089]), array([-0.05359075]))","(array([0.0571818]), array([-0.04898771]))"
(0.029881766884339443+0j),[0.09616704],[1.],[0.32333365],[1.],"(array([0.11831428]), array([-0.01347708]))","(array([0.04955863]), array([-0.03529591]))","(array([0.05088472]), array([-0.03720936]))","(array([0.05105584]), array([-0.03927179]))","(array([0.05062796]), array([-0.04088048]))","(array([0.0471647]), array([-0.0457322]))","(array([0.04820107]), array([-0.04737896]))","(array([0.04991746]), array([-0.05012178]))","(array([0.05050043]), array([-0.05359135]))","(array([0.05718146]), array([-0.04898835]))","(array([0.0558148]), array([-0.05132496]))"
(0.030134393225112834+0j),[0.090707],[1.],[0.3261056],[1.],"(array([0.12250991]), array([-0.01331983]))","(array([0.05088404]), array([-0.03720979]))","(array([0.0510552]), array([-0.03927227]))","(array([0.05062736]), array([-0.04088098]))","(array([0.04716411]), array([-0.04573268]))","(array([0.04820052]), array([-0.04737946]))","(array([0.04991696]), array([-0.05012231]))","(array([0.05049997]), array([-0.05359188]))","(array([0.05718112]), array([-0.04898893]))","(array([0.05581449]), array([-0.05132553]))","(array([0.05550815]), array([-0.05219007]))"
(0.030708494000114318+0j),[0.08734142],[1.],[0.33006204],[1.],"(array([0.12465304]), array([-0.01638837]))","(array([0.05105459]), array([-0.03927266]))","(array([0.05062678]), array([-0.04088141]))","(array([0.04716354]), array([-0.04573308]))","(array([0.0482]), array([-0.04737989]))","(array([0.04991649]), array([-0.05012276]))","(array([0.05049954]), array([-0.05359233]))","(array([0.05718077]), array([-0.04898944]))","(array([0.05581417]), array([-0.05132604]))","(array([0.05550788]), array([-0.05219057]))","(array([0.05491698]), array([-0.05347551]))"
(0.03126389769810295+0j),[0.10099163],[1.],[0.32908379],[1.],"(array([0.12568645]), array([-0.01914278]))","(array([0.05062625]), array([-0.04088175]))","(array([0.047163]), array([-0.04573342]))","(array([0.04819951]), array([-0.04738025]))","(array([0.04991604]), array([-0.05012314]))","(array([0.05049912]), array([-0.05359273]))","(array([0.05718044]), array([-0.04898988]))","(array([0.05581387]), array([-0.05132648]))","(array([0.0555076]), array([-0.05219101]))","(array([0.05491674]), array([-0.05347594]))","(array([0.05474945]), array([-0.05456848]))"
(0.03184902190057069+0j),[0.09865728],[1.],[0.33284984],[1.],"(array([0.12505012]), array([-0.01771325]))","(array([0.04716251]), array([-0.04573368]))","(array([0.04819904]), array([-0.04738056]))","(array([0.04991561]), array([-0.05012347]))","(array([0.05049872]), array([-0.05359306]))","(array([0.05718012]), array([-0.04899028]))","(array([0.05581357]), array([-0.05132686]))","(array([0.05550733]), array([-0.0521914]))","(array([0.0549165]), array([-0.05347632]))","(array([0.05474924]), array([-0.05456885]))","(array([0.05727691]), array([-0.05286901]))"
(0.03159723405075292+0j),[0.11167349],[1.],[0.32701675],[1.],"(array([0.12186367]), array([-0.02296324]))","(array([0.04819862]), array([-0.0473808]))","(array([0.0499152]), array([-0.05012375]))","(array([0.05049834]), array([-0.05359335]))","(array([0.05717981]), array([-0.04899062]))","(array([0.05581327]), array([-0.05132721]))","(array([0.05550707]), array([-0.05219174]))","(array([0.05491626]), array([-0.05347666]))","(array([0.05474903]), array([-0.05456919]))","(array([0.05727674]), array([-0.05286935]))","(array([0.05707075]), array([-0.05330816]))"
(0.03137724884963038+0j),[0.15068316],[1.],[0.309397],[1.],"(array([0.12159196]), array([-0.0217072]))","(array([0.04991485]), array([-0.05012396]))","(array([0.05049799]), array([-0.05359359]))","(array([0.05717952]), array([-0.0489909]))","(array([0.05581301]), array([-0.05132749]))","(array([0.05550683]), array([-0.05219203]))","(array([0.05491604]), array([-0.05347695]))","(array([0.05474884]), array([-0.05456948]))","(array([0.05727659]), array([-0.05286964]))","(array([0.05707061]), array([-0.05330845]))","(array([0.05893096]), array([-0.05072392]))"
(0.031249745179435986+0j),[0.14934578],[1.],[0.3090114],[1.],"(array([0.11939114]), array([-0.0158041]))","(array([0.05049769]), array([-0.05359376]))","(array([0.05717925]), array([-0.04899115]))","(array([0.05581275]), array([-0.05132774]))","(array([0.0555066]), array([-0.05219228]))","(array([0.05491583]), array([-0.0534772]))","(array([0.05474865]), array([-0.05456972]))","(array([0.05727643]), array([-0.0528699]))","(array([0.05707048]), array([-0.0533087]))","(array([0.05893085]), array([-0.05072418]))","(array([0.06446024]), array([-0.04300849]))"
(0.03373908553927539+0j),[0.14464794],[1.],[0.32555251],[1.],"(array([0.12159812]), array([-0.01948467]))","(array([0.05717901]), array([-0.04899133]))","(array([0.0558125]), array([-0.05132796]))","(array([0.05550637]), array([-0.0521925]))","(array([0.05491563]), array([-0.05347742]))","(array([0.05474846]), array([-0.05456995]))","(array([0.05727628]), array([-0.05287012]))","(array([0.05707034]), array([-0.05330893]))","(array([0.05893074]), array([-0.05072441]))","(array([0.06446018]), array([-0.04300873]))","(array([0.0650897]), array([-0.04452038]))"
(0.03585655637980722+0j),[0.14048593],[1.],[0.33884812],[1.],"(array([0.13173892]), array([-0.0160317]))","(array([0.05581234]), array([-0.05132807]))","(array([0.05550617]), array([-0.05219266]))","(array([0.05491546]), array([-0.05347758]))","(array([0.05474831]), array([-0.05457011]))","(array([0.05727615]), array([-0.0528703]))","(array([0.05707023]), array([-0.05330911]))","(array([0.05893065]), array([-0.05072459]))","(array([0.06446012]), array([-0.04300891]))","(array([0.06508965]), array([-0.04452056]))","(array([0.0658239]), array([-0.04809102]))"
(0.03801758902249251+0j),[0.16376393],[1.],[0.33977727],[1.],"(array([0.13331097]), array([-0.01923383]))","(array([0.05550603]), array([-0.05219276]))","(array([0.05491526]), array([-0.05347773]))","(array([0.05474814]), array([-0.05457027]))","(array([0.05727602]), array([-0.05287046]))","(array([0.0570701]), array([-0.05330929]))","(array([0.05893054]), array([-0.05072478]))","(array([0.06446005]), array([-0.04300911]))","(array([0.06508958]), array([-0.04452076]))","(array([0.06582384]), array([-0.04809122]))","(array([0.06654376]), array([-0.05106872]))"
(0.035522616398040184+0j),[0.17276514],[1.],[0.3207693],[1.],"(array([0.13034976]), array([-0.0149613]))","(array([0.05491508]), array([-0.0534778]))","(array([0.0547479]), array([-0.05457044]))","(array([0.05727582]), array([-0.05287063]))","(array([0.05706993]), array([-0.05330947]))","(array([0.05893039]), array([-0.05072499]))","(array([0.06445994]), array([-0.04300933]))","(array([0.06508949]), array([-0.04452099]))","(array([0.06582376]), array([-0.04809145]))","(array([0.06654369]), array([-0.05106894]))","(array([0.06966523]), array([-0.0462009]))"
(0.033356323465420605+0j),[0.18092449],[1.],[0.30289265],[1.],"(array([0.12559433]), array([-0.01422989]))","(array([0.0547477]), array([-0.0545705]))","(array([0.05727554]), array([-0.05287082]))","(array([0.0570697]), array([-0.05330968]))","(array([0.05893019]), array([-0.05072521]))","(array([0.06445978]), array([-0.04300958]))","(array([0.06508936]), array([-0.04452124]))","(array([0.06582364]), array([-0.04809169]))","(array([0.06654359]), array([-0.0510692]))","(array([0.06966516]), array([-0.04620116]))","(array([0.06932925]), array([-0.04158616]))"
(0.03146502176793934+0j),[0.17962729],[1.],[0.2915599],[1.],"(array([0.12150084]), array([-0.01349617]))","(array([0.05727534]), array([-0.05287092]))","(array([0.0570694]), array([-0.05330991]))","(array([0.05892991]), array([-0.05072546]))","(array([0.06445958]), array([-0.04300985]))","(array([0.06508917]), array([-0.04452155]))","(array([0.06582346]), array([-0.04809199]))","(array([0.06654344]), array([-0.05106949]))","(array([0.06966506]), array([-0.04620147]))","(array([0.06932917]), array([-0.04158646]))","(array([0.0689479]), array([-0.03727288]))"
(0.027900535032160365+0j),[0.17645299],[1.],[0.26962342],[1.],"(array([0.12013656]), array([-0.01211609]))","(array([0.05706913]), array([-0.05331005]))","(array([0.05892955]), array([-0.05072573]))","(array([0.06445927]), array([-0.04301016]))","(array([0.06508893]), array([-0.04452186]))","(array([0.06582322]), array([-0.04809233]))","(array([0.06654324]), array([-0.05106983]))","(array([0.06966489]), array([-0.04620181]))","(array([0.06932905]), array([-0.04158682]))","(array([0.0689478]), array([-0.03727323]))","(array([0.06672528]), array([-0.03406211]))"
(0.024800596787630306+0j),[0.19909853],[1.],[0.22914573],[1.],"(array([0.11510569]), array([-0.01323335]))","(array([0.0589293]), array([-0.05072588]))","(array([0.06445888]), array([-0.04301054]))","(array([0.06508858]), array([-0.04452221]))","(array([0.06582291]), array([-0.04809268]))","(array([0.06654296]), array([-0.0510702]))","(array([0.06966468]), array([-0.04620219]))","(array([0.06932887]), array([-0.04158723]))","(array([0.06894765]), array([-0.03727362]))","(array([0.06672514]), array([-0.0340625]))","(array([0.06372567]), array([-0.03022289]))"
(0.0222575444516898+0j),[0.21502644],[1.],[0.19058481],[1.],"(array([0.10801584]), array([-0.00572503]))","(array([0.06445858]), array([-0.04301077]))","(array([0.06508816]), array([-0.0445226]))","(array([0.06582256]), array([-0.04809304]))","(array([0.06654263]), array([-0.05107057]))","(array([0.06966442]), array([-0.04620258]))","(array([0.06932866]), array([-0.04158764]))","(array([0.06894747]), array([-0.03727402]))","(array([0.06672496]), array([-0.03406288]))","(array([0.06372551]), array([-0.03022328]))","(array([0.06351513]), array([-0.02000992]))"
(0.020922228344379606+0j),[0.20707762],[1.],[0.18630999],[1.],"(array([0.10610716]), array([0.00530892]))","(array([0.06508781]), array([-0.04452286]))","(array([0.06582218]), array([-0.04809338]))","(array([0.06654229]), array([-0.05107092]))","(array([0.06966413]), array([-0.04620296]))","(array([0.06932843]), array([-0.04158805]))","(array([0.06894727]), array([-0.03727443]))","(array([0.06672477]), array([-0.03406329]))","(array([0.06372536]), array([-0.03022368]))","(array([0.06351501]), array([-0.02001032]))","(array([0.06267042]), array([-0.01190905]))"
(0.019708054708219465+0j),[0.19957016],[1.],[0.18238441],[1.],"(array([0.10578196]), array([0.00209029]))","(array([0.06582185]), array([-0.04809361]))","(array([0.06654192]), array([-0.05107126]))","(array([0.06966383]), array([-0.04620334]))","(array([0.06932816]), array([-0.04158844]))","(array([0.06894704]), array([-0.03727483]))","(array([0.06672457]), array([-0.03406368]))","(array([0.06372517]), array([-0.03022407]))","(array([0.06351487]), array([-0.02001073]))","(array([0.06267033]), array([-0.01190945]))","(array([0.06071528]), array([-0.01193576]))"
(0.018649903147259506+0j),[0.19640475],[1.],[0.17496223],[1.],"(array([0.10563583]), array([-0.00303801]))","(array([0.06654163]), array([-0.05107147]))","(array([0.06966352]), array([-0.04620369]))","(array([0.06932789]), array([-0.0415888]))","(array([0.0689468]), array([-0.0372752]))","(array([0.06672436]), array([-0.03406407]))","(array([0.06372497]), array([-0.03022445]))","(array([0.06351472]), array([-0.0200111]))","(array([0.06267023]), array([-0.01190985]))","(array([0.06071518]), array([-0.01193614]))","(array([0.05892619]), array([-0.01195225]))"
(0.019386508505310363+0j),[0.1938733],[1.],[0.18593682],[1.],"(array([0.10676719]), array([-0.00663561]))","(array([0.0696632]), array([-0.04620397]))","(array([0.06932759]), array([-0.04158918]))","(array([0.06894654]), array([-0.03727559]))","(array([0.06672412]), array([-0.03406444]))","(array([0.06372475]), array([-0.03022484]))","(array([0.06351456]), array([-0.02001152]))","(array([0.06267012]), array([-0.01191026]))","(array([0.06071508]), array([-0.01193655]))","(array([0.05892609]), array([-0.01195265]))","(array([0.0585954]), array([-0.01261862]))"
(0.019942145819704788+0j),[0.20170932],[1.],[0.18365449],[1.],"(array([0.1122211]), array([-0.00244843]))","(array([0.06932731]), array([-0.04158948]))","(array([0.06894624]), array([-0.037276]))","(array([0.06672383]), array([-0.03406487]))","(array([0.06372449]), array([-0.03022525]))","(array([0.06351437]), array([-0.02001195]))","(array([0.06267]), array([-0.01191071]))","(array([0.06071496]), array([-0.01193699]))","(array([0.05892597]), array([-0.01195309]))","(array([0.05859529]), array([-0.01261906]))","(array([0.05917254]), array([-0.01497863]))"
(0.0203705985703556+0j),[0.21209695],[1.],[0.17648596],[1.],"(array([0.11138885]), array([0.00376959]))","(array([0.06894588]), array([-0.03727641]))","(array([0.06672351]), array([-0.03406531]))","(array([0.0637242]), array([-0.03022567]))","(array([0.06351414]), array([-0.02001238]))","(array([0.06266984]), array([-0.01191117]))","(array([0.06071481]), array([-0.01193745]))","(array([0.05892583]), array([-0.01195354]))","(array([0.05859517]), array([-0.01261951]))","(array([0.05917243]), array([-0.01497907]))","(array([0.06031325]), array([-0.01374699]))"
(0.018503256998146863+0j),[0.2092634],[1.],[0.15879485],[1.],"(array([0.10670441]), array([0.01025811]))","(array([0.06672313]), array([-0.03406573]))","(array([0.06372385]), array([-0.03022609]))","(array([0.06351387]), array([-0.02001283]))","(array([0.06266963]), array([-0.01191165]))","(array([0.06071462]), array([-0.01193792]))","(array([0.05892565]), array([-0.011954]))","(array([0.05859501]), array([-0.01261997]))","(array([0.05917229]), array([-0.01497952]))","(array([0.06031316]), array([-0.01374743]))","(array([0.06004586]), array([-0.00893273]))"
(0.016847512415798727+0j),[0.20056596],[1.],[0.14989228],[1.],"(array([0.10064565]), array([0.01276836]))","(array([0.06372342]), array([-0.03022649]))","(array([0.0635135]), array([-0.0200133]))","(array([0.06266934]), array([-0.01191215]))","(array([0.06071436]), array([-0.01193841]))","(array([0.05892542]), array([-0.0119545]))","(array([0.05859481]), array([-0.01262046]))","(array([0.05917213]), array([-0.01498002]))","(array([0.06031307]), array([-0.01374793]))","(array([0.06004584]), array([-0.00893323]))","(array([0.05752132]), array([-0.00596091]))"
(0.015315393719921694+0j),[0.20260321],[1.],[0.12578034],[1.],"(array([0.09576193]), array([0.01460158]))","(array([0.06351313]), array([-0.02001374]))","(array([0.06266903]), array([-0.01191262]))","(array([0.06071407]), array([-0.01193888]))","(array([0.05892516]), array([-0.01195496]))","(array([0.05859459]), array([-0.01262092]))","(array([0.05917195]), array([-0.01498047]))","(array([0.06031295]), array([-0.01374839]))","(array([0.0600458]), array([-0.00893369]))","(array([0.0575213]), array([-0.00596136]))","(array([0.05484203]), array([-0.00533234]))"
(0.013648486988755322+0j),[0.20345744],[1.],[0.09560429],[1.],"(array([0.08994686]), array([0.02501218]))","(array([0.06266878]), array([-0.01191299]))","(array([0.06071383]), array([-0.01193927]))","(array([0.05892492]), array([-0.01195533]))","(array([0.05859437]), array([-0.0126213]))","(array([0.05917175]), array([-0.01498084]))","(array([0.0603128]), array([-0.01374877]))","(array([0.06004569]), array([-0.00893406]))","(array([0.05752123]), array([-0.00596173]))","(array([0.05484198]), array([-0.0053327]))","(array([0.05221087]), array([-0.00037944]))"
(0.012132031361215642+0j),[0.19027072],[1.],[0.09264017],[1.],"(array([0.08248879]), array([0.0331037]))","(array([0.06071363]), array([-0.01193953]))","(array([0.05892469]), array([-0.01195561]))","(array([0.05859417]), array([-0.01262158]))","(array([0.05917157]), array([-0.01498113]))","(array([0.06031264]), array([-0.01374905]))","(array([0.06004557]), array([-0.00893437]))","(array([0.05752113]), array([-0.00596202]))","(array([0.0548419]), array([-0.00533299]))","(array([0.05221083]), array([-0.00037972]))","(array([0.04889582]), array([0.00534361]))"
(0.010776673620784088+0j),[0.18432789],[1.],[0.07542293],[1.],"(array([0.07992934]), array([0.03018077]))","(array([0.05892446]), array([-0.01195584]))","(array([0.05859397]), array([-0.01262183]))","(array([0.05917138]), array([-0.01498139]))","(array([0.06031249]), array([-0.01374931]))","(array([0.06004545]), array([-0.00893463]))","(array([0.05752104]), array([-0.00596229]))","(array([0.05484183]), array([-0.00533325]))","(array([0.05221079]), array([-0.00037998]))","(array([0.04889581]), array([0.00534336]))","(array([0.0460854]), array([0.00441878]))"
(0.0115414718516726+0j),[0.17316635],[1.],[0.1132117],[1.],"(array([0.07937633]), array([0.02885805]))","(array([0.05859376]), array([-0.01262208]))","(array([0.0591712]), array([-0.01498164]))","(array([0.06031234]), array([-0.01374958]))","(array([0.06004535]), array([-0.00893491]))","(array([0.05752096]), array([-0.00596256]))","(array([0.05484175]), array([-0.00533352]))","(array([0.05221075]), array([-0.00038025]))","(array([0.0488958]), array([0.0053431]))","(array([0.0460854]), array([0.00441853]))","(array([0.04557212]), array([0.00269503]))"
(0.012864433093173297+0j),[0.16115434],[1.],[0.14872379],[1.],"(array([0.08735699]), array([0.02575005]))","(array([0.059171]), array([-0.01498184]))","(array([0.06031218]), array([-0.0137498]))","(array([0.06004522]), array([-0.00893515]))","(array([0.05752085]), array([-0.0059628]))","(array([0.05484166]), array([-0.00533376]))","(array([0.05221069]), array([-0.00038049]))","(array([0.04889577]), array([0.00534287]))","(array([0.04608537]), array([0.0044183]))","(array([0.0455721]), array([0.00269481]))","(array([0.04761311]), array([-0.00572372]))"
(0.014665453442083198+0j),[0.14917092],[1.],[0.18149411],[1.],"(array([0.0957175]), array([0.02080427]))","(array([0.06031203]), array([-0.01374997]))","(array([0.0600451]), array([-0.00893535]))","(array([0.05752075]), array([-0.005963]))","(array([0.05484157]), array([-0.00533397]))","(array([0.05221062]), array([-0.00038071]))","(array([0.04889574]), array([0.00534266]))","(array([0.04608534]), array([0.0044181]))","(array([0.04557209]), array([0.00269461]))","(array([0.0476131]), array([-0.00572392]))","(array([0.04926513]), array([-0.01375722]))"
(0.013305726612145106+0j),[0.15460749],[1.],[0.16159862],[1.],"(array([0.10000783]), array([0.01937053]))","(array([0.06004498]), array([-0.00893548]))","(array([0.05752064]), array([-0.00596315]))","(array([0.05484147]), array([-0.00533414]))","(array([0.05221056]), array([-0.00038088]))","(array([0.04889571]), array([0.0053425]))","(array([0.04608529]), array([0.00441794]))","(array([0.04557206]), array([0.00269444]))","(array([0.04761308]), array([-0.00572409]))","(array([0.04926511]), array([-0.01375739]))","(array([0.04853118]), array([-0.01781737]))"
(0.012028525072433916+0j),[0.15095376],[1.],[0.14958629],[1.],"(array([0.09537541]), array([0.02526497]))","(array([0.05752054]), array([-0.00596325]))","(array([0.05484136]), array([-0.00533425]))","(array([0.05221048]), array([-0.000381]))","(array([0.04889565]), array([0.00534238]))","(array([0.04608523]), array([0.00441783]))","(array([0.04557201]), array([0.00269432]))","(array([0.04761304]), array([-0.00572421]))","(array([0.04926508]), array([-0.01375752]))","(array([0.04853115]), array([-0.01781751]))","(array([0.04728377]), array([-0.01349688]))"
(0.010874692436985196+0j),[0.14021328],[1.],[0.14533538],[1.],"(array([0.09027408]), array([0.02736196]))","(array([0.05484128]), array([-0.0053343]))","(array([0.0522104]), array([-0.00038107]))","(array([0.04889559]), array([0.00534231]))","(array([0.04608517]), array([0.00441777]))","(array([0.04557195]), array([0.00269425]))","(array([0.04761299]), array([-0.00572429]))","(array([0.04926503]), array([-0.01375761]))","(array([0.04853111]), array([-0.01781759]))","(array([0.04728374]), array([-0.01349697]))","(array([0.04523733]), array([-0.01170286]))"
(0.009445562159111603+0j),[0.13385452],[1.],[0.13190225],[1.],"(array([0.08604643]), array([0.02561494]))","(array([0.05221033]), array([-0.0003811]))","(array([0.04889552]), array([0.00534227]))","(array([0.04608511]), array([0.00441773]))","(array([0.04557189]), array([0.0026942]))","(array([0.04761293]), array([-0.00572435]))","(array([0.04926499]), array([-0.01375767]))","(array([0.04853106]), array([-0.01781766]))","(array([0.0472837]), array([-0.01349704]))","(array([0.0452373]), array([-0.01170292]))","(array([0.04240547]), array([-0.01154989]))"
(0.008156737067214795+0j),[0.12904709],[1.],[0.1172497],[1.],"(array([0.08052693]), array([0.02904986]))","(array([0.04889545]), array([0.00534225]))","(array([0.04608504]), array([0.00441771]))","(array([0.04557183]), array([0.00269417]))","(array([0.04761288]), array([-0.00572438]))","(array([0.04926493]), array([-0.01375771]))","(array([0.04853101]), array([-0.0178177]))","(array([0.04728366]), array([-0.01349708]))","(array([0.04523726]), array([-0.01170298]))","(array([0.04240543]), array([-0.01154994]))","(array([0.0396463]), array([-0.00980748]))"
(0.006994966838419811+0j),[0.11434665],[1.],[0.11361966],[1.],"(array([0.07407247]), array([0.0335768]))","(array([0.04608496]), array([0.00441771]))","(array([0.04557176]), array([0.00269415]))","(array([0.04761281]), array([-0.00572441]))","(array([0.04926487]), array([-0.01375774]))","(array([0.04853096]), array([-0.01781773]))","(array([0.04728361]), array([-0.01349712]))","(array([0.04523721]), array([-0.01170302]))","(array([0.04240539]), array([-0.01154999]))","(array([0.03964626]), array([-0.00980752]))","(array([0.03704039]), array([-0.00768673]))"
(0.006113575015431861+0j),[0.11041572],[1.],[0.10230984],[1.],"(array([0.07075957]), array([0.0294435]))","(array([0.04557167]), array([0.00269415]))","(array([0.04761273]), array([-0.00572442]))","(array([0.0492648]), array([-0.01375776]))","(array([0.04853088]), array([-0.01781776]))","(array([0.04728354]), array([-0.01349716]))","(array([0.04523715]), array([-0.01170306]))","(array([0.04240533]), array([-0.01155003]))","(array([0.03964621]), array([-0.00980757]))","(array([0.03704034]), array([-0.00768678]))","(array([0.03401031]), array([-0.00885603]))"
(0.005361290640040659+0j),[0.09986245],[1.],[0.09925972],[1.],"(array([0.0677716]), array([0.02690025]))","(array([0.04761262]), array([-0.00572442]))","(array([0.0492647]), array([-0.01375777]))","(array([0.04853079]), array([-0.01781778]))","(array([0.04728345]), array([-0.01349719]))","(array([0.04523707]), array([-0.0117031]))","(array([0.04240525]), array([-0.01155007]))","(array([0.03964614]), array([-0.00980761]))","(array([0.03704027]), array([-0.00768683]))","(array([0.03401025]), array([-0.00885608]))","(array([0.03206312]), array([-0.00712276]))"
(0.004758080873170249+0j),[0.09280975],[1.],[0.09461296],[1.],"(array([0.06909004]), array([0.01637185]))","(array([0.0492646]), array([-0.01375777]))","(array([0.04853069]), array([-0.01781778]))","(array([0.04728336]), array([-0.01349721]))","(array([0.04523698]), array([-0.01170312]))","(array([0.04240516]), array([-0.0115501]))","(array([0.03964606]), array([-0.00980764]))","(array([0.0370402]), array([-0.00768686]))","(array([0.03401018]), array([-0.00885612]))","(array([0.03206305]), array([-0.0071228]))","(array([0.02987468]), array([-0.00755196]))"
(0.0040406923244584395+0j),[0.09650982],[1.],[0.07430312],[1.],"(array([0.06903222]), array([0.00698914]))","(array([0.0485306]), array([-0.01781777]))","(array([0.04728326]), array([-0.01349721]))","(array([0.04523689]), array([-0.01170313]))","(array([0.04240508]), array([-0.01155011]))","(array([0.03964598]), array([-0.00980766]))","(array([0.03704012]), array([-0.00768689]))","(array([0.03401011]), array([-0.00885614]))","(array([0.03206299]), array([-0.00712283]))","(array([0.02987462]), array([-0.00755199]))","(array([0.02785119]), array([-0.00674591]))"
(0.0035415781716841978+0j),[0.08575796],[1.],[0.07471319],[1.],"(array([0.06384952]), array([0.00384487]))","(array([0.04728317]), array([-0.0134972]))","(array([0.0452368]), array([-0.01170313]))","(array([0.042405]), array([-0.01155011]))","(array([0.0396459]), array([-0.00980767]))","(array([0.03704005]), array([-0.0076869]))","(array([0.03401004]), array([-0.00885616]))","(array([0.03206292]), array([-0.00712286]))","(array([0.02987456]), array([-0.00755202]))","(array([0.02785113]), array([-0.00674593]))","(array([0.02641989]), array([-0.00243535]))"
(0.003028352616372578+0j),[0.08719098],[1.],[0.05835481],[1.],"(array([0.06272283]), array([0.00569453]))","(array([0.04523672]), array([-0.01170311]))","(array([0.04240492]), array([-0.0115501]))","(array([0.03964582]), array([-0.00980767]))","(array([0.03703997]), array([-0.00768691]))","(array([0.03400996]), array([-0.00885616]))","(array([0.03206285]), array([-0.00712287]))","(array([0.02987449]), array([-0.00755203]))","(array([0.02785107]), array([-0.00674595]))","(array([0.02641983]), array([-0.00243537]))","(array([0.02434037]), array([-0.00377535]))"
(0.003048414734856751+0j),[0.08827243],[1.],[0.05820432],[1.],"(array([0.0588392]), array([0.0077593]))","(array([0.04240484]), array([-0.01155009]))","(array([0.03964574]), array([-0.00980766]))","(array([0.0370399]), array([-0.0076869]))","(array([0.0340099]), array([-0.00885616]))","(array([0.03206278]), array([-0.00712287]))","(array([0.02987443]), array([-0.00755204]))","(array([0.02785101]), array([-0.00674596]))","(array([0.02641977]), array([-0.00243539]))","(array([0.02434031]), array([-0.00377537]))","(array([0.02365621]), array([-0.00204897]))"
(0.003088699033780116+0j),[0.08559749],[1.],[0.06389468],[1.],"(array([0.05604437]), array([0.00814568]))","(array([0.03964568]), array([-0.00980764]))","(array([0.03703983]), array([-0.00768689]))","(array([0.03400983]), array([-0.00885615]))","(array([0.03206272]), array([-0.00712287]))","(array([0.02987437]), array([-0.00755204]))","(array([0.02785095]), array([-0.00674596]))","(array([0.02641972]), array([-0.0024354]))","(array([0.02434026]), array([-0.00377537]))","(array([0.02365616]), array([-0.00204898]))","(array([0.02387681]), array([-0.00196437]))"
(0.0031465979153918315+0j),[0.08677213],[1.],[0.06460081],[1.],"(array([0.05460479]), array([0.00925609]))","(array([0.03703977]), array([-0.00768688]))","(array([0.03400977]), array([-0.00885614]))","(array([0.03206266]), array([-0.00712286]))","(array([0.02987431]), array([-0.00755203]))","(array([0.0278509]), array([-0.00674596]))","(array([0.02641966]), array([-0.0024354]))","(array([0.02434021]), array([-0.00377538]))","(array([0.02365611]), array([-0.00204899]))","(array([0.02387677]), array([-0.00196438]))","(array([0.02398925]), array([-0.00342318]))"
(0.004483989943507661+0j),[0.08484614],[1.],[0.09931035],[1.],"(array([0.05558981]), array([0.01158164]))","(array([0.03400971]), array([-0.00885612]))","(array([0.0320626]), array([-0.00712285]))","(array([0.02987426]), array([-0.00755202]))","(array([0.02785084]), array([-0.00674595]))","(array([0.02641961]), array([-0.00243541]))","(array([0.02434016]), array([-0.00377537]))","(array([0.02365606]), array([-0.00204899]))","(array([0.02387672]), array([-0.00196439]))","(array([0.02398921]), array([-0.00342319]))","(array([0.02596206]), array([-0.00643061]))"
(0.006386277052938739+0j),[0.07898768],[1.],[0.13557066],[1.],"(array([0.06025316]), array([0.01001574]))","(array([0.03206255]), array([-0.00712284]))","(array([0.02987421]), array([-0.00755201]))","(array([0.0278508]), array([-0.00674594]))","(array([0.02641956]), array([-0.0024354]))","(array([0.02434011]), array([-0.00377537]))","(array([0.02365602]), array([-0.00204899]))","(array([0.02387668]), array([-0.0019644]))","(array([0.02398917]), array([-0.0034232]))","(array([0.02596202]), array([-0.00643062]))","(array([0.02946524]), array([-0.01329162]))"
(0.008797453552852013+0j),[0.07954041],[1.],[0.16677301],[1.],"(array([0.06630883]), array([0.01041619]))","(array([0.02987416]), array([-0.007552]))","(array([0.02785075]), array([-0.00674593]))","(array([0.02641952]), array([-0.0024354]))","(array([0.02434007]), array([-0.00377536]))","(array([0.02365598]), array([-0.00204899]))","(array([0.02387664]), array([-0.0019644]))","(array([0.02398913]), array([-0.0034232]))","(array([0.02596198]), array([-0.00643063]))","(array([0.02946521]), array([-0.01329163]))","(array([0.03231239]), array([-0.02088868]))"
(0.00886188547220723+0j),[0.07346231],[1.],[0.17030995],[1.],"(array([0.06769137]), array([0.01011795]))","(array([0.0278507]), array([-0.00674591]))","(array([0.02641947]), array([-0.00243539]))","(array([0.02434002]), array([-0.00377535]))","(array([0.02365593]), array([-0.00204898]))","(array([0.02387659]), array([-0.0019644]))","(array([0.02398908]), array([-0.00342321]))","(array([0.02596194]), array([-0.00643064]))","(array([0.02946517]), array([-0.01329164]))","(array([0.03231235]), array([-0.0208887]))","(array([0.03421124]), array([-0.02391574]))"
(0.008964462951929222+0j),[0.06885052],[1.],[0.17342323],[1.],"(array([0.06649538]), array([0.00956791]))","(array([0.02641942]), array([-0.00243538]))","(array([0.02433997]), array([-0.00377533]))","(array([0.02365588]), array([-0.00204897]))","(array([0.02387655]), array([-0.0019644]))","(array([0.02398904]), array([-0.00342321]))","(array([0.0259619]), array([-0.00643065]))","(array([0.02946513]), array([-0.01329165]))","(array([0.03231232]), array([-0.02088871]))","(array([0.03421121]), array([-0.02391576]))","(array([0.03345054]), array([-0.02531042]))"
(0.00906405219982835+0j),[0.05911846],[1.],[0.17813778],[1.],"(array([0.06578459]), array([0.0127592]))","(array([0.02433992]), array([-0.00377531]))","(array([0.02365583]), array([-0.00204896]))","(array([0.0238765]), array([-0.00196439]))","(array([0.02398899]), array([-0.00342321]))","(array([0.02596185]), array([-0.00643065]))","(array([0.02946509]), array([-0.01329166]))","(array([0.03231227]), array([-0.02088872]))","(array([0.03421117]), array([-0.02391577]))","(array([0.0334505]), array([-0.02531044]))","(array([0.03284149]), array([-0.026494]))"
(0.008435886013510136+0j),[0.07718105],[1.],[0.16376418],[1.],"(array([0.06379814]), array([0.0093123]))","(array([0.02365577]), array([-0.00204894]))","(array([0.02387644]), array([-0.00196438]))","(array([0.02398893]), array([-0.0034232]))","(array([0.0259618]), array([-0.00643065]))","(array([0.02946503]), array([-0.01329167]))","(array([0.03231222]), array([-0.02088873]))","(array([0.03421112]), array([-0.02391579]))","(array([0.03345046]), array([-0.02531046]))","(array([0.03284145]), array([-0.02649403]))","(array([0.03106333]), array([-0.02762809]))"
(0.00785637878871433+0j),[0.08164468],[1.],[0.15442339],[1.],"(array([0.05997076]), array([0.01496916]))","(array([0.02387636]), array([-0.00196437]))","(array([0.02398886]), array([-0.0034232]))","(array([0.02596173]), array([-0.00643066]))","(array([0.02946497]), array([-0.01329168]))","(array([0.03231216]), array([-0.02088875]))","(array([0.03421106]), array([-0.02391581]))","(array([0.0334504]), array([-0.02531048]))","(array([0.0328414]), array([-0.02649405]))","(array([0.03106328]), array([-0.02762811]))","(array([0.03289563]), array([-0.02294073]))"
(0.007316664914953136+0j),[0.07702351],[1.],[0.14991897],[1.],"(array([0.05813223]), array([0.01603391]))","(array([0.02398878]), array([-0.00342318]))","(array([0.02596166]), array([-0.00643066]))","(array([0.0294649]), array([-0.01329169]))","(array([0.0323121]), array([-0.02088876]))","(array([0.034211]), array([-0.02391583]))","(array([0.03345034]), array([-0.0253105]))","(array([0.03284134]), array([-0.02649407]))","(array([0.03106322]), array([-0.02762814]))","(array([0.03289558]), array([-0.02294076]))","(array([0.03271493]), array([-0.02066739]))"
(0.008086626632226849+0j),[0.06358872],[1.],[0.16558603],[1.],"(array([0.05907003]), array([0.01359502]))","(array([0.02596156]), array([-0.00643065]))","(array([0.02946481]), array([-0.01329169]))","(array([0.03231201]), array([-0.02088876]))","(array([0.03421092]), array([-0.02391584]))","(array([0.03345027]), array([-0.02531052]))","(array([0.03284127]), array([-0.02649409]))","(array([0.03106315]), array([-0.02762816]))","(array([0.03289552]), array([-0.0229408]))","(array([0.03271487]), array([-0.02066743]))","(array([0.03227885]), array([-0.02187224]))"
(0.008898490410590482+0j),[0.05471928],[1.],[0.17799802],[1.],"(array([0.06443532]), array([0.00770719]))","(array([0.02946471]), array([-0.01329169]))","(array([0.03231191]), array([-0.02088877]))","(array([0.03421082]), array([-0.02391585]))","(array([0.03345017]), array([-0.02531053]))","(array([0.03284118]), array([-0.02649412]))","(array([0.03106307]), array([-0.02762819]))","(array([0.03289544]), array([-0.02294084]))","(array([0.03271481]), array([-0.02066748]))","(array([0.03227878]), array([-0.02187229]))","(array([0.03148065]), array([-0.02625043]))"
(0.009702091809423769+0j),[0.04810526],[1.],[0.18850904],[1.],"(array([0.0705767]), array([-0.00093581]))","(array([0.03231178]), array([-0.02088876]))","(array([0.0342107]), array([-0.02391586]))","(array([0.03345005]), array([-0.02531055]))","(array([0.03284107]), array([-0.02649414]))","(array([0.03106296]), array([-0.02762821]))","(array([0.03289534]), array([-0.02294089]))","(array([0.03271471]), array([-0.02066753]))","(array([0.0322787]), array([-0.02187235]))","(array([0.03148056]), array([-0.02625049]))","(array([0.03125656]), array([-0.02942622]))"
(0.009661740646970118+0j),[0.04085997],[1.],[0.1898281],[1.],"(array([0.07471099]), array([-0.00980049]))","(array([0.03421053]), array([-0.02391586]))","(array([0.03344989]), array([-0.02531056]))","(array([0.03284091]), array([-0.02649416]))","(array([0.03106281]), array([-0.02762824]))","(array([0.0328952]), array([-0.02294094]))","(array([0.03271458]), array([-0.0206676]))","(array([0.03227858]), array([-0.02187242]))","(array([0.03148045]), array([-0.02625057]))","(array([0.03125645]), array([-0.02942629]))","(array([0.0308024]), array([-0.03117482]))"
(0.009588182384659106+0j),[0.04229564],[1.],[0.18879163],[1.],"(array([0.07685233]), array([-0.01434612]))","(array([0.03344967]), array([-0.02531056]))","(array([0.0328407]), array([-0.02649417]))","(array([0.03106261]), array([-0.02762826]))","(array([0.03289501]), array([-0.02294099]))","(array([0.03271441]), array([-0.02066768]))","(array([0.03227841]), array([-0.02187251]))","(array([0.03148028]), array([-0.02625065]))","(array([0.0312563]), array([-0.02942638]))","(array([0.03080225]), array([-0.03117491]))","(array([0.02960864]), array([-0.03214422]))"
(0.009544212066231452+0j),[0.04440968],[1.],[0.18788361],[1.],"(array([0.07588209]), array([-0.01539112]))","(array([0.03284043]), array([-0.02649417]))","(array([0.03106235]), array([-0.02762827]))","(array([0.03289477]), array([-0.02294105]))","(array([0.03271417]), array([-0.02066776]))","(array([0.03227819]), array([-0.02187261]))","(array([0.03148007]), array([-0.02625075]))","(array([0.0312561]), array([-0.02942648]))","(array([0.03080206]), array([-0.03117501]))","(array([0.02960847]), array([-0.03214432]))","(array([0.02980682]), array([-0.03178808]))"
(0.01176832606582079+0j),[0.06294181],[1.],[0.20498586],[1.],"(array([0.07758842]), array([-0.01608196]))","(array([0.03106202]), array([-0.02762826]))","(array([0.03289445]), array([-0.02294111]))","(array([0.03271388]), array([-0.02066786]))","(array([0.0322779]), array([-0.02187272]))","(array([0.0314798]), array([-0.02625086]))","(array([0.03125583]), array([-0.0294266]))","(array([0.03080182]), array([-0.03117513]))","(array([0.02960823]), array([-0.03214444]))","(array([0.02980661]), array([-0.03178821]))","(array([0.03139139]), array([-0.03354709]))"
(0.014134469171333573+0j),[0.07964812],[1.],[0.22096893],[1.],"(array([0.07959672]), array([-0.01311666]))","(array([0.03289405]), array([-0.02294116]))","(array([0.03271349]), array([-0.02066795]))","(array([0.03227754]), array([-0.02187283]))","(array([0.03147944]), array([-0.02625098]))","(array([0.0312555]), array([-0.02942672]))","(array([0.0308015]), array([-0.03117527]))","(array([0.02960793]), array([-0.03214458]))","(array([0.02980633]), array([-0.03178836]))","(array([0.03139113]), array([-0.03354725]))","(array([0.03683495]), array([-0.03477686]))"
(0.01646652659654774+0j),[0.06512834],[1.],[0.24478433],[1.],"(array([0.08488148]), array([-0.00487429]))","(array([0.03271302]), array([-0.02066804]))","(array([0.03227709]), array([-0.02187295]))","(array([0.03147901]), array([-0.02625109]))","(array([0.03125508]), array([-0.02942685]))","(array([0.03080111]), array([-0.03117541]))","(array([0.02960756]), array([-0.03214472]))","(array([0.02980598]), array([-0.03178852]))","(array([0.03139081]), array([-0.03354743]))","(array([0.03683467]), array([-0.03477708]))","(array([0.04164036]), array([-0.03598941]))"
(0.016717106365594613+0j),[0.08107679],[1.],[0.24186322],[1.],"(array([0.08808104]), array([-0.00585196]))","(array([0.03227656]), array([-0.02187306]))","(array([0.0314785]), array([-0.0262512]))","(array([0.0312546]), array([-0.02942697]))","(array([0.03080064]), array([-0.03117554]))","(array([0.02960712]), array([-0.03214486]))","(array([0.02980557]), array([-0.03178868]))","(array([0.03139043]), array([-0.03354761]))","(array([0.03683434]), array([-0.03477731]))","(array([0.04164007]), array([-0.03598967]))","(array([0.04051544]), array([-0.04054251]))"
(0.01698167879375484+0j),[0.07003141],[1.],[0.24724407],[1.],"(array([0.08701173]), array([-0.0035211]))","(array([0.03147791]), array([-0.0262513]))","(array([0.03125404]), array([-0.02942709]))","(array([0.03080011]), array([-0.03117567]))","(array([0.02960661]), array([-0.032145]))","(array([0.02980509]), array([-0.03178884]))","(array([0.03138998]), array([-0.0335478]))","(array([0.03683394]), array([-0.03477755]))","(array([0.04163973]), array([-0.03598996]))","(array([0.04051512]), array([-0.04054279]))","(array([0.04326123]), array([-0.03822654]))"
(0.01728831538380162+0j),[0.08288365],[1.],[0.24553914],[1.],"(array([0.0874135]), array([-0.01022179]))","(array([0.03125335]), array([-0.02942719]))","(array([0.03079946]), array([-0.03117579]))","(array([0.02960598]), array([-0.03214513]))","(array([0.0298045]), array([-0.031789]))","(array([0.03138943]), array([-0.033548]))","(array([0.03683345]), array([-0.03477782]))","(array([0.04163929]), array([-0.03599028]))","(array([0.0405147]), array([-0.0405431]))","(array([0.04326089]), array([-0.0382269]))","(array([0.04185017]), array([-0.04042746]))"
(0.017728674006921432+0j),[0.08622108],[1.],[0.24771152],[1.],"(array([0.08690755]), array([-0.01049459]))","(array([0.03079862]), array([-0.03117589]))","(array([0.02960518]), array([-0.03214524]))","(array([0.02980374]), array([-0.03178916]))","(array([0.03138872]), array([-0.03354819]))","(array([0.0368328]), array([-0.03477811]))","(array([0.04163872]), array([-0.03599065]))","(array([0.04051416]), array([-0.04054347]))","(array([0.04326042]), array([-0.03822731]))","(array([0.04184973]), array([-0.04042788]))","(array([0.0442237]), array([-0.03873238]))"
(0.01818230954858973+0j),[0.08824264],[1.],[0.25038138],[1.],"(array([0.08693867]), array([-0.01146772]))","(array([0.02960416]), array([-0.03214531]))","(array([0.02980278]), array([-0.03178929]))","(array([0.03138781]), array([-0.03354839]))","(array([0.03683196]), array([-0.03477843]))","(array([0.04163796]), array([-0.03599107]))","(array([0.04051344]), array([-0.04054388]))","(array([0.04325979]), array([-0.0382278]))","(array([0.04184915]), array([-0.04042837]))","(array([0.04422319]), array([-0.03873292]))","(array([0.04513838]), array([-0.03876553]))"
(0.018661452706699607+0j),[0.09340557],[1.],[0.25204976],[1.],"(array([0.08635752]), array([-0.01197006]))","(array([0.02980164]), array([-0.03178938]))","(array([0.03138673]), array([-0.03354855]))","(array([0.03683097]), array([-0.03477874]))","(array([0.04163706]), array([-0.03599151]))","(array([0.04051258]), array([-0.04054432]))","(array([0.04325903]), array([-0.03822833]))","(array([0.04184844]), array([-0.0404289]))","(array([0.04422257]), array([-0.03873352]))","(array([0.04513783]), array([-0.03876615]))","(array([0.04584956]), array([-0.03906325]))"
(0.02014272996189911+0j),[0.08677944],[1.],[0.26521426],[1.],"(array([0.08777621]), array([-0.01048907]))","(array([0.03138552]), array([-0.03354867]))","(array([0.03682984]), array([-0.03477904]))","(array([0.04163602]), array([-0.03599195]))","(array([0.0405116]), array([-0.04054476]))","(array([0.04325816]), array([-0.03822888]))","(array([0.04184762]), array([-0.04042946]))","(array([0.04422185]), array([-0.03873415]))","(array([0.04513718]), array([-0.03876682]))","(array([0.04584898]), array([-0.03906395]))","(array([0.04743456]), array([-0.03955839]))"
(0.021573052154112645+0j),[0.07386279],[1.],[0.27892797],[1.],"(array([0.09220688]), array([-0.01366457]))","(array([0.03682858]), array([-0.0347793]))","(array([0.04163486]), array([-0.03599238]))","(array([0.0405105]), array([-0.04054518]))","(array([0.04325718]), array([-0.03822944]))","(array([0.04184669]), array([-0.04043003]))","(array([0.04422103]), array([-0.0387348]))","(array([0.04513643]), array([-0.03876752]))","(array([0.0458483]), array([-0.03906468]))","(array([0.04743396]), array([-0.03955915]))","(array([0.04763154]), array([-0.04273193]))"
(0.022803356425963768+0j),[0.0999111],[1.],[0.27905782],[1.],"(array([0.10052504]), array([-0.01770678]))","(array([0.04163359]), array([-0.03599277]))","(array([0.04050928]), array([-0.04054558]))","(array([0.04325608]), array([-0.03822998]))","(array([0.04184565]), array([-0.04043058]))","(array([0.0442201]), array([-0.03873546]))","(array([0.04513559]), array([-0.03876823]))","(array([0.04584753]), array([-0.03906544]))","(array([0.04743327]), array([-0.03955995]))","(array([0.0476309]), array([-0.04273273]))","(array([0.04663433]), array([-0.04662758]))"
(0.02609753744017869+0j),[0.08174546],[1.],[0.30588192],[1.],"(array([0.10686611]), array([-0.01316524]))","(array([0.04050795]), array([-0.04054593]))","(array([0.04325487]), array([-0.03823049]))","(array([0.0418445]), array([-0.04043112]))","(array([0.04421906]), array([-0.03873611]))","(array([0.04513464]), array([-0.03876894]))","(array([0.04584667]), array([-0.0390662]))","(array([0.04743249]), array([-0.03956077]))","(array([0.04763017]), array([-0.04273356]))","(array([0.04663363]), array([-0.0466284]))","(array([0.05238646]), array([-0.0450803]))"
(0.02954442706132307+0j),[0.0961462],[1.],[0.32220411],[1.],"(array([0.11163449]), array([-0.0216089]))","(array([0.04325357]), array([-0.03823095]))","(array([0.04184327]), array([-0.04043161]))","(array([0.04421794]), array([-0.03873673]))","(array([0.0451336]), array([-0.03876963]))","(array([0.04584571]), array([-0.03906694]))","(array([0.04743162]), array([-0.03956157]))","(array([0.04762935]), array([-0.04273438]))","(array([0.04663285]), array([-0.04662921]))","(array([0.05238584]), array([-0.0450812]))","(array([0.05196417]), array([-0.05212996]))"
(0.03286694706384124+0j),[0.08446716],[1.],[0.34367588],[1.],"(array([0.11787378]), array([-0.01619029]))","(array([0.04184197]), array([-0.04043203]))","(array([0.04421675]), array([-0.0387373]))","(array([0.0451325]), array([-0.03877028]))","(array([0.04584468]), array([-0.03906766]))","(array([0.04743069]), array([-0.03956236]))","(array([0.04762847]), array([-0.04273519]))","(array([0.04663201]), array([-0.04663]))","(array([0.05238516]), array([-0.04508208]))","(array([0.05196351]), array([-0.05213082]))","(array([0.0563989]), array([-0.05360366]))"
(0.035444156610207694+0j),[0.09469833],[1.],[0.35433807],[1.],"(array([0.12071053]), array([-0.02091355]))","(array([0.0442155]), array([-0.03873782]))","(array([0.04513133]), array([-0.03877089]))","(array([0.04584359]), array([-0.03906834]))","(array([0.04742968]), array([-0.03956311]))","(array([0.04762753]), array([-0.04273597]))","(array([0.04663111]), array([-0.04663078]))","(array([0.05238441]), array([-0.04508296]))","(array([0.05196279]), array([-0.05213168]))","(array([0.0563983]), array([-0.05360455]))","(array([0.05633878]), array([-0.05854393]))"
(0.03785552014668015+0j),[0.09642826],[1.],[0.36577825],[1.],"(array([0.12535331]), array([-0.01701562]))","(array([0.04513012]), array([-0.03877145]))","(array([0.04584246]), array([-0.03906897]))","(array([0.04742864]), array([-0.03956382]))","(array([0.04762654]), array([-0.04273671]))","(array([0.04663016]), array([-0.04663152]))","(array([0.05238362]), array([-0.04508381]))","(array([0.05196203]), array([-0.05213251]))","(array([0.05639765]), array([-0.05360543]))","(array([0.05633818]), array([-0.05854479]))","(array([0.05938191]), array([-0.0594072]))"
(0.0401668427204125+0j),[0.10135778],[1.],[0.3754143],[1.],"(array([0.12874327]), array([-0.01667363]))","(array([0.04584118]), array([-0.0390696]))","(array([0.04742744]), array([-0.03956455]))","(array([0.0476254]), array([-0.04273747]))","(array([0.04662908]), array([-0.04663228]))","(array([0.0523827]), array([-0.0450847]))","(array([0.05196115]), array([-0.05213338]))","(array([0.05639689]), array([-0.05360636]))","(array([0.05633748]), array([-0.05854571]))","(array([0.05938132]), array([-0.05940815]))","(array([0.06094499]), array([-0.06136312]))"
(0.036268431283721474+0j),[0.09088225],[1.],[0.35806739],[1.],"(array([0.12811437]), array([-0.01588237]))","(array([0.04742598]), array([-0.03956532]))","(array([0.04762401]), array([-0.04273829]))","(array([0.04662774]), array([-0.04663311]))","(array([0.05238155]), array([-0.0450857]))","(array([0.05196005]), array([-0.05213436]))","(array([0.05639594]), array([-0.05360742]))","(array([0.05633659]), array([-0.05854676]))","(array([0.05938056]), array([-0.05940923]))","(array([0.06094433]), array([-0.06136421]))","(array([0.06121866]), array([-0.05965809]))"
(0.0326670732407714+0j),[0.09923824],[1.],[0.33620828],[1.],"(array([0.12584628]), array([-0.01866239]))","(array([0.04762244]), array([-0.04273908]))","(array([0.04662624]), array([-0.04663391]))","(array([0.05238024]), array([-0.04508669]))","(array([0.05195879]), array([-0.05213534]))","(array([0.05639483]), array([-0.0536085]))","(array([0.05633556]), array([-0.05854784]))","(array([0.05937966]), array([-0.05941036]))","(array([0.06094355]), array([-0.06136535]))","(array([0.061218]), array([-0.05965924]))","(array([0.05731406]), array([-0.05746357]))"
(0.029509135244698656+0j),[0.12822569],[1.],[0.30745889],[1.],"(array([0.12123028]), array([-0.01991502]))","(array([0.04662472]), array([-0.04663462]))","(array([0.0523789]), array([-0.04508762]))","(array([0.05195751]), array([-0.05213625]))","(array([0.0563937]), array([-0.05360951]))","(array([0.0563345]), array([-0.05854886]))","(array([0.05937874]), array([-0.05941143]))","(array([0.06094273]), array([-0.06136645]))","(array([0.0612173]), array([-0.05966035]))","(array([0.05731342]), array([-0.05746465]))","(array([0.05657152]), array([-0.05233525]))"
(0.03181435452377415+0j),[0.14212804],[1.],[0.31520737],[1.],"(array([0.11733234]), array([-0.01733918]))","(array([0.05237765]), array([-0.04508841]))","(array([0.05195632]), array([-0.05213704]))","(array([0.05639264]), array([-0.0536104]))","(array([0.05633351]), array([-0.05854975]))","(array([0.05937787]), array([-0.05941238]))","(array([0.06094196]), array([-0.06136742]))","(array([0.06121664]), array([-0.05966134]))","(array([0.05731282]), array([-0.05746562]))","(array([0.05657103]), array([-0.05233623]))","(array([0.06072562]), array([-0.0465878]))"
(0.03383291990630748+0j),[0.16283771],[1.],[0.31695546],[1.],"(array([0.12463502]), array([-0.01277652]))","(array([0.0519552]), array([-0.05213773]))","(array([0.05639165]), array([-0.05361119]))","(array([0.05633258]), array([-0.05855055]))","(array([0.05937705]), array([-0.05941323]))","(array([0.06094123]), array([-0.06136829]))","(array([0.061216]), array([-0.05966223]))","(array([0.05731224]), array([-0.0574665]))","(array([0.05657054]), array([-0.05233712]))","(array([0.06072529]), array([-0.04658871]))","(array([0.06411277]), array([-0.04642144]))"
(0.03592945768342931+0j),[0.15734332],[1.],[0.33138413],[1.],"(array([0.12458857]), array([-0.01510498]))","(array([0.05639072]), array([-0.05361188]))","(array([0.05633171]), array([-0.05855125]))","(array([0.05937628]), array([-0.05941399]))","(array([0.06094054]), array([-0.06136908]))","(array([0.06121541]), array([-0.05966304]))","(array([0.05731169]), array([-0.05746729]))","(array([0.05657008]), array([-0.05233792]))","(array([0.06072497]), array([-0.04658955]))","(array([0.06411255]), array([-0.04642229]))","(array([0.06838902]), array([-0.04438658]))"
(0.03173544243645072+0j),[0.15593944],[1.],[0.30734998],[1.],"(array([0.12811895]), array([-0.01774887]))","(array([0.05633096]), array([-0.05855181]))","(array([0.05937561]), array([-0.0594146]))","(array([0.06093995]), array([-0.06136972]))","(array([0.06121489]), array([-0.0596637]))","(array([0.05731121]), array([-0.05746794]))","(array([0.05656968]), array([-0.05233858]))","(array([0.06072468]), array([-0.04659024]))","(array([0.06411234]), array([-0.04642299]))","(array([0.0683889]), array([-0.04438728]))","(array([0.06692327]), array([-0.04418739]))"
(0.02815716304670208+0j),[0.17051366],[1.],[0.27606895],[1.],"(array([0.12276771]), array([-0.02286459]))","(array([0.05937505]), array([-0.05941509]))","(array([0.06093944]), array([-0.06137023]))","(array([0.06121444]), array([-0.05966423]))","(array([0.05731081]), array([-0.05746846]))","(array([0.05656933]), array([-0.05233911]))","(array([0.06072443]), array([-0.0465908]))","(array([0.06411215]), array([-0.04642356]))","(array([0.0683888]), array([-0.04438786]))","(array([0.06692319]), array([-0.04418796]))","(array([0.06412512]), array([-0.03969263]))"
(0.025111119388207474+0j),[0.15617112],[1.],[0.26344855],[1.],"(array([0.11885387]), array([-0.02049025]))","(array([0.06093899]), array([-0.06137066]))","(array([0.06121404]), array([-0.05966468]))","(array([0.05731043]), array([-0.05746891]))","(array([0.05656901]), array([-0.05233958]))","(array([0.06072419]), array([-0.0465913]))","(array([0.06411198]), array([-0.04642407]))","(array([0.06838869]), array([-0.04438837]))","(array([0.0669231]), array([-0.04418846]))","(array([0.06412506]), array([-0.03969312]))","(array([0.06344992]), array([-0.03204799]))"
(0.02697331222306388+0j),[0.17368499],[1.],[0.26597671],[1.],"(array([0.12147495]), array([-0.02554591]))","(array([0.06121365]), array([-0.05966511]))","(array([0.05731008]), array([-0.05746933]))","(array([0.0565687]), array([-0.05234001]))","(array([0.06072396]), array([-0.04659176]))","(array([0.0641118]), array([-0.04642454]))","(array([0.06838858]), array([-0.04438885]))","(array([0.06692302]), array([-0.04418894]))","(array([0.064125]), array([-0.03969359]))","(array([0.06344991]), array([-0.03204844]))","(array([0.0612937]), array([-0.03451349]))"
(0.028761422953889004+0j),[0.17693],[1.],[0.27626632],[1.],"(array([0.12228458]), array([-0.02003865]))","(array([0.05730974]), array([-0.0574697]))","(array([0.05656841]), array([-0.0523404]))","(array([0.06072374]), array([-0.04659217]))","(array([0.06411163]), array([-0.04642496]))","(array([0.06838847]), array([-0.04438929]))","(array([0.06692293]), array([-0.04418937]))","(array([0.06412494]), array([-0.03969401]))","(array([0.06344989]), array([-0.03204886]))","(array([0.06129368]), array([-0.03451389]))","(array([0.06485349]), array([-0.03307588]))"
(0.03059896525027211+0j),[0.17713209],[1.],[0.28818136],[1.],"(array([0.12072374]), array([-0.017194]))","(array([0.05656811]), array([-0.05234075]))","(array([0.06072351]), array([-0.04659256]))","(array([0.06411145]), array([-0.04642537]))","(array([0.06838835]), array([-0.0443897]))","(array([0.06692283]), array([-0.04418978]))","(array([0.06412486]), array([-0.03969441]))","(array([0.06344986]), array([-0.03204925]))","(array([0.06129364]), array([-0.03451428]))","(array([0.0648535]), array([-0.03307626]))","(array([0.06658724]), array([-0.03478041]))"
(0.03283095698510293+0j),[0.19872058],[1.],[0.28831248],[1.],"(array([0.12296801]), array([-0.01215584]))","(array([0.06072324]), array([-0.04659295]))","(array([0.06411124]), array([-0.04642578]))","(array([0.0683882]), array([-0.04439013]))","(array([0.0669227]), array([-0.0441902]))","(array([0.06412475]), array([-0.03969483]))","(array([0.06344979]), array([-0.03204967]))","(array([0.06129358]), array([-0.03451469]))","(array([0.06485348]), array([-0.03307666]))","(array([0.06658725]), array([-0.0347808]))","(array([0.06800158]), array([-0.03741165]))"
(0.034695615170457675+0j),[0.18689608],[1.],[0.30727306],[1.],"(array([0.12703805]), array([-0.00180752]))","(array([0.064111]), array([-0.04642615]))","(array([0.06838802]), array([-0.04439053]))","(array([0.06692254]), array([-0.0441906]))","(array([0.06412462]), array([-0.03969523]))","(array([0.0634497]), array([-0.03205007]))","(array([0.06129349]), array([-0.03451507]))","(array([0.06485344]), array([-0.03307704]))","(array([0.06658723]), array([-0.03478118]))","(array([0.06800158]), array([-0.03741202]))","(array([0.07194316]), array([-0.03503768]))"
(0.0364407100365023+0j),[0.20692477],[1.],[0.30458047],[1.],"(array([0.13450058]), array([-0.00424855]))","(array([0.06838784]), array([-0.04439086]))","(array([0.06692239]), array([-0.04419094]))","(array([0.06412448]), array([-0.03969557]))","(array([0.0634496]), array([-0.03205041]))","(array([0.06129339]), array([-0.0345154]))","(array([0.06485338]), array([-0.03307737]))","(array([0.0665872]), array([-0.03478151]))","(array([0.06800156]), array([-0.03741235]))","(array([0.07194319]), array([-0.03503799]))","(array([0.07172205]), array([-0.03987041]))"
(0.03681192791783932+0j),[0.18907764],[1.],[0.31772263],[1.],"(array([0.13735444]), array([0.00213964]))","(array([0.06692225]), array([-0.04419121]))","(array([0.06412436]), array([-0.03969584]))","(array([0.06344951]), array([-0.03205068]))","(array([0.0612933]), array([-0.03451567]))","(array([0.06485332]), array([-0.03307765]))","(array([0.06658716]), array([-0.03478178]))","(array([0.06800154]), array([-0.03741262]))","(array([0.07194321]), array([-0.03503826]))","(array([0.07172207]), array([-0.03987066]))","(array([0.07478021]), array([-0.03646158]))"
(0.03722829716406141+0j),[0.17007611],[1.],[0.33025398],[1.],"(array([0.13881242]), array([-0.00159407]))","(array([0.06412424]), array([-0.03969607]))","(array([0.06344942]), array([-0.03205092]))","(array([0.06129321]), array([-0.0345159]))","(array([0.06485327]), array([-0.03307788]))","(array([0.06658712]), array([-0.03478201]))","(array([0.06800152]), array([-0.03741285]))","(array([0.07194322]), array([-0.03503849]))","(array([0.07172208]), array([-0.03987089]))","(array([0.07478026]), array([-0.0364618]))","(array([0.07283557]), array([-0.04096014]))"
(0.037643629291461325+0j),[0.18324363],[1.],[0.32518054],[1.],"(array([0.13883811]), array([-0.00139194]))","(array([0.06344934]), array([-0.03205111]))","(array([0.06129314]), array([-0.03451609]))","(array([0.06485321]), array([-0.03307807]))","(array([0.06658708]), array([-0.03478221]))","(array([0.06800149]), array([-0.03741304]))","(array([0.07194322]), array([-0.03503868]))","(array([0.07172209]), array([-0.03987107]))","(array([0.07478029]), array([-0.03646198]))","(array([0.0728356]), array([-0.04096031]))","(array([0.0705295]), array([-0.04555204]))"
(0.03470071133742222+0j),[0.19515659],[1.],[0.30031351],[1.],"(array([0.13498206]), array([0.00896311]))","(array([0.06129308]), array([-0.03451622]))","(array([0.06485317]), array([-0.03307821]))","(array([0.06658705]), array([-0.03478234]))","(array([0.06800147]), array([-0.03741318]))","(array([0.07194322]), array([-0.03503882]))","(array([0.07172209]), array([-0.03987121]))","(array([0.07478031]), array([-0.03646211]))","(array([0.07283562]), array([-0.04096044]))","(array([0.07052952]), array([-0.04555216]))","(array([0.07128586]), array([-0.04144203]))"
(0.03220985164807812+0j),[0.17299859],[1.],[0.29831975],[1.],"(array([0.12741174]), array([0.00918294]))","(array([0.06485314]), array([-0.03307831]))","(array([0.06658703]), array([-0.03478244]))","(array([0.06800145]), array([-0.03741328]))","(array([0.07194321]), array([-0.03503892]))","(array([0.0717221]), array([-0.03987131]))","(array([0.07478032]), array([-0.0364622]))","(array([0.07283564]), array([-0.04096054]))","(array([0.07052954]), array([-0.04555225]))","(array([0.07128589]), array([-0.04144212]))","(array([0.07090402]), array([-0.03541086]))"
(0.02972593914264303+0j),[0.17189656],[1.],[0.28309585],[1.],"(array([0.13045265]), array([0.00572189]))","(array([0.06658699]), array([-0.03478253]))","(array([0.06800143]), array([-0.03741337]))","(array([0.0719432]), array([-0.03503901]))","(array([0.07172208]), array([-0.0398714]))","(array([0.07478032]), array([-0.0364623]))","(array([0.07283564]), array([-0.04096063]))","(array([0.07052954]), array([-0.04555234]))","(array([0.0712859]), array([-0.0414422]))","(array([0.07090404]), array([-0.03541094]))","(array([0.06640181]), array([-0.03741074]))"
(0.032244010542291146+0j),[0.1957128],[1.],[0.28446791],[1.],"(array([0.1323573]), array([0.00382004]))","(array([0.06800137]), array([-0.03741347]))","(array([0.07194316]), array([-0.03503912]))","(array([0.07172205]), array([-0.03987151]))","(array([0.07478031]), array([-0.03646241]))","(array([0.07283563]), array([-0.04096073]))","(array([0.07052953]), array([-0.04555244]))","(array([0.07128591]), array([-0.0414423]))","(array([0.07090405]), array([-0.03541104]))","(array([0.06640182]), array([-0.03741084]))","(array([0.06631608]), array([-0.03765749]))"
(0.03464461367327492+0j),[0.19348518],[1.],[0.30117575],[1.],"(array([0.13401715]), array([0.0064849]))","(array([0.07194311]), array([-0.03503922]))","(array([0.071722]), array([-0.03987162]))","(array([0.07478028]), array([-0.03646252]))","(array([0.0728356]), array([-0.04096084]))","(array([0.07052951]), array([-0.04555255]))","(array([0.07128589]), array([-0.04144241]))","(array([0.07090405]), array([-0.03541114]))","(array([0.06640182]), array([-0.03741094]))","(array([0.06631609]), array([-0.03765759]))","(array([0.07102512]), array([-0.03522218]))"
(0.03686576174589074+0j),[0.17213412],[1.],[0.32660733],[1.],"(array([0.14151973]), array([0.00830805]))","(array([0.07172195]), array([-0.03987171]))","(array([0.07478024]), array([-0.03646261]))","(array([0.07283557]), array([-0.04096093]))","(array([0.07052948]), array([-0.04555264]))","(array([0.07128587]), array([-0.0414425]))","(array([0.07090404]), array([-0.03541123]))","(array([0.06640181]), array([-0.03741103]))","(array([0.06631609]), array([-0.03765768]))","(array([0.07102513]), array([-0.03522227]))","(array([0.07232826]), array([-0.03858151]))"
(0.035738390422129465+0j),[0.1662189],[1.],[0.32310497],[1.],"(array([0.14464412]), array([-0.00110501]))","(array([0.07478021]), array([-0.03646267]))","(array([0.07283554]), array([-0.04096099]))","(array([0.07052945]), array([-0.0455527]))","(array([0.07128586]), array([-0.04144256]))","(array([0.07090403]), array([-0.0354113]))","(array([0.0664018]), array([-0.03741109]))","(array([0.06631608]), array([-0.03765774]))","(array([0.07102514]), array([-0.03522233]))","(array([0.07232827]), array([-0.03858157]))","(array([0.0700341]), array([-0.04376912]))"
(0.03449616911819498+0j),[0.16470005],[1.],[0.31665997],[1.],"(array([0.1468651]), array([0.00092562]))","(array([0.07283551]), array([-0.04096103]))","(array([0.07052943]), array([-0.04555274]))","(array([0.07128584]), array([-0.0414426]))","(array([0.07090402]), array([-0.03541134]))","(array([0.06640179]), array([-0.03741113]))","(array([0.06631607]), array([-0.03765778]))","(array([0.07102514]), array([-0.03522237]))","(array([0.07232827]), array([-0.03858161]))","(array([0.0700341]), array([-0.04376916]))","(array([0.06842171]), array([-0.04373322]))"
(0.03349768966790879+0j),[0.16172515],[1.],[0.31228709],[1.],"(array([0.14355229]), array([-0.00379573]))","(array([0.07052941]), array([-0.04555276]))","(array([0.07128582]), array([-0.04144263]))","(array([0.07090401]), array([-0.03541137]))","(array([0.06640178]), array([-0.03741116]))","(array([0.06631606]), array([-0.03765781]))","(array([0.07102513]), array([-0.03522241]))","(array([0.07232827]), array([-0.03858164]))","(array([0.0700341]), array([-0.0437692]))","(array([0.06842171]), array([-0.04373326]))","(array([0.06754452]), array([-0.0426599]))"
(0.03532125996993347+0j),[0.14604707],[1.],[0.33029191],[1.],"(array([0.1420653]), array([-0.00893103]))","(array([0.07128581]), array([-0.04144265]))","(array([0.070904]), array([-0.03541138]))","(array([0.06640177]), array([-0.03741118]))","(array([0.06631605]), array([-0.03765783]))","(array([0.07102513]), array([-0.03522243]))","(array([0.07232827]), array([-0.03858167]))","(array([0.0700341]), array([-0.04376922]))","(array([0.06842171]), array([-0.04373328]))","(array([0.06754452]), array([-0.04265992]))","(array([0.06748332]), array([-0.04364105]))"
(0.03701723151230082+0j),[0.13705561],[1.],[0.34332501],[1.],"(array([0.14675185]), array([-0.00837395]))","(array([0.07090398]), array([-0.03541139]))","(array([0.06640176]), array([-0.03741119]))","(array([0.06631604]), array([-0.03765784]))","(array([0.07102512]), array([-0.03522244]))","(array([0.07232826]), array([-0.03858168]))","(array([0.07003409]), array([-0.04376924]))","(array([0.0684217]), array([-0.0437333]))","(array([0.06754451]), array([-0.04265994]))","(array([0.06748332]), array([-0.04364107]))","(array([0.06637137]), array([-0.04882118]))"
(0.03859101205425645+0j),[0.14256576],[1.],[0.34940786],[1.],"(array([0.14923805]), array([-0.00447138]))","(array([0.06640175]), array([-0.03741118]))","(array([0.06631604]), array([-0.03765784]))","(array([0.07102511]), array([-0.03522244]))","(array([0.07232826]), array([-0.03858169]))","(array([0.07003409]), array([-0.04376924]))","(array([0.0684217]), array([-0.0437333]))","(array([0.06754451]), array([-0.04265995]))","(array([0.06748331]), array([-0.04364107]))","(array([0.06637137]), array([-0.04882119]))","(array([0.06596188]), array([-0.05236931]))"
(0.035311554184893984+0j),[0.1518207],[1.],[0.32733604],[1.],"(array([0.14314322]), array([-0.00521412]))","(array([0.06631603]), array([-0.03765783]))","(array([0.07102511]), array([-0.03522244]))","(array([0.07232825]), array([-0.03858169]))","(array([0.07003408]), array([-0.04376924]))","(array([0.06842169]), array([-0.0437333]))","(array([0.0675445]), array([-0.04265995]))","(array([0.06748331]), array([-0.04364108]))","(array([0.06637136]), array([-0.0488212]))","(array([0.06596187]), array([-0.05236931]))","(array([0.06625421]), array([-0.05036155]))"
(0.03240513310056251+0j),[0.15014166],[1.],[0.31121246],[1.],"(array([0.13820831]), array([-0.00341079]))","(array([0.0710251]), array([-0.03522243]))","(array([0.07232824]), array([-0.03858168]))","(array([0.07003408]), array([-0.04376924]))","(array([0.06842169]), array([-0.0437333]))","(array([0.0675445]), array([-0.04265995]))","(array([0.0674833]), array([-0.04364108]))","(array([0.06637136]), array([-0.0488212]))","(array([0.06596187]), array([-0.05236931]))","(array([0.0662542]), array([-0.05036155]))","(array([0.06560494]), array([-0.04513704]))"
(0.02957244949088947+0j),[0.15523495],[1.],[0.29127164],[1.],"(array([0.13926217]), array([-0.00139184]))","(array([0.07232824]), array([-0.03858168]))","(array([0.07003407]), array([-0.04376923]))","(array([0.06842168]), array([-0.0437333]))","(array([0.06754449]), array([-0.04265994]))","(array([0.0674833]), array([-0.04364108]))","(array([0.06637135]), array([-0.0488212]))","(array([0.06596186]), array([-0.05236931]))","(array([0.0662542]), array([-0.05036155]))","(array([0.06560494]), array([-0.04513704]))","(array([0.06341669]), array([-0.04217976]))"
(0.02784890709490635+0j),[0.15750585],[1.],[0.27898773],[1.],"(array([0.13674205]), array([-0.00354024]))","(array([0.07003407]), array([-0.04376923]))","(array([0.06842168]), array([-0.04373329]))","(array([0.06754449]), array([-0.04265994]))","(array([0.06748329]), array([-0.04364107]))","(array([0.06637135]), array([-0.04882119]))","(array([0.06596186]), array([-0.05236931]))","(array([0.06625419]), array([-0.05036155]))","(array([0.06560494]), array([-0.04513704]))","(array([0.06341668]), array([-0.04217976]))","(array([0.06255368]), array([-0.0382633]))"
(0.026455870688690382+0j),[0.13986274],[1.],[0.27926917],[1.],"(array([0.13180385]), array([-0.00809776]))","(array([0.06842167]), array([-0.04373329]))","(array([0.06754448]), array([-0.04265994]))","(array([0.06748329]), array([-0.04364107]))","(array([0.06637135]), array([-0.04882119]))","(array([0.06596186]), array([-0.05236931]))","(array([0.06625419]), array([-0.05036155]))","(array([0.06560493]), array([-0.04513704]))","(array([0.06341668]), array([-0.04217976]))","(array([0.06255367]), array([-0.0382633]))","(array([0.06177729]), array([-0.03565848]))"
(0.025159985574586825+0j),[0.16020626],[1.],[0.25920654],[1.],"(array([0.13029538]), array([-0.01193993]))","(array([0.06754448]), array([-0.04265993]))","(array([0.06748328]), array([-0.04364106]))","(array([0.06637134]), array([-0.04882119]))","(array([0.06596185]), array([-0.05236931]))","(array([0.06625418]), array([-0.05036155]))","(array([0.06560493]), array([-0.04513704]))","(array([0.06341667]), array([-0.04217975]))","(array([0.06255367]), array([-0.0382633]))","(array([0.06177729]), array([-0.03565848]))","(array([0.05847071]), array([-0.03768754]))"
(0.024967956118557982+0j),[0.176727],[1.],[0.24710471],[1.],"(array([0.12579594]), array([-0.00641759]))","(array([0.06748328]), array([-0.04364106]))","(array([0.06637133]), array([-0.04882118]))","(array([0.06596184]), array([-0.0523693]))","(array([0.06625418]), array([-0.05036155]))","(array([0.06560492]), array([-0.04513704]))","(array([0.06341667]), array([-0.04217975]))","(array([0.06255366]), array([-0.0382633]))","(array([0.06177728]), array([-0.03565848]))","(array([0.0584707]), array([-0.03768754]))","(array([0.06051251]), array([-0.03232609]))"
(0.024834790916525525+0j),[0.17766752],[1.],[0.24562453],[1.],"(array([0.12307492]), array([-0.00374061]))","(array([0.06637133]), array([-0.04882117]))","(array([0.06596184]), array([-0.05236929]))","(array([0.06625417]), array([-0.05036154]))","(array([0.06560491]), array([-0.04513703]))","(array([0.06341666]), array([-0.04217975]))","(array([0.06255365]), array([-0.0382633]))","(array([0.06177727]), array([-0.03565848]))","(array([0.0584707]), array([-0.03768754]))","(array([0.06051251]), array([-0.03232609]))","(array([0.06235061]), array([-0.02819357]))"
(0.02485573741507577+0j),[0.17739802],[1.],[0.24610523],[1.],"(array([0.12166201]), array([-0.00858519]))","(array([0.06596183]), array([-0.05236929]))","(array([0.06625416]), array([-0.05036154]))","(array([0.0656049]), array([-0.04513703]))","(array([0.06341665]), array([-0.04217975]))","(array([0.06255364]), array([-0.03826329]))","(array([0.06177727]), array([-0.03565848]))","(array([0.05847069]), array([-0.03768754]))","(array([0.0605125]), array([-0.03232609]))","(array([0.06235061]), array([-0.02819357]))","(array([0.06249072]), array([-0.02776516]))"
(0.027502404188284875+0j),[0.1804727],[1.],[0.26361566],[1.],"(array([0.12349117]), array([-0.0121065]))","(array([0.06625415]), array([-0.05036153]))","(array([0.06560489]), array([-0.04513702]))","(array([0.06341664]), array([-0.04217974]))","(array([0.06255363]), array([-0.03826329]))","(array([0.06177725]), array([-0.03565848]))","(array([0.05847067]), array([-0.03768754]))","(array([0.06051248]), array([-0.03232609]))","(array([0.0623506]), array([-0.02819357]))","(array([0.06249071]), array([-0.02776517]))","(array([0.06363327]), array([-0.0296905]))"
(0.03012216202362332+0j),[0.18396611],[1.],[0.27929547],[1.],"(array([0.12760268]), array([-0.0094808]))","(array([0.06560487]), array([-0.04513701]))","(array([0.06341662]), array([-0.04217973]))","(array([0.06255361]), array([-0.03826329]))","(array([0.06177723]), array([-0.03565847]))","(array([0.05847065]), array([-0.03768754]))","(array([0.06051246]), array([-0.03232609]))","(array([0.06235058]), array([-0.02819358]))","(array([0.06249069]), array([-0.02776517]))","(array([0.06363325]), array([-0.02969051]))","(array([0.06607802]), array([-0.03268905]))"
(0.032650523461837895+0j),[0.19444117],[1.],[0.28873195],[1.],"(array([0.13039577]), array([-0.00362642]))","(array([0.06341659]), array([-0.04217972]))","(array([0.06255358]), array([-0.03826327]))","(array([0.0617772]), array([-0.03565847]))","(array([0.05847063]), array([-0.03768753]))","(array([0.06051244]), array([-0.03232609]))","(array([0.06235055]), array([-0.02819358]))","(array([0.06249067]), array([-0.02776518]))","(array([0.06363323]), array([-0.02969051]))","(array([0.066078]), array([-0.03268906]))","(array([0.06834468]), array([-0.03535531]))"
(0.028737914399313336+0j),[0.20446342],[1.],[0.25406114],[1.],"(array([0.12556531]), array([0.00155877]))","(array([0.06255355]), array([-0.03826326]))","(array([0.06177717]), array([-0.03565846]))","(array([0.0584706]), array([-0.03768752]))","(array([0.06051241]), array([-0.03232609]))","(array([0.06235052]), array([-0.02819358]))","(array([0.06249064]), array([-0.02776518]))","(array([0.0636332]), array([-0.02969052]))","(array([0.06607797]), array([-0.03268907]))","(array([0.06834466]), array([-0.03535532]))","(array([0.068953]), array([-0.03195316]))"
(0.02539036634491301+0j),[0.1992315],[1.],[0.23233125],[1.],"(array([0.11709425]), array([0.0075928]))","(array([0.06177715]), array([-0.03565844]))","(array([0.05847057]), array([-0.03768751]))","(array([0.06051238]), array([-0.03232608]))","(array([0.0623505]), array([-0.02819358]))","(array([0.06249061]), array([-0.02776518]))","(array([0.06363318]), array([-0.02969052]))","(array([0.06607795]), array([-0.03268907]))","(array([0.06834464]), array([-0.03535533]))","(array([0.06895298]), array([-0.03195317]))","(array([0.06698286]), array([-0.02430564]))"
(0.02242999137442356+0j),[0.18696595],[1.],[0.21800669],[1.],"(array([0.11155408]), array([0.00899155]))","(array([0.05847054]), array([-0.03768749]))","(array([0.06051236]), array([-0.03232607]))","(array([0.06235047]), array([-0.02819357]))","(array([0.06249059]), array([-0.02776518]))","(array([0.06363315]), array([-0.02969052]))","(array([0.06607792]), array([-0.03268907]))","(array([0.06834461]), array([-0.03535534]))","(array([0.06895296]), array([-0.03195318]))","(array([0.06698284]), array([-0.02430565]))","(array([0.0635565]), array([-0.02078312]))"
(0.02408382406600038+0j),[0.17402166],[1.],[0.24207495],[1.],"(array([0.10935517]), array([0.00431782]))","(array([0.06051233]), array([-0.03232606]))","(array([0.06235044]), array([-0.02819356]))","(array([0.06249056]), array([-0.02776517]))","(array([0.06363313]), array([-0.02969052]))","(array([0.0660779]), array([-0.03268908]))","(array([0.06834459]), array([-0.03535534]))","(array([0.06895294]), array([-0.03195319]))","(array([0.06698282]), array([-0.02430565]))","(array([0.06355648]), array([-0.02078313]))","(array([0.06181998]), array([-0.02306476]))"
(0.025661342853973774+0j),[0.18978088],[1.],[0.24283852],[1.],"(array([0.11663098]), array([0.00669722]))","(array([0.06235042]), array([-0.02819356]))","(array([0.06249054]), array([-0.02776517]))","(array([0.0636331]), array([-0.02969052]))","(array([0.06607788]), array([-0.03268907]))","(array([0.06834457]), array([-0.03535534]))","(array([0.06895291]), array([-0.03195319]))","(array([0.0669828]), array([-0.02430566]))","(array([0.06355646]), array([-0.02078314]))","(array([0.06181996]), array([-0.02306477]))","(array([0.06185448]), array([-0.02908857]))"
(0.027009152449865386+0j),[0.18342567],[1.],[0.25790657],[1.],"(array([0.11858507]), array([0.01419116]))","(array([0.06249051]), array([-0.02776516]))","(array([0.06363308]), array([-0.02969051]))","(array([0.06607785]), array([-0.03268907]))","(array([0.06834454]), array([-0.03535534]))","(array([0.06895289]), array([-0.03195319]))","(array([0.06698278]), array([-0.02430567]))","(array([0.06355644]), array([-0.02078314]))","(array([0.06181994]), array([-0.02306477]))","(array([0.06185446]), array([-0.02908858]))","(array([0.06482357]), array([-0.02750832]))"
(0.028881262451254167+0j),[0.16469336],[1.],[0.28309117],[1.],"(array([0.12241738]), array([0.01320807]))","(array([0.06363304]), array([-0.0296905]))","(array([0.06607782]), array([-0.03268907]))","(array([0.06834451]), array([-0.03535534]))","(array([0.06895286]), array([-0.0319532]))","(array([0.06698275]), array([-0.02430567]))","(array([0.06355641]), array([-0.02078315]))","(array([0.06181991]), array([-0.02306478]))","(array([0.06185443]), array([-0.02908859]))","(array([0.06482355]), array([-0.02750833]))","(array([0.06544731]), array([-0.03141162]))"
(0.030868887172643446+0j),[0.13044963],[1.],[0.31262132],[1.],"(array([0.12905587]), array([0.00720719]))","(array([0.06607777]), array([-0.03268905]))","(array([0.06834446]), array([-0.03535533]))","(array([0.06895281]), array([-0.0319532]))","(array([0.0669827]), array([-0.02430568]))","(array([0.06355636]), array([-0.02078316]))","(array([0.06181987]), array([-0.02306479]))","(array([0.06185439]), array([-0.0290886]))","(array([0.06482351]), array([-0.02750834]))","(array([0.06544727]), array([-0.03141164]))","(array([0.06466577]), array([-0.03820905]))"
(0.03291790150227331+0j),[0.13830464],[1.],[0.32140584],[1.],"(array([0.13791932]), array([-0.00325064]))","(array([0.06834439]), array([-0.03535532]))","(array([0.06895274]), array([-0.03195319]))","(array([0.06698263]), array([-0.02430567]))","(array([0.0635563]), array([-0.02078316]))","(array([0.06181981]), array([-0.02306479]))","(array([0.06185433]), array([-0.0290886]))","(array([0.06482345]), array([-0.02750836]))","(array([0.06544722]), array([-0.03141166]))","(array([0.06466572]), array([-0.03820907]))","(array([0.06141521]), array([-0.04749749]))"
(0.03141076334221893+0j),[0.13593633],[1.],[0.31353598],[1.],"(array([0.13979075]), array([-0.00412417]))","(array([0.06895266]), array([-0.03195317]))","(array([0.06698255]), array([-0.02430566]))","(array([0.06355622]), array([-0.02078315]))","(array([0.06181973]), array([-0.02306479]))","(array([0.06185425]), array([-0.0290886]))","(array([0.06482338]), array([-0.02750837]))","(array([0.06544715]), array([-0.03141168]))","(array([0.06466566]), array([-0.03820909]))","(array([0.06141515]), array([-0.04749751]))","(array([0.06277016]), array([-0.04625889]))"
(0.029936060738627684+0j),[0.13406437],[1.],[0.30551174],[1.],"(array([0.1386603]), array([-0.00132267]))","(array([0.06698246]), array([-0.02430565]))","(array([0.06355613]), array([-0.02078314]))","(array([0.06181964]), array([-0.02306478]))","(array([0.06185417]), array([-0.0290886]))","(array([0.0648233]), array([-0.02750838]))","(array([0.06544708]), array([-0.03141169]))","(array([0.06466559]), array([-0.03820911]))","(array([0.06141508]), array([-0.04749752]))","(array([0.0627701]), array([-0.04625891]))","(array([0.06138063]), array([-0.04505344]))"
(0.028518618808762962+0j),[0.11425075],[1.],[0.30504],[1.],"(array([0.13498239]), array([0.00572784]))","(array([0.06355602]), array([-0.02078311]))","(array([0.06181953]), array([-0.02306476]))","(array([0.06185407]), array([-0.02908858]))","(array([0.0648232]), array([-0.02750838]))","(array([0.06544698]), array([-0.0314117]))","(array([0.0646655]), array([-0.03820912]))","(array([0.061415]), array([-0.04749753]))","(array([0.06277002]), array([-0.04625893]))","(array([0.06138055]), array([-0.04505346]))","(array([0.06000976]), array([-0.04387305]))"
(0.02910209898475987+0j),[0.10161135],[1.],[0.31326709],[1.],"(array([0.13283302]), array([0.00480714]))","(array([0.06181938]), array([-0.02306471]))","(array([0.06185392]), array([-0.02908854]))","(array([0.06482306]), array([-0.02750837]))","(array([0.06544685]), array([-0.0314117]))","(array([0.06466537]), array([-0.03820913]))","(array([0.06141488]), array([-0.04749754]))","(array([0.0627699]), array([-0.04625894]))","(array([0.06138045]), array([-0.04505348]))","(array([0.06000966]), array([-0.04387308]))","(array([0.05680034]), array([-0.04720068]))"
(0.029772262256102643+0j),[0.08798282],[1.],[0.32151428],[1.],"(array([0.13294398]), array([-0.00019941]))","(array([0.06185373]), array([-0.02908848]))","(array([0.06482287]), array([-0.02750834]))","(array([0.06544667]), array([-0.03141169]))","(array([0.0646652]), array([-0.03820912]))","(array([0.06141471]), array([-0.04749753]))","(array([0.06276975]), array([-0.04625896]))","(array([0.0613803]), array([-0.04505351]))","(array([0.06000952]), array([-0.04387311]))","(array([0.05680022]), array([-0.04720072]))","(array([0.05536426]), array([-0.05016328]))"
(0.03048556665142015+0j),[0.08652388],[1.],[0.32619408],[1.],"(array([0.13478463]), array([-0.00907343]))","(array([0.06482264]), array([-0.02750829]))","(array([0.06544645]), array([-0.03141166]))","(array([0.06466499]), array([-0.03820911]))","(array([0.06141452]), array([-0.04749752]))","(array([0.06276956]), array([-0.04625896]))","(array([0.06138013]), array([-0.04505353]))","(array([0.06000936]), array([-0.04387314]))","(array([0.05680006]), array([-0.04720076]))","(array([0.05536412]), array([-0.05016332]))","(array([0.05379903]), array([-0.05315274]))"
(0.03248477512087528+0j),[0.11239889],[1.],[0.32989372],[1.],"(array([0.13962258]), array([-0.00785023]))","(array([0.06544621]), array([-0.03141162]))","(array([0.06466476]), array([-0.03820907]))","(array([0.06141431]), array([-0.04749748]))","(array([0.06276936]), array([-0.04625895]))","(array([0.06137993]), array([-0.04505353]))","(array([0.06000917]), array([-0.04387316]))","(array([0.05679989]), array([-0.04720078]))","(array([0.05536396]), array([-0.05016336]))","(array([0.05379888]), array([-0.05315278]))","(array([0.05442442]), array([-0.05494988]))"
(0.034449598744787605+0j),[0.10043792],[1.],[0.34450832],[1.],"(array([0.14102893]), array([-0.00597043]))","(array([0.06466451]), array([-0.03820902]))","(array([0.06141407]), array([-0.04749743]))","(array([0.06276913]), array([-0.04625893]))","(array([0.06137971]), array([-0.04505353]))","(array([0.06000897]), array([-0.04387318]))","(array([0.05679969]), array([-0.0472008]))","(array([0.05536377]), array([-0.05016339]))","(array([0.0537987]), array([-0.05315282]))","(array([0.05442426]), array([-0.05494993]))","(array([0.05982415]), array([-0.05273624]))"
(0.03649549622285242+0j),[0.07998951],[1.],[0.36039035],[1.],"(array([0.1434618]), array([-0.0152367]))","(array([0.0614138]), array([-0.04749734]))","(array([0.06276887]), array([-0.04625888]))","(array([0.06137947]), array([-0.0450535]))","(array([0.06000873]), array([-0.04387317]))","(array([0.05679947]), array([-0.0472008]))","(array([0.05536357]), array([-0.0501634]))","(array([0.05379851]), array([-0.05315285]))","(array([0.05442407]), array([-0.05494997]))","(array([0.05982399]), array([-0.05273632]))","(array([0.05929332]), array([-0.0567546]))"
(0.03499091221365385+0j),[0.09602377],[1.],[0.34835526],[1.],"(array([0.14161524]), array([-0.02879937]))","(array([0.06276859]), array([-0.04625881]))","(array([0.0613792]), array([-0.04505345]))","(array([0.06000847]), array([-0.04387315]))","(array([0.05679923]), array([-0.04720079]))","(array([0.05536334]), array([-0.05016341]))","(array([0.05379829]), array([-0.05315286]))","(array([0.05442387]), array([-0.05495001]))","(array([0.05982381]), array([-0.05273638]))","(array([0.05929315]), array([-0.05675467]))","(array([0.05629369]), array([-0.06010781]))"
(0.033595835883521954+0j),[0.10915117],[1.],[0.33673513],[1.],"(array([0.14029516]), array([-0.02406069]))","(array([0.0613789]), array([-0.04505338]))","(array([0.06000819]), array([-0.0438731]))","(array([0.05679895]), array([-0.04720076]))","(array([0.05536308]), array([-0.05016339]))","(array([0.05379805]), array([-0.05315287]))","(array([0.05442364]), array([-0.05495003]))","(array([0.0598236]), array([-0.05273645]))","(array([0.05929295]), array([-0.05675475]))","(array([0.0562935]), array([-0.06010789]))","(array([0.05798749]), array([-0.05604124]))"
(0.03239211064874431+0j),[0.10191464],[1.],[0.33223396],[1.],"(array([0.13638751]), array([-0.0199962]))","(array([0.06000786]), array([-0.04387303]))","(array([0.05679864]), array([-0.0472007]))","(array([0.05536278]), array([-0.05016336]))","(array([0.05379777]), array([-0.05315285]))","(array([0.05442338]), array([-0.05495004]))","(array([0.05982335]), array([-0.0527365]))","(array([0.05929272]), array([-0.05675482]))","(array([0.05629329]), array([-0.06010796]))","(array([0.05798729]), array([-0.05604134]))","(array([0.05920454]), array([-0.05243114]))"
(0.029397203532488498+0j),[0.10344928],[1.],[0.31441492],[1.],"(array([0.13281525]), array([-0.02043273]))","(array([0.05679826]), array([-0.04720059]))","(array([0.05536242]), array([-0.05016328]))","(array([0.05379742]), array([-0.05315281]))","(array([0.05442305]), array([-0.05495003]))","(array([0.05982305]), array([-0.05273655]))","(array([0.05929244]), array([-0.05675488]))","(array([0.05629301]), array([-0.06010803]))","(array([0.05798703]), array([-0.05604144]))","(array([0.05920431]), array([-0.05243126]))","(array([0.05670368]), array([-0.05133332]))"
(0.02687240571488846+0j),[0.09390678],[1.],[0.30213661],[1.],"(array([0.12576356]), array([-0.02333616]))","(array([0.05536196]), array([-0.05016316]))","(array([0.05379699]), array([-0.05315272]))","(array([0.05442263]), array([-0.05494999]))","(array([0.05982265]), array([-0.05273658]))","(array([0.05929207]), array([-0.05675494]))","(array([0.05629266]), array([-0.0601081]))","(array([0.0579867]), array([-0.05604154]))","(array([0.059204]), array([-0.0524314]))","(array([0.05670339]), array([-0.05133347]))","(array([0.05514995]), array([-0.04779398]))"
(0.02463213606018602+0j),[0.12006351],[1.],[0.27806349],[1.],"(array([0.12166121]), array([-0.02831827]))","(array([0.05379644]), array([-0.05315255]))","(array([0.05442211]), array([-0.05494989]))","(array([0.05982215]), array([-0.05273658]))","(array([0.05929159]), array([-0.05675497]))","(array([0.0562922]), array([-0.06010815]))","(array([0.05798627]), array([-0.05604164]))","(array([0.0592036]), array([-0.05243154]))","(array([0.05670301]), array([-0.05133363]))","(array([0.05514959]), array([-0.04779416]))","(array([0.05206795]), array([-0.04649499]))"
(0.02234883861705408+0j),[0.12779604],[1.],[0.25849292],[1.],"(array([0.11441757]), array([-0.02547647]))","(array([0.05442142]), array([-0.05494968]))","(array([0.05982148]), array([-0.05273651]))","(array([0.05929095]), array([-0.05675495]))","(array([0.05629159]), array([-0.06010816]))","(array([0.05798569]), array([-0.05604172]))","(array([0.05920305]), array([-0.05243168]))","(array([0.05670248]), array([-0.05133379]))","(array([0.0551491]), array([-0.04779436]))","(array([0.05206748]), array([-0.0464952]))","(array([0.05427886]), array([-0.03866216]))"
(0.02038801171975345+0j),[0.11353877],[1.],[0.25078898],[1.],"(array([0.11072199]), array([-0.02552164]))","(array([0.05982064]), array([-0.05273635]))","(array([0.05929015]), array([-0.05675486]))","(array([0.05629082]), array([-0.0601081]))","(array([0.05798495]), array([-0.05604176]))","(array([0.05920234]), array([-0.05243181]))","(array([0.05670181]), array([-0.05133395]))","(array([0.05514846]), array([-0.04779456]))","(array([0.05206686]), array([-0.04649541]))","(array([0.0542783]), array([-0.03866246]))","(array([0.05363586]), array([-0.03404461]))"
(0.018366540776153767+0j),[0.12614497],[1.],[0.22875858],[1.],"(array([0.11429492]), array([-0.02648968]))","(array([0.05928918]), array([-0.05675467]))","(array([0.0562899]), array([-0.06010795]))","(array([0.05798405]), array([-0.05604173]))","(array([0.05920147]), array([-0.05243188]))","(array([0.05670097]), array([-0.05133407]))","(array([0.05514766]), array([-0.04779474]))","(array([0.0520661]), array([-0.04649561]))","(array([0.05427759]), array([-0.03866276]))","(array([0.05363519]), array([-0.03404496]))","(array([0.04996767]), array([-0.03405379]))"
(0.016587610529843998+0j),[0.13932989],[1.],[0.20536529],[1.],"(array([0.10875564]), array([-0.02763016]))","(array([0.05628881]), array([-0.06010769]))","(array([0.05798298]), array([-0.05604162]))","(array([0.05920044]), array([-0.0524319]))","(array([0.05669998]), array([-0.05133414]))","(array([0.0551467]), array([-0.04779488]))","(array([0.05206518]), array([-0.04649578]))","(array([0.05427673]), array([-0.03866306]))","(array([0.05363438]), array([-0.03404532]))","(array([0.04996688]), array([-0.03405413]))","(array([0.04995608]), array([-0.02827809]))"
(0.015276779026096818+0j),[0.13078436],[1.],[0.19894036],[1.],"(array([0.10068417]), array([-0.02799687]))","(array([0.05798176]), array([-0.05604139]))","(array([0.05919925]), array([-0.05243182]))","(array([0.05669882]), array([-0.05133413]))","(array([0.05514558]), array([-0.04779496]))","(array([0.05206409]), array([-0.0464959]))","(array([0.0542757]), array([-0.03866333]))","(array([0.0536334]), array([-0.03404567]))","(array([0.04996593]), array([-0.03405446]))","(array([0.0499552]), array([-0.0282785]))","(array([0.05000674]), array([-0.02239337]))"
(0.013952082761292953+0j),[0.13467915],[1.],[0.18332881],[1.],"(array([0.10092235]), array([-0.0259071]))","(array([0.05919804]), array([-0.05243166]))","(array([0.05669764]), array([-0.05133405]))","(array([0.05514444]), array([-0.04779497]))","(array([0.05206299]), array([-0.04649595]))","(array([0.05427464]), array([-0.03866354]))","(array([0.05363239]), array([-0.03404596]))","(array([0.04996495]), array([-0.03405473]))","(array([0.04995428]), array([-0.02827886]))","(array([0.05000589]), array([-0.0223938]))","(array([0.0475677]), array([-0.02212172]))"
(0.012403392958698292+0j),[0.13774628],[1.],[0.16419293],[1.],"(array([0.09821245]), array([-0.02152695]))","(array([0.05669657]), array([-0.05133391]))","(array([0.05514339]), array([-0.04779492]))","(array([0.05206197]), array([-0.04649594]))","(array([0.05427366]), array([-0.03866367]))","(array([0.05363144]), array([-0.03404617]))","(array([0.04996403]), array([-0.03405493]))","(array([0.04995342]), array([-0.02827914]))","(array([0.05000509]), array([-0.02239416]))","(array([0.04756692]), array([-0.02212206]))","(array([0.04627185]), array([-0.01833617]))"
(0.011155980088073676+0j),[0.1297612],[1.],[0.15626978],[1.],"(array([0.09156409]), array([-0.01977955]))","(array([0.05514243]), array([-0.0477948]))","(array([0.05206103]), array([-0.04649586]))","(array([0.05427275]), array([-0.03866374]))","(array([0.05363056]), array([-0.03404631]))","(array([0.04996317]), array([-0.03405506]))","(array([0.04995261]), array([-0.02827934]))","(array([0.05000433]), array([-0.02239444]))","(array([0.04756619]), array([-0.02212232]))","(array([0.04627115]), array([-0.01833646]))","(array([0.04476095]), array([-0.01441992]))"
(0.009992680091279895+0j),[0.12065785],[1.],[0.14952185],[1.],"(array([0.08830496]), array([-0.01808261]))","(array([0.05206009]), array([-0.04649571]))","(array([0.05427183]), array([-0.03866373]))","(array([0.05362966]), array([-0.03404638]))","(array([0.0499623]), array([-0.03405512]))","(array([0.04995178]), array([-0.02827949]))","(array([0.05000354]), array([-0.02239466]))","(array([0.04756542]), array([-0.02212253]))","(array([0.04627043]), array([-0.01833671]))","(array([0.04476028]), array([-0.0144202]))","(array([0.0423131]), array([-0.01386443]))"
(0.010789859389766687+0j),[0.14268687],[1.],[0.14098734],[1.],"(array([0.08661626]), array([-0.01881812]))","(array([0.05427072]), array([-0.03866364]))","(array([0.05362857]), array([-0.03404638]))","(array([0.04996125]), array([-0.03405512]))","(array([0.04995077]), array([-0.02827959]))","(array([0.05000257]), array([-0.02239486]))","(array([0.04756449]), array([-0.02212272]))","(array([0.04626955]), array([-0.01833694]))","(array([0.04475944]), array([-0.01442046]))","(array([0.0423123]), array([-0.01386467]))","(array([0.0412479]), array([-0.01608882]))"
(0.011397630009597086+0j),[0.13523949],[1.],[0.15643453],[1.],"(array([0.08689165]), array([-0.00633973]))","(array([0.05362734]), array([-0.03404627]))","(array([0.04996005]), array([-0.03405501]))","(array([0.04994961]), array([-0.0282796]))","(array([0.05000146]), array([-0.02239499]))","(array([0.04756341]), array([-0.02212283]))","(array([0.04626852]), array([-0.01833711]))","(array([0.04475847]), array([-0.01442068]))","(array([0.04231136]), array([-0.01386487]))","(array([0.04124701]), array([-0.016089]))","(array([0.04430423]), array([-0.01208979]))"
(0.011960564693665248+0j),[0.13872055],[1.],[0.16079704],[1.],"(array([0.08965775]), array([-0.00347753]))","(array([0.04995879]), array([-0.03405481]))","(array([0.04994838]), array([-0.02827953]))","(array([0.05000027]), array([-0.02239504]))","(array([0.04756226]), array([-0.02212288]))","(array([0.04626742]), array([-0.01833722]))","(array([0.04475741]), array([-0.01442085]))","(array([0.04231035]), array([-0.01386502]))","(array([0.04124605]), array([-0.01608912]))","(array([0.04430336]), array([-0.01209009]))","(array([0.04448899]), array([-0.0159201]))"
(0.011394566915861687+0j),[0.14291927],[1.],[0.15019042],[1.],"(array([0.08540548]), array([-0.00272204]))","(array([0.04994726]), array([-0.0282794]))","(array([0.04999918]), array([-0.02239502]))","(array([0.0475612]), array([-0.02212285]))","(array([0.0462664]), array([-0.01833725]))","(array([0.04475644]), array([-0.01442094]))","(array([0.04230942]), array([-0.01386509]))","(array([0.04124517]), array([-0.01608918]))","(array([0.04430255]), array([-0.01209031]))","(array([0.04448823]), array([-0.01592033]))","(array([0.04485866]), array([-0.01503247]))"
(0.010801508673502146+0j),[0.14750988],[1.],[0.13784018],[1.],"(array([0.08306424]), array([0.00383424]))","(array([0.04999818]), array([-0.02239494]))","(array([0.04756024]), array([-0.02212276]))","(array([0.04626547]), array([-0.01833722]))","(array([0.04475555]), array([-0.01442096]))","(array([0.04230857]), array([-0.0138651]))","(array([0.04124435]), array([-0.01608918]))","(array([0.0443018]), array([-0.01209046]))","(array([0.04448753]), array([-0.0159205]))","(array([0.04485801]), array([-0.01503269]))","(array([0.04437005]), array([-0.01262429]))"
(0.010177680567516965+0j),[0.14941246],[1.],[0.12683329],[1.],"(array([0.08040035]), array([0.0105827]))","(array([0.0475592]), array([-0.02212259]))","(array([0.04626446]), array([-0.01833711]))","(array([0.04475458]), array([-0.01442091]))","(array([0.04230764]), array([-0.01386504]))","(array([0.04124347]), array([-0.01608911]))","(array([0.04430097]), array([-0.01209056]))","(array([0.04448675]), array([-0.01592062]))","(array([0.04485728]), array([-0.01503288]))","(array([0.04436938]), array([-0.01262455]))","(array([0.04376094]), array([-0.00984125]))"
(0.009163996490760287+0j),[0.14652778],[1.],[0.11418156],[1.],"(array([0.0746953]), array([0.01126712]))","(array([0.04626336]), array([-0.01833688]))","(array([0.0447535]), array([-0.01442075]))","(array([0.04230661]), array([-0.01386487]))","(array([0.0412425]), array([-0.01608893]))","(array([0.04430004]), array([-0.01209058]))","(array([0.04448587]), array([-0.01592066]))","(array([0.04485646]), array([-0.01503301]))","(array([0.04436861]), array([-0.01262475]))","(array([0.04376024]), array([-0.00984153]))","(array([0.04248469]), array([-0.00680683]))"
(0.008235679413653895+0j),[0.13859977],[1.],[0.10830348],[1.],"(array([0.07064983]), array([0.01432603]))","(array([0.04475235]), array([-0.01442047]))","(array([0.04230551]), array([-0.0138646]))","(array([0.04124146]), array([-0.01608865]))","(array([0.04429903]), array([-0.01209052]))","(array([0.04448491]), array([-0.01592063]))","(array([0.04485555]), array([-0.01503307]))","(array([0.04436776]), array([-0.01262491]))","(array([0.04375945]), array([-0.00984178]))","(array([0.04248396]), array([-0.00680715]))","(array([0.04048043]), array([-0.00478905]))"
(0.007354262886411389+0j),[0.12844614],[1.],[0.10518744],[1.],"(array([0.06788385]), array([0.01640302]))","(array([0.04230428]), array([-0.01386419]))","(array([0.0412403]), array([-0.01608825]))","(array([0.04429788]), array([-0.01209038]))","(array([0.04448382]), array([-0.01592052]))","(array([0.04485452]), array([-0.01503307]))","(array([0.04436678]), array([-0.01262501]))","(array([0.04375853]), array([-0.00984199]))","(array([0.0424831]), array([-0.00680746]))","(array([0.04047963]), array([-0.0047894]))","(array([0.03825998]), array([-0.00462203]))"
(0.008069543315651025+0j),[0.12685943],[1.],[0.11989],[1.],"(array([0.06789149]), array([0.01471257]))","(array([0.041239]), array([-0.0160877]))","(array([0.04429658]), array([-0.01209011]))","(array([0.04448258]), array([-0.0159203]))","(array([0.04485333]), array([-0.01503298]))","(array([0.04436564]), array([-0.01262505]))","(array([0.04375746]), array([-0.00984216]))","(array([0.0424821]), array([-0.00680774]))","(array([0.04047868]), array([-0.00478975]))","(array([0.03825907]), array([-0.0046224]))","(array([0.03754201]), array([-0.00787227]))"
(0.00891808849835992+0j),[0.11730319],[1.],[0.14178087],[1.],"(array([0.07008108]), array([0.01219338]))","(array([0.04429507]), array([-0.01208969]))","(array([0.04448115]), array([-0.01591994]))","(array([0.04485195]), array([-0.01503278]))","(array([0.04436431]), array([-0.012625]))","(array([0.0437562]), array([-0.00984227]))","(array([0.04248091]), array([-0.00680798]))","(array([0.04047755]), array([-0.00479007]))","(array([0.03825799]), array([-0.00462275]))","(array([0.03754097]), array([-0.00787263]))","(array([0.03891326]), array([-0.01083909]))"
(0.009789983968060302+0j),[0.11985242],[1.],[0.15165566],[1.],"(array([0.0778719]), array([0.01399074]))","(array([0.0444796]), array([-0.01591942]))","(array([0.04485045]), array([-0.01503244]))","(array([0.04436285]), array([-0.01262482]))","(array([0.04375479]), array([-0.00984227]))","(array([0.04247957]), array([-0.00680814]))","(array([0.04047627]), array([-0.00479033]))","(array([0.03825676]), array([-0.00462304]))","(array([0.0375398]), array([-0.00787294]))","(array([0.03891215]), array([-0.0108395]))","(array([0.03937503]), array([-0.01603988]))"
(0.010743283011480627+0j),[0.11469341],[1.],[0.16731646],[1.],"(array([0.08023292]), array([0.01081522]))","(array([0.04484887]), array([-0.01503196]))","(array([0.0443613]), array([-0.01262452]))","(array([0.0437533]), array([-0.00984217]))","(array([0.04247814]), array([-0.00680821]))","(array([0.04047489]), array([-0.0047905]))","(array([0.03825543]), array([-0.00462325]))","(array([0.03753852]), array([-0.00787317]))","(array([0.03891095]), array([-0.01083986]))","(array([0.03937388]), array([-0.01604026]))","(array([0.04102975]), array([-0.01759769]))"
(0.011737735132087845+0j),[0.12103154],[1.],[0.17445246],[1.],"(array([0.08403197]), array([0.01054538]))","(array([0.04435971]), array([-0.0126241]))","(array([0.04375175]), array([-0.00984196]))","(array([0.04247664]), array([-0.00680818]))","(array([0.04047344]), array([-0.00479058]))","(array([0.03825404]), array([-0.00462339]))","(array([0.03753718]), array([-0.00787333]))","(array([0.03890968]), array([-0.01084014]))","(array([0.03937266]), array([-0.01604058]))","(array([0.04102863]), array([-0.01759814]))","(array([0.04174245]), array([-0.02114659]))"
(0.012698627722261031+0j),[0.10229112],[1.],[0.19595424],[1.],"(array([0.08512007]), array([0.01428668]))","(array([0.04375027]), array([-0.00984166]))","(array([0.0424752]), array([-0.00680806]))","(array([0.04047203]), array([-0.00479058]))","(array([0.03825268]), array([-0.00462343]))","(array([0.03753587]), array([-0.0078734]))","(array([0.03890843]), array([-0.01084034]))","(array([0.03937146]), array([-0.01604081]))","(array([0.04102751]), array([-0.01759851]))","(array([0.0417414]), array([-0.02114702]))","(array([0.04368592]), array([-0.02184568]))"
(0.013670466337976021+0j),[0.11369817],[1.],[0.19939328],[1.],"(array([0.08917207]), array([0.01287974]))","(array([0.04247386]), array([-0.00680785]))","(array([0.04047072]), array([-0.00479047]))","(array([0.03825142]), array([-0.00462337]))","(array([0.03753466]), array([-0.00787337]))","(array([0.03890726]), array([-0.01084043]))","(array([0.03937034]), array([-0.01604095]))","(array([0.04102645]), array([-0.01759877]))","(array([0.0417404]), array([-0.02114734]))","(array([0.043685]), array([-0.02184611]))","(array([0.04238857]), array([-0.0279771]))"
(0.014588701629962543+0j),[0.10463332],[1.],[0.2129056],[1.],"(array([0.08867996]), array([0.01834716]))","(array([0.04046945]), array([-0.00479029]))","(array([0.03825019]), array([-0.00462325]))","(array([0.03753347]), array([-0.00787327]))","(array([0.03890611]), array([-0.01084045]))","(array([0.03936924]), array([-0.01604101]))","(array([0.04102541]), array([-0.01759896]))","(array([0.04173941]), array([-0.02114759]))","(array([0.04368409]), array([-0.02184648]))","(array([0.04238768]), array([-0.02797745]))","(array([0.04488833]), array([-0.02743941]))"
(0.015576767656431113+0j),[0.10370471],[1.],[0.22219949],[1.],"(array([0.08969193]), array([0.01832174]))","(array([0.03824889]), array([-0.00462301]))","(array([0.03753222]), array([-0.00787307]))","(array([0.0389049]), array([-0.01084038]))","(array([0.03936807]), array([-0.01604099]))","(array([0.04102429]), array([-0.01759907]))","(array([0.04173834]), array([-0.02114777]))","(array([0.04368309]), array([-0.02184679]))","(array([0.04238672]), array([-0.02797775]))","(array([0.04488746]), array([-0.02743984]))","(array([0.04462726]), array([-0.0310732]))"
(0.015608867025897578+0j),[0.08394328],[1.],[0.23067719],[1.],"(array([0.08859743]), array([0.01828033]))","(array([0.0375308]), array([-0.00787271]))","(array([0.0389035]), array([-0.01084018]))","(array([0.03936672]), array([-0.01604084]))","(array([0.04102299]), array([-0.01759909]))","(array([0.04173709]), array([-0.02114787]))","(array([0.04368191]), array([-0.02184704]))","(array([0.04238558]), array([-0.027978]))","(array([0.04488642]), array([-0.02744023]))","(array([0.04462628]), array([-0.03107364]))","(array([0.04500952]), array([-0.03215293]))"
(0.015730144030696076+0j),[0.08688497],[1.],[0.23062601],[1.],"(array([0.08975898]), array([0.01076456]))","(array([0.03890187]), array([-0.01083981]))","(array([0.03936514]), array([-0.01604054]))","(array([0.04102146]), array([-0.01759899]))","(array([0.04173562]), array([-0.02114788]))","(array([0.0436805]), array([-0.02184723]))","(array([0.04238423]), array([-0.02797819]))","(array([0.04488516]), array([-0.02744061]))","(array([0.04462509]), array([-0.03107407]))","(array([0.04500842]), array([-0.03215345]))","(array([0.04225477]), array([-0.035914]))"
(0.01583315373967916+0j),[0.0856548],[1.],[0.2319609],[1.],"(array([0.09108351]), array([0.00851719]))","(array([0.03936345]), array([-0.01604009]))","(array([0.0410198]), array([-0.01759876]))","(array([0.04173401]), array([-0.02114776]))","(array([0.04367895]), array([-0.02184732]))","(array([0.04238275]), array([-0.02797828]))","(array([0.04488377]), array([-0.02744091]))","(array([0.04462378]), array([-0.03107444]))","(array([0.04500719]), array([-0.03215392]))","(array([0.04225359]), array([-0.03591447]))","(array([0.04285487]), array([-0.03551391]))"
(0.019133514518490685+0j),[0.09614133],[1.],[0.25419529],[1.],"(array([0.09462476]), array([0.00317247]))","(array([0.04101811]), array([-0.0175984]))","(array([0.04173237]), array([-0.02114753]))","(array([0.04367736]), array([-0.02184731]))","(array([0.04238122]), array([-0.02797826]))","(array([0.04488233]), array([-0.02744112]))","(array([0.0446224]), array([-0.03107472]))","(array([0.04500591]), array([-0.03215432]))","(array([0.04225236]), array([-0.03591487]))","(array([0.04285372]), array([-0.03551441]))","(array([0.04426955]), array([-0.03825319]))"
(0.022506678110746997+0j),[0.10178328],[1.],[0.27631971],[1.],"(array([0.10109708]), array([0.00395508]))","(array([0.04173076]), array([-0.02114716]))","(array([0.04367577]), array([-0.02184716]))","(array([0.0423797]), array([-0.02797813]))","(array([0.04488087]), array([-0.02744121]))","(array([0.04462102]), array([-0.03107489]))","(array([0.0450046]), array([-0.03215461]))","(array([0.0422511]), array([-0.03591516]))","(array([0.04285255]), array([-0.03551482]))","(array([0.04426845]), array([-0.03825367]))","(array([0.04870572]), array([-0.04125485]))"
(0.025983291799989316+0j),[0.12713476],[1.],[0.28920901],[1.],"(array([0.10662442]), array([0.00172904]))","(array([0.0436741]), array([-0.02184685]))","(array([0.0423781]), array([-0.02797784]))","(array([0.04487932]), array([-0.02744117]))","(array([0.04461953]), array([-0.03107494]))","(array([0.04500319]), array([-0.0321548]))","(array([0.04224975]), array([-0.03591536]))","(array([0.04285127]), array([-0.03551515]))","(array([0.04426725]), array([-0.0382541]))","(array([0.04870462]), array([-0.04125541]))","(array([0.05225856]), array([-0.04476318]))"
(0.025555436306945453+0j),[0.1027783],[1.],[0.29572942],[1.],"(array([0.10861701]), array([0.00661801]))","(array([0.04237634]), array([-0.02797739]))","(array([0.04487759]), array([-0.027441]))","(array([0.04461786]), array([-0.03107487]))","(array([0.04500159]), array([-0.03215489]))","(array([0.04224822]), array([-0.03591547]))","(array([0.04284982]), array([-0.03551541]))","(array([0.04426588]), array([-0.03825446]))","(array([0.04870335]), array([-0.04125594]))","(array([0.05225739]), array([-0.04476383]))","(array([0.05712322]), array([-0.04201162]))"
(0.025262843858400785+0j),[0.09578559],[1.],[0.29596244],[1.],"(array([0.10878231]), array([-0.00472015]))","(array([0.04487573]), array([-0.02744067]))","(array([0.04461607]), array([-0.03107465]))","(array([0.04499986]), array([-0.03215485]))","(array([0.04224657]), array([-0.03591547]))","(array([0.04284825]), array([-0.03551556]))","(array([0.04426437]), array([-0.03825475]))","(array([0.04870195]), array([-0.0412564]))","(array([0.05225609]), array([-0.04476442]))","(array([0.05712208]), array([-0.0420124]))","(array([0.05334468]), array([-0.04588257]))"
(0.024887868412272+0j),[0.07692783],[1.],[0.2988609],[1.],"(array([0.11127365]), array([-0.00573294]))","(array([0.04461432]), array([-0.03107429]))","(array([0.04499817]), array([-0.03215467]))","(array([0.04224495]), array([-0.03591533]))","(array([0.04284669]), array([-0.0355156]))","(array([0.04426287]), array([-0.0382549]))","(array([0.04870054]), array([-0.04125675]))","(array([0.05225478]), array([-0.04476491]))","(array([0.05712091]), array([-0.04201308]))","(array([0.05334355]), array([-0.04588323]))","(array([0.05199884]), array([-0.04665019]))"
(0.02620723219094831+0j),[0.07627176],[1.],[0.30712071],[1.],"(array([0.11283244]), array([-0.01342512]))","(array([0.04499662]), array([-0.03215438]))","(array([0.04224347]), array([-0.0359151]))","(array([0.04284526]), array([-0.03551552]))","(array([0.04426148]), array([-0.03825494]))","(array([0.04869922]), array([-0.04125697]))","(array([0.05225356]), array([-0.04476527]))","(array([0.0571198]), array([-0.04201363]))","(array([0.0533425]), array([-0.04588378]))","(array([0.05199787]), array([-0.04665079]))","(array([0.04939403]), array([-0.05025563]))"
(0.02748253955454981+0j),[0.09087451],[1.],[0.31079076],[1.],"(array([0.11501424]), array([-0.01462541]))","(array([0.04224208]), array([-0.03591479]))","(array([0.04284391]), array([-0.03551537]))","(array([0.04426013]), array([-0.03825487]))","(array([0.04869793]), array([-0.0412571]))","(array([0.05225238]), array([-0.04476556]))","(array([0.05711873]), array([-0.04201411]))","(array([0.0533415]), array([-0.04588427]))","(array([0.05199699]), array([-0.04665134]))","(array([0.04939328]), array([-0.05025622]))","(array([0.05018971]), array([-0.05187402]))"
(0.02886285975651114+0j),[0.1054486],[1.],[0.31430674],[1.],"(array([0.11312452]), array([-0.01508699]))","(array([0.04284262]), array([-0.03551513]))","(array([0.04425884]), array([-0.03825472]))","(array([0.04869669]), array([-0.04125715]))","(array([0.05225123]), array([-0.04476575]))","(array([0.05711768]), array([-0.0420145]))","(array([0.05334055]), array([-0.04588468]))","(array([0.05199617]), array([-0.04665181]))","(array([0.0493926]), array([-0.05025674]))","(array([0.05018925]), array([-0.05187467]))","(array([0.05347893]), array([-0.05097342]))"
(0.031135816671520405+0j),[0.09624369],[1.],[0.33016178],[1.],"(array([0.11510173]), array([-0.01149552]))","(array([0.0442576]), array([-0.0382545]))","(array([0.04869549]), array([-0.04125711]))","(array([0.05225012]), array([-0.04476589]))","(array([0.05711665]), array([-0.04201479]))","(array([0.05333961]), array([-0.04588502]))","(array([0.05199534]), array([-0.04665222]))","(array([0.04939191]), array([-0.05025718]))","(array([0.05018875]), array([-0.05187525]))","(array([0.0534787]), array([-0.05097418]))","(array([0.05693148]), array([-0.05056963]))"
(0.03334981306210209+0j),[0.07374793],[1.],[0.34769493],[1.],"(array([0.11995173]), array([-0.01619627]))","(array([0.04869433]), array([-0.04125701]))","(array([0.05224901]), array([-0.04476595]))","(array([0.05711562]), array([-0.04201504]))","(array([0.05333864]), array([-0.04588528]))","(array([0.05199448]), array([-0.04665255]))","(array([0.04939114]), array([-0.05025755]))","(array([0.05018815]), array([-0.05187573]))","(array([0.05347831]), array([-0.05097485]))","(array([0.05693144]), array([-0.0505705]))","(array([0.0569504]), array([-0.05452509]))"
(0.03534319217987801+0j),[0.07611635],[1.],[0.35737011],[1.],"(array([0.12812111]), array([-0.02407518]))","(array([0.05224794]), array([-0.04476593]))","(array([0.0571146]), array([-0.04201519]))","(array([0.05333768]), array([-0.04588546]))","(array([0.05199358]), array([-0.04665278]))","(array([0.04939032]), array([-0.0502578]))","(array([0.05018744]), array([-0.05187609]))","(array([0.05347775]), array([-0.05097533]))","(array([0.05693111]), array([-0.05057114]))","(array([0.05695049]), array([-0.05452597]))","(array([0.05459369]), array([-0.06019575]))"
(0.038749144206010236+0j),[0.08952375],[1.],[0.37121588],[1.],"(array([0.13459556]), array([-0.0269819]))","(array([0.05711357]), array([-0.04201528]))","(array([0.05333668]), array([-0.04588555]))","(array([0.05199265]), array([-0.04665293]))","(array([0.04938946]), array([-0.05025798]))","(array([0.05018666]), array([-0.05187636]))","(array([0.05347709]), array([-0.05097571]))","(array([0.05693061]), array([-0.05057166]))","(array([0.0569503]), array([-0.05452665]))","(array([0.05459395]), array([-0.06019679]))","(array([0.05657569]), array([-0.0624241]))"
(0.041879481099488365+0j),[0.0652947],[1.],[0.39075399],[1.],"(array([0.14236216]), array([-0.02135496]))","(array([0.05333565]), array([-0.04588558]))","(array([0.05199168]), array([-0.04665301]))","(array([0.04938854]), array([-0.0502581]))","(array([0.0501858]), array([-0.05187655]))","(array([0.05347634]), array([-0.05097603]))","(array([0.05692998]), array([-0.0505721]))","(array([0.05694988]), array([-0.05452722]))","(array([0.05459381]), array([-0.06019762]))","(array([0.05657591]), array([-0.06242531]))","(array([0.06051722]), array([-0.06349819]))"
(0.04512256248914046+0j),[0.07016314],[1.],[0.40425483],[1.],"(array([0.14294079]), array([-0.0304704]))","(array([0.05199055]), array([-0.04665308]))","(array([0.04938751]), array([-0.05025811]))","(array([0.05018482]), array([-0.05187667]))","(array([0.05347543]), array([-0.05097633]))","(array([0.05692921]), array([-0.05057245]))","(array([0.05694924]), array([-0.05452773]))","(array([0.05459342]), array([-0.06019826]))","(array([0.05657579]), array([-0.06242625]))","(array([0.06051762]), array([-0.0634994]))","(array([0.05815299]), array([-0.06989375]))"
(0.045288500620169016+0j),[0.05907003],[1.],[0.40618806],[1.],"(array([0.14303492]), array([-0.030156]))","(array([0.04938624]), array([-0.05025807]))","(array([0.05018368]), array([-0.05187668]))","(array([0.05347433]), array([-0.05097655]))","(array([0.05692821]), array([-0.05057278]))","(array([0.05694841]), array([-0.05452814]))","(array([0.05459274]), array([-0.06019879]))","(array([0.05657539]), array([-0.06242696]))","(array([0.06051762]), array([-0.06350033]))","(array([0.05815336]), array([-0.06989504]))","(array([0.05980964]), array([-0.07059934]))"
(0.045546757521723415+0j),[0.07152224],[1.],[0.40480547],[1.],"(array([0.14091211]), array([-0.0361167]))","(array([0.05018231]), array([-0.05187667]))","(array([0.0534731]), array([-0.05097664]))","(array([0.05692701]), array([-0.05057307]))","(array([0.05694735]), array([-0.05452852]))","(array([0.05459184]), array([-0.06019918]))","(array([0.05657465]), array([-0.06242759]))","(array([0.06051721]), array([-0.06350108]))","(array([0.05815319]), array([-0.06989608]))","(array([0.05980993]), array([-0.07060088]))","(array([0.05801025]), array([-0.07219434]))"
(0.04580840166546764+0j),[0.06321638],[1.],[0.40685608],[1.],"(array([0.14138325]), array([-0.03495877]))","(array([0.05347187]), array([-0.05097671]))","(array([0.05692587]), array([-0.05057323]))","(array([0.05694627]), array([-0.05452884]))","(array([0.05459093]), array([-0.06019952]))","(array([0.05657388]), array([-0.06242809]))","(array([0.06051673]), array([-0.06350176]))","(array([0.05815293]), array([-0.06989693]))","(array([0.05981006]), array([-0.07060223]))","(array([0.05801034]), array([-0.07219562]))","(array([0.06025233]), array([-0.07052455]))"
(0.044710552683359675+0j),[0.08722885],[1.],[0.39698531],[1.],"(array([0.14446719]), array([-0.03590487]))","(array([0.05692485]), array([-0.05057334]))","(array([0.05694535]), array([-0.05452903]))","(array([0.0545901]), array([-0.06019975]))","(array([0.05657319]), array([-0.06242844]))","(array([0.06051624]), array([-0.06350224]))","(array([0.0581526]), array([-0.06989756]))","(array([0.05981003]), array([-0.07060317]))","(array([0.0580103]), array([-0.07219656]))","(array([0.06025256]), array([-0.07052566]))","(array([0.05855077]), array([-0.07126925]))"
(0.0436205708410669+0j),[0.08088751],[1.],[0.39298617],[1.],"(array([0.14567381]), array([-0.03022653]))","(array([0.05694454]), array([-0.05452917]))","(array([0.05458935]), array([-0.0601999]))","(array([0.05657253]), array([-0.06242871]))","(array([0.06051575]), array([-0.06350261]))","(array([0.0581522]), array([-0.06989802]))","(array([0.05980988]), array([-0.07060388]))","(array([0.05801011]), array([-0.07219724]))","(array([0.06025259]), array([-0.07052651]))","(array([0.05855099]), array([-0.07127028]))","(array([0.06199581]), array([-0.0666862]))"
(0.04261100506862258+0j),[0.08775347],[1.],[0.38653025],[1.],"(array([0.14481639]), array([-0.03547871]))","(array([0.0545886]), array([-0.06019998]))","(array([0.05657183]), array([-0.0624289]))","(array([0.06051522]), array([-0.06350289]))","(array([0.05815172]), array([-0.06989839]))","(array([0.05980961]), array([-0.07060443]))","(array([0.05800982]), array([-0.07219779]))","(array([0.06025246]), array([-0.07052717]))","(array([0.05855102]), array([-0.0712711]))","(array([0.06199612]), array([-0.06668716]))","(array([0.06043456]), array([-0.0665747]))"
(0.04367352148735452+0j),[0.14917607],[1.],[0.3722137],[1.],"(array([0.14206315]), array([-0.03950302]))","(array([0.05657104]), array([-0.06242902]))","(array([0.06051452]), array([-0.06350311]))","(array([0.0581512]), array([-0.06989871]))","(array([0.05980914]), array([-0.07060485]))","(array([0.05800946]), array([-0.07219825]))","(array([0.06025223]), array([-0.07052771]))","(array([0.05855087]), array([-0.07127175]))","(array([0.06199635]), array([-0.06668792]))","(array([0.06043503]), array([-0.06657559]))","(array([0.0616618]), array([-0.0654074]))"
(0.04483267139057335+0j),[0.07941744],[1.],[0.39804429],[1.],"(array([0.14084123]), array([-0.02817313]))","(array([0.06051367]), array([-0.0635032]))","(array([0.05815063]), array([-0.06989898]))","(array([0.05980863]), array([-0.07060514]))","(array([0.05800895]), array([-0.0721986]))","(array([0.06025195]), array([-0.07052813]))","(array([0.05855068]), array([-0.07127226]))","(array([0.06199636]), array([-0.06668843]))","(array([0.06043541]), array([-0.06657623]))","(array([0.06166235]), array([-0.06540828]))","(array([0.07180194]), array([-0.05585277]))"
(0.04550884675216393+0j),[0.08109801],[1.],[0.40051603],[1.],"(array([0.15036221]), array([-0.04456065]))","(array([0.05814972]), array([-0.06989925]))","(array([0.05980817]), array([-0.07060536]))","(array([0.05800822]), array([-0.07219896]))","(array([0.06025145]), array([-0.07052853]))","(array([0.0585504]), array([-0.07127277]))","(array([0.06199614]), array([-0.06668898]))","(array([0.06043543]), array([-0.06657679]))","(array([0.06166267]), array([-0.06540918]))","(array([0.07180255]), array([-0.05585392]))","(array([0.06132922]), array([-0.06834029]))"
(0.03987115568047539+0j),[0.08709442],[1.],[0.37237431],[1.],"(array([0.14516438]), array([-0.05042741]))","(array([0.0598073]), array([-0.07060548]))","(array([0.05800748]), array([-0.07219926]))","(array([0.06025077]), array([-0.07052887]))","(array([0.05854981]), array([-0.0712732]))","(array([0.06199572]), array([-0.06668943]))","(array([0.06043522]), array([-0.06657723]))","(array([0.06166254]), array([-0.06540994]))","(array([0.07180282]), array([-0.05585485]))","(array([0.06132993]), array([-0.06834163]))","(array([0.06037079]), array([-0.06562133]))"
(0.03490317536829721+0j),[0.10211367],[1.],[0.34281358],[1.],"(array([0.14058624]), array([-0.04978022]))","(array([0.05800649]), array([-0.07219929]))","(array([0.06024991]), array([-0.07052916]))","(array([0.05854902]), array([-0.07127358]))","(array([0.06199494]), array([-0.0666897]))","(array([0.06043467]), array([-0.06657754]))","(array([0.06166211]), array([-0.06541057]))","(array([0.07180251]), array([-0.05585541]))","(array([0.06133021]), array([-0.06834232]))","(array([0.06037173]), array([-0.06562249]))","(array([0.05842502]), array([-0.05954459]))"
(0.03077366822916855+0j),[0.11752],[1.],[0.31446826],[1.],"(array([0.13232168]), array([-0.04801871]))","(array([0.06024875]), array([-0.07052919]))","(array([0.05854827]), array([-0.07127385]))","(array([0.06199397]), array([-0.06668996]))","(array([0.06043378]), array([-0.06657775]))","(array([0.06166151]), array([-0.06541104]))","(array([0.07180189]), array([-0.05585594]))","(array([0.0613297]), array([-0.06834266]))","(array([0.06037183]), array([-0.06562305]))","(array([0.05842568]), array([-0.05954575]))","(array([0.05809892]), array([-0.05226933]))"
(0.026923660740767942+0j),[0.12801778],[1.],[0.28647995],[1.],"(array([0.12806406]), array([-0.04298865]))","(array([0.05854734]), array([-0.07127366]))","(array([0.06199306]), array([-0.06669036]))","(array([0.06043291]), array([-0.06657804]))","(array([0.06166074]), array([-0.06541108]))","(array([0.07180124]), array([-0.05585667]))","(array([0.06132904]), array([-0.06834282]))","(array([0.06037116]), array([-0.06562338]))","(array([0.05842584]), array([-0.05954655]))","(array([0.0580996]), array([-0.0522706]))","(array([0.05775873]), array([-0.04496015]))"
(0.023764869298124974+0j),[0.12796138],[1.],[0.26530446],[1.],"(array([0.12024329]), array([-0.04139585]))","(array([0.06199197]), array([-0.06669014]))","(array([0.06043231]), array([-0.06657868]))","(array([0.06165996]), array([-0.06541102]))","(array([0.07180047]), array([-0.05585705]))","(array([0.06132855]), array([-0.06834338]))","(array([0.06037036]), array([-0.06562334]))","(array([0.05842537]), array([-0.05954708]))","(array([0.05809993]), array([-0.05227161]))","(array([0.05775927]), array([-0.04496105]))","(array([0.05672241]), array([-0.03849136]))"
(0.02086078803838283+0j),[0.1329794],[1.],[0.24155153],[1.],"(array([0.11894299]), array([-0.03692856]))","(array([0.06043171]), array([-0.0665789]))","(array([0.06165919]), array([-0.06541113]))","(array([0.0717998]), array([-0.05585731]))","(array([0.06132791]), array([-0.06834369]))","(array([0.06036978]), array([-0.0656235]))","(array([0.05842474]), array([-0.05954729]))","(array([0.05809963]), array([-0.05227235]))","(array([0.05775933]), array([-0.04496201]))","(array([0.05672225]), array([-0.03849179]))","(array([0.05424927]), array([-0.03444035]))"
(0.021759674193403047+0j),[0.14574217],[1.],[0.24198551],[1.],"(array([0.11527289]), array([-0.03571329]))","(array([0.06165852]), array([-0.06541118]))","(array([0.07179909]), array([-0.0558576]))","(array([0.06132731]), array([-0.06834388]))","(array([0.06036913]), array([-0.06562368]))","(array([0.05842412]), array([-0.05954755]))","(array([0.05809924]), array([-0.05227269]))","(array([0.05775912]), array([-0.04496237]))","(array([0.05672193]), array([-0.03849208]))","(array([0.05424883]), array([-0.03444062]))","(array([0.05415112]), array([-0.03206146]))"
(0.02261876871465068+0j),[0.13409802],[1.],[0.25562602],[1.],"(array([0.11656001]), array([-0.03177021]))","(array([0.07179835]), array([-0.05585777]))","(array([0.06132658]), array([-0.06834405]))","(array([0.06036846]), array([-0.0656238]))","(array([0.05842344]), array([-0.05954775]))","(array([0.05809874]), array([-0.05227307]))","(array([0.05775879]), array([-0.04496285]))","(array([0.05672158]), array([-0.03849245]))","(array([0.0542484]), array([-0.03444084]))","(array([0.05415068]), array([-0.03206169]))","(array([0.0565848]), array([-0.03072602]))"
(0.022941548884677428+0j),[0.1498379],[1.],[0.24983928],[1.],"(array([0.12944933]), array([-0.02501231]))","(array([0.06132593]), array([-0.06834409]))","(array([0.0603676]), array([-0.06562389]))","(array([0.05842266]), array([-0.05954787]))","(array([0.05809817]), array([-0.05227346]))","(array([0.05775834]), array([-0.04496345]))","(array([0.05672115]), array([-0.03849294]))","(array([0.05424797]), array([-0.03444105]))","(array([0.05415027]), array([-0.03206187]))","(array([0.05658441]), array([-0.03072626]))","(array([0.05553841]), array([-0.03450473]))"
(0.024712138862045166+0j),[0.15470236],[1.],[0.26036433],[1.],"(array([0.11867996]), array([-0.03373368]))","(array([0.06036687]), array([-0.06562379]))","(array([0.05842178]), array([-0.05954799]))","(array([0.05809749]), array([-0.05227378]))","(array([0.05775789]), array([-0.04496388]))","(array([0.05672074]), array([-0.0384933]))","(array([0.05424746]), array([-0.03444124]))","(array([0.05414977]), array([-0.03206206]))","(array([0.05658396]), array([-0.0307265]))","(array([0.05553798]), array([-0.03450495]))","(array([0.05865038]), array([-0.03236518]))"
(0.026441596022918398+0j),[0.17509557],[1.],[0.26009945],[1.],"(array([0.12004493]), array([-0.03001889]))","(array([0.05842104]), array([-0.05954783]))","(array([0.05809662]), array([-0.05227402]))","(array([0.05775717]), array([-0.04496442]))","(array([0.05672018]), array([-0.03849378]))","(array([0.05424696]), array([-0.03444145]))","(array([0.05414927]), array([-0.03206225]))","(array([0.05658349]), array([-0.03072675]))","(array([0.05553755]), array([-0.03450519]))","(array([0.05864999]), array([-0.03236545]))","(array([0.06067344]), array([-0.0338806]))"
(0.028084771836500558+0j),[0.17319839],[1.],[0.27286075],[1.],"(array([0.1180753]), array([-0.01961872]))","(array([0.05809614]), array([-0.05227398]))","(array([0.05775638]), array([-0.04496488]))","(array([0.05671938]), array([-0.03849423]))","(array([0.05424629]), array([-0.03444162]))","(array([0.05414888]), array([-0.03206243]))","(array([0.05658295]), array([-0.03072698]))","(array([0.05553711]), array([-0.03450545]))","(array([0.0586496]), array([-0.03236577]))","(array([0.06067305]), array([-0.03388089]))","(array([0.06440604]), array([-0.03169787]))"
(0.030072497752753804+0j),[0.18050642],[1.],[0.28150938],[1.],"(array([0.12094259]), array([-0.01295003]))","(array([0.05775602]), array([-0.04496494]))","(array([0.05671878]), array([-0.03849447]))","(array([0.05424561]), array([-0.03444175]))","(array([0.05414844]), array([-0.0320625]))","(array([0.05658244]), array([-0.03072718]))","(array([0.05553668]), array([-0.03450563]))","(array([0.05864924]), array([-0.03236602]))","(array([0.06067266]), array([-0.03388112]))","(array([0.06440568]), array([-0.03169816]))","(array([0.06547823]), array([-0.03476491]))"
(0.031874968996889276+0j),[0.17646417],[1.],[0.29546927],[1.],"(array([0.1225004]), array([-0.00422168]))","(array([0.05671847]), array([-0.03849434]))","(array([0.05424511]), array([-0.0344418]))","(array([0.05414795]), array([-0.03206252]))","(array([0.05658201]), array([-0.03072729]))","(array([0.05553626]), array([-0.03450574]))","(array([0.05864889]), array([-0.03236617]))","(array([0.06067229]), array([-0.03388129]))","(array([0.06440536]), array([-0.03169838]))","(array([0.0654779]), array([-0.03476514]))","(array([0.06765648]), array([-0.03569891]))"
(0.03356253909841164+0j),[0.18725156],[1.],[0.29919789],[1.],"(array([0.12454801]), array([0.00119509]))","(array([0.05424474]), array([-0.03444168]))","(array([0.05414751]), array([-0.03206252]))","(array([0.05658159]), array([-0.03072734]))","(array([0.05553587]), array([-0.0345058]))","(array([0.05864853]), array([-0.03236627]))","(array([0.06067195]), array([-0.03388144]))","(array([0.06440505]), array([-0.03169857]))","(array([0.06547758]), array([-0.03476536]))","(array([0.06765617]), array([-0.03569914]))","(array([0.06828667]), array([-0.03889774]))"
(0.035347647429415714+0j),[0.20002752],[1.],[0.30166933],[1.],"(array([0.12305592]), array([0.00751566]))","(array([0.05414725]), array([-0.03206236]))","(array([0.05658123]), array([-0.03072736]))","(array([0.05553555]), array([-0.03450582]))","(array([0.05864823]), array([-0.03236634]))","(array([0.06067166]), array([-0.03388156]))","(array([0.06440479]), array([-0.03169871]))","(array([0.06547731]), array([-0.03476553]))","(array([0.06765592]), array([-0.03569933]))","(array([0.06828641]), array([-0.03889794]))","(array([0.07074147]), array([-0.03861385]))"
(0.036992167773497835+0j),[0.18771168],[1.],[0.31879805],[1.],"(array([0.1234947]), array([0.01264312]))","(array([0.05658093]), array([-0.03072731]))","(array([0.05553524]), array([-0.03450582]))","(array([0.05864795]), array([-0.03236636]))","(array([0.06067139]), array([-0.03388162]))","(array([0.06440453]), array([-0.03169883]))","(array([0.06547707]), array([-0.03476565]))","(array([0.06765568]), array([-0.03569949]))","(array([0.06828619]), array([-0.0388981]))","(array([0.07074125]), array([-0.03861404]))","(array([0.07338966]), array([-0.03770423]))"
(0.03854505060204266+0j),[0.19406047],[1.],[0.32360092],[1.],"(array([0.1296287]), array([0.0112361]))","(array([0.05553499]), array([-0.03450574]))","(array([0.05864769]), array([-0.03236635]))","(array([0.06067114]), array([-0.03388163]))","(array([0.0644043]), array([-0.03169888]))","(array([0.06547685]), array([-0.03476572]))","(array([0.06765547]), array([-0.03569958]))","(array([0.06828598]), array([-0.03889822]))","(array([0.07074106]), array([-0.03861418]))","(array([0.07338949]), array([-0.0377044]))","(array([0.07286524]), array([-0.04227981]))"
(0.036796191941150524+0j),[0.18848024],[1.],[0.31647993],[1.],"(array([0.12750123]), array([0.00894431]))","(array([0.05864748]), array([-0.03236626]))","(array([0.06067092]), array([-0.0338816]))","(array([0.06440409]), array([-0.03169888]))","(array([0.06547666]), array([-0.03476574]))","(array([0.06765528]), array([-0.03569963]))","(array([0.0682858]), array([-0.03889828]))","(array([0.07074088]), array([-0.03861427]))","(array([0.07338933]), array([-0.03770452]))","(array([0.07286509]), array([-0.04227994]))","(array([0.07361188]), array([-0.04059982]))"
(0.03500891319652519+0j),[0.19395803],[1.],[0.30221058],[1.],"(array([0.12898094]), array([0.00981103]))","(array([0.06067077]), array([-0.03388149]))","(array([0.0644039]), array([-0.03169887]))","(array([0.06547647]), array([-0.03476575]))","(array([0.06765511]), array([-0.03569966]))","(array([0.06828563]), array([-0.03889834]))","(array([0.07074071]), array([-0.03861434]))","(array([0.07338917]), array([-0.03770461]))","(array([0.07286493]), array([-0.04228005]))","(array([0.07361174]), array([-0.04059994]))","(array([0.07169318]), array([-0.03982211]))"
(0.03333035988040881+0j),[0.18386979],[1.],[0.29808961],[1.],"(array([0.12782264]), array([0.00954175]))","(array([0.06440374]), array([-0.0316988]))","(array([0.0654763]), array([-0.03476572]))","(array([0.06765496]), array([-0.03569965]))","(array([0.06828547]), array([-0.03889835]))","(array([0.07074056]), array([-0.03861438]))","(array([0.07338903]), array([-0.03770466]))","(array([0.07286479]), array([-0.04228012]))","(array([0.07361161]), array([-0.04060003]))","(array([0.07169305]), array([-0.0398222]))","(array([0.07118145]), array([-0.03644379]))"
(0.030259490464701836+0j),[0.17454659],[1.],[0.28424016],[1.],"(array([0.12958202]), array([0.00945976]))","(array([0.06547616]), array([-0.03476566]))","(array([0.06765482]), array([-0.03569962]))","(array([0.06828533]), array([-0.03889833]))","(array([0.07074042]), array([-0.03861438]))","(array([0.07338891]), array([-0.03770468]))","(array([0.07286467]), array([-0.04228015]))","(array([0.07361149]), array([-0.04060008]))","(array([0.07169294]), array([-0.03982226]))","(array([0.07118134]), array([-0.03644385]))","(array([0.06823347]), array([-0.03586693]))"
(0.027502799005611405+0j),[0.17769826],[1.],[0.26357712],[1.],"(array([0.12758219]), array([0.00442465]))","(array([0.0676547]), array([-0.03569955]))","(array([0.0682852]), array([-0.03889829]))","(array([0.07074029]), array([-0.03861436]))","(array([0.07338879]), array([-0.03770468]))","(array([0.07286456]), array([-0.04228016]))","(array([0.07361138]), array([-0.0406001]))","(array([0.07169283]), array([-0.03982229]))","(array([0.07118123]), array([-0.03644389]))","(array([0.06823336]), array([-0.03586698]))","(array([0.06499279]), array([-0.0341904]))"
(0.025018524058090897+0j),[0.18567244],[1.],[0.23957434],[1.],"(array([0.12516416]), array([0.00421438]))","(array([0.0682851]), array([-0.03889822]))","(array([0.07074018]), array([-0.03861432]))","(array([0.07338869]), array([-0.03770465]))","(array([0.07286446]), array([-0.04228015]))","(array([0.07361128]), array([-0.04060011]))","(array([0.07169273]), array([-0.0398223]))","(array([0.07118114]), array([-0.0364439]))","(array([0.06823327]), array([-0.035867]))","(array([0.06499269]), array([-0.03419042]))","(array([0.06332117]), array([-0.02984782]))"
(0.027323962399657706+0j),[0.18610993],[1.],[0.25720057],[1.],"(array([0.12441496]), array([0.0028503]))","(array([0.07074009]), array([-0.03861428]))","(array([0.0733886]), array([-0.03770462]))","(array([0.07286437]), array([-0.04228013]))","(array([0.07361119]), array([-0.0406001]))","(array([0.07169265]), array([-0.0398223]))","(array([0.07118106]), array([-0.03644392]))","(array([0.06823319]), array([-0.03586702]))","(array([0.06499262]), array([-0.03419044]))","(array([0.0633211]), array([-0.02984784]))","(array([0.06422019]), array([-0.02773574]))"
(0.029592954097106355+0j),[0.18945941],[1.],[0.27120786],[1.],"(array([0.13066595]), array([0.0032184]))","(array([0.07338852]), array([-0.03770458]))","(array([0.0728643]), array([-0.0422801]))","(array([0.07361112]), array([-0.04060009]))","(array([0.07169258]), array([-0.03982229]))","(array([0.07118099]), array([-0.03644391]))","(array([0.06823312]), array([-0.03586702]))","(array([0.06499255]), array([-0.03419045]))","(array([0.06332103]), array([-0.02984785]))","(array([0.06422013]), array([-0.02773576]))","(array([0.06619108]), array([-0.03098108]))"
(0.03175942073627277+0j),[0.18117301],[1.],[0.29117191],[1.],"(array([0.13631128]), array([0.00483763]))","(array([0.07286423]), array([-0.04228005]))","(array([0.07361105]), array([-0.04060005]))","(array([0.07169251]), array([-0.03982226]))","(array([0.07118091]), array([-0.03644389]))","(array([0.06823305]), array([-0.035867]))","(array([0.06499248]), array([-0.03419043]))","(array([0.06332096]), array([-0.02984785]))","(array([0.06422006]), array([-0.02773576]))","(array([0.06619102]), array([-0.03098109]))","(array([0.068304]), array([-0.0332217]))"
(0.0283018087958131+0j),[0.19191836],[1.],[0.26036827],[1.],"(array([0.1359156]), array([-0.00144925]))","(array([0.07361097]), array([-0.04059998]))","(array([0.07169243]), array([-0.0398222]))","(array([0.07118084]), array([-0.03644384]))","(array([0.06823297]), array([-0.03586696]))","(array([0.0649924]), array([-0.0341904]))","(array([0.06332088]), array([-0.02984782]))","(array([0.06421999]), array([-0.02773574]))","(array([0.06619094]), array([-0.03098109]))","(array([0.06830393]), array([-0.0332217]))","(array([0.06688616]), array([-0.03418879]))"
(0.02531035496414677+0j),[0.18970645],[1.],[0.23958047],[1.],"(array([0.12986816]), array([0.00256095]))","(array([0.07169235]), array([-0.03982212]))","(array([0.07118074]), array([-0.03644378]))","(array([0.06823288]), array([-0.0358669]))","(array([0.06499231]), array([-0.03419035]))","(array([0.06332079]), array([-0.02984778]))","(array([0.06421989]), array([-0.02773572]))","(array([0.06619085]), array([-0.03098107]))","(array([0.06830384]), array([-0.0332217]))","(array([0.06688608]), array([-0.03418879]))","(array([0.06550702]), array([-0.02713981]))"
(0.02272511553736698+0j),[0.17829239],[1.],[0.22779476],[1.],"(array([0.12342324]), array([0.00283878]))","(array([0.07118066]), array([-0.0364437]))","(array([0.06823279]), array([-0.03586683]))","(array([0.06499222]), array([-0.03419028]))","(array([0.0633207]), array([-0.02984773]))","(array([0.0642198]), array([-0.02773568]))","(array([0.06619076]), array([-0.03098105]))","(array([0.06830375]), array([-0.03322168]))","(array([0.06688599]), array([-0.03418879]))","(array([0.06550694]), array([-0.02713981]))","(array([0.06281084]), array([-0.02346994]))"
(0.024942608177068358+0j),[0.19373538],[1.],[0.23397234],[1.],"(array([0.12468974]), array([0.00362522]))","(array([0.0682327]), array([-0.03586676]))","(array([0.06499213]), array([-0.03419022]))","(array([0.06332061]), array([-0.02984768]))","(array([0.06421971]), array([-0.02773565]))","(array([0.06619067]), array([-0.03098102]))","(array([0.06830367]), array([-0.03322167]))","(array([0.06688591]), array([-0.03418878]))","(array([0.06550686]), array([-0.02713982]))","(array([0.06281076]), array([-0.02346995]))","(array([0.06145522]), array([-0.02630588]))"
(0.027181833909763347+0j),[0.17629494],[1.],[0.26401487],[1.],"(array([0.12315366]), array([0.00757467]))","(array([0.06499205]), array([-0.03419016]))","(array([0.06332052]), array([-0.02984763]))","(array([0.06421962]), array([-0.0277356]))","(array([0.06619059]), array([-0.03098099]))","(array([0.06830358]), array([-0.03322165]))","(array([0.06688583]), array([-0.03418877]))","(array([0.06550678]), array([-0.02713982]))","(array([0.06281068]), array([-0.02346995]))","(array([0.06145514]), array([-0.02630589]))","(array([0.06508184]), array([-0.02584234]))"
(0.0296659110252853+0j),[0.19003108],[1.],[0.2720525],[1.],"(array([0.12657929]), array([0.00536609]))","(array([0.06332044]), array([-0.02984757]))","(array([0.06421954]), array([-0.02773556]))","(array([0.06619051]), array([-0.03098096]))","(array([0.06830351]), array([-0.03322163]))","(array([0.06688575]), array([-0.03418875]))","(array([0.0655067]), array([-0.02713981]))","(array([0.06281061]), array([-0.02346995]))","(array([0.06145508]), array([-0.02630589]))","(array([0.06508178]), array([-0.02584235]))","(array([0.06505032]), array([-0.03355809]))"
(0.02903338481852269+0j),[0.18879522],[1.],[0.26839721],[1.],"(array([0.12442091]), array([0.01261856]))","(array([0.06421947]), array([-0.02773551]))","(array([0.06619044]), array([-0.03098092]))","(array([0.06830344]), array([-0.0332216]))","(array([0.06688568]), array([-0.03418872]))","(array([0.06550664]), array([-0.02713979]))","(array([0.06281054]), array([-0.02346993]))","(array([0.06145501]), array([-0.02630588]))","(array([0.06508171]), array([-0.02584235]))","(array([0.06505026]), array([-0.0335581]))","(array([0.06732696]), array([-0.03168158]))"
(0.028362906620758556+0j),[0.19078269],[1.],[0.26218803],[1.],"(array([0.124499]), array([0.01441063]))","(array([0.06619038]), array([-0.03098087]))","(array([0.06830337]), array([-0.03322156]))","(array([0.06688562]), array([-0.03418869]))","(array([0.06550657]), array([-0.02713976]))","(array([0.06281048]), array([-0.02346991]))","(array([0.06145495]), array([-0.02630586]))","(array([0.06508166]), array([-0.02584235]))","(array([0.06505021]), array([-0.03355809]))","(array([0.06732691]), array([-0.03168159]))","(array([0.06663937]), array([-0.03113063]))"
(0.027741416894174333+0j),[0.21326595],[1.],[0.23940417],[1.],"(array([0.12505804]), array([0.01168573]))","(array([0.06830331]), array([-0.03322152]))","(array([0.06688556]), array([-0.03418866]))","(array([0.06550651]), array([-0.02713974]))","(array([0.06281042]), array([-0.02346989]))","(array([0.06145489]), array([-0.02630585]))","(array([0.0650816]), array([-0.02584234]))","(array([0.06505015]), array([-0.03355809]))","(array([0.06732685]), array([-0.03168159]))","(array([0.06663932]), array([-0.03113063]))","(array([0.06638418]), array([-0.02964768]))"
(0.02573979760448877+0j),[0.20366045],[1.],[0.23181262],[1.],"(array([0.12082917]), array([0.01444923]))","(array([0.06688549]), array([-0.03418862]))","(array([0.06550644]), array([-0.02713971]))","(array([0.06281035]), array([-0.02346987]))","(array([0.06145482]), array([-0.02630583]))","(array([0.06508153]), array([-0.02584233]))","(array([0.06505009]), array([-0.03355809]))","(array([0.06732679]), array([-0.0316816]))","(array([0.06663926]), array([-0.03113065]))","(array([0.06638413]), array([-0.02964769]))","(array([0.06754701]), array([-0.02165345]))"
(0.023958623439714354+0j),[0.19076097],[1.],[0.22825824],[1.],"(array([0.11777739]), array([0.0113976]))","(array([0.06550635]), array([-0.02713967]))","(array([0.06281026]), array([-0.02346984]))","(array([0.06145474]), array([-0.0263058]))","(array([0.06508145]), array([-0.02584232]))","(array([0.06505001]), array([-0.03355808]))","(array([0.06732671]), array([-0.0316816]))","(array([0.06663919]), array([-0.03113065]))","(array([0.06638406]), array([-0.02964771]))","(array([0.06754695]), array([-0.02165347]))","(array([0.06492478]), array([-0.02128067]))"
(0.02217718148773113+0j),[0.17354457],[1.],[0.22740362],[1.],"(array([0.11565515]), array([0.01543959]))","(array([0.06281016]), array([-0.02346979]))","(array([0.06145464]), array([-0.02630576]))","(array([0.06508135]), array([-0.0258423]))","(array([0.06504992]), array([-0.03355806]))","(array([0.06732663]), array([-0.0316816]))","(array([0.0666391]), array([-0.03113066]))","(array([0.06638398]), array([-0.02964772]))","(array([0.06754687]), array([-0.0216535]))","(array([0.06492471]), array([-0.0212807]))","(array([0.06194912]), array([-0.02214062]))"
(0.023580528369125872+0j),[0.16952336],[1.],[0.24209932],[1.],"(array([0.11572643]), array([0.01523342]))","(array([0.06145453]), array([-0.02630571]))","(array([0.06508124]), array([-0.02584227]))","(array([0.06504981]), array([-0.03355803]))","(array([0.06732652]), array([-0.03168159]))","(array([0.066639]), array([-0.03113066]))","(array([0.06638388]), array([-0.02964774]))","(array([0.06754678]), array([-0.02165353]))","(array([0.06492462]), array([-0.02128073]))","(array([0.06194904]), array([-0.02214065]))","(array([0.0599761]), array([-0.02647536]))"
(0.0251218011307157+0j),[0.17967032],[1.],[0.24705644],[1.],"(array([0.11762479]), array([0.01157949]))","(array([0.0650811]), array([-0.02584222]))","(array([0.06504968]), array([-0.03355799]))","(array([0.06732639]), array([-0.03168157]))","(array([0.06663888]), array([-0.03113065]))","(array([0.06638376]), array([-0.02964774]))","(array([0.06754667]), array([-0.02165356]))","(array([0.06492451]), array([-0.02128076]))","(array([0.06194894]), array([-0.02214068]))","(array([0.05997601]), array([-0.02647539]))","(array([0.06089468]), array([-0.02970243]))"
(0.026489149971928423+0j),[0.17355987],[1.],[0.26163139],[1.],"(array([0.12224377]), array([0.01426306]))","(array([0.06504954]), array([-0.03355794]))","(array([0.06732625]), array([-0.03168154]))","(array([0.06663874]), array([-0.03113064]))","(array([0.06638363]), array([-0.02964774]))","(array([0.06754654]), array([-0.02165358]))","(array([0.06492439]), array([-0.02128079]))","(array([0.06194882]), array([-0.02214072]))","(array([0.05997589]), array([-0.02647543]))","(array([0.06089457]), array([-0.02970247]))","(array([0.06331355]), array([-0.02945184]))"
(0.026187351862824164+0j),[0.17152309],[1.],[0.26083094],[1.],"(array([0.12392353]), array([0.00539121]))","(array([0.0673261]), array([-0.0316815]))","(array([0.06663859]), array([-0.03113061]))","(array([0.06638348]), array([-0.02964773]))","(array([0.0675464]), array([-0.0216536]))","(array([0.06492425]), array([-0.02128082]))","(array([0.06194868]), array([-0.02214074]))","(array([0.05997576]), array([-0.02647546]))","(array([0.06089445]), array([-0.02970251]))","(array([0.06331344]), array([-0.0294519]))","(array([0.06316797]), array([-0.03151197]))"
(0.025795008325991683+0j),[0.17182848],[1.],[0.25785841],[1.],"(array([0.12597025]), array([0.00677591]))","(array([0.06663842]), array([-0.03113057]))","(array([0.06638331]), array([-0.02964772]))","(array([0.06754623]), array([-0.02165361]))","(array([0.06492409]), array([-0.02128084]))","(array([0.06194853]), array([-0.02214077]))","(array([0.05997562]), array([-0.02647548]))","(array([0.06089431]), array([-0.02970255]))","(array([0.06331331]), array([-0.02945195]))","(array([0.06316785]), array([-0.03151204]))","(array([0.06262721]), array([-0.03155881]))"
(0.025434588370691156+0j),[0.16637506],[1.],[0.25888212],[1.],"(array([0.1246473]), array([0.00738066]))","(array([0.06638313]), array([-0.02964768]))","(array([0.06754606]), array([-0.02165361]))","(array([0.06492392]), array([-0.02128085]))","(array([0.06194836]), array([-0.02214078]))","(array([0.05997546]), array([-0.0264755]))","(array([0.06089416]), array([-0.02970258]))","(array([0.06331317]), array([-0.029452]))","(array([0.06316772]), array([-0.0315121]))","(array([0.06262709]), array([-0.03155888]))","(array([0.0623562]), array([-0.03098174]))"
(0.026884543578781443+0j),[0.16659605],[1.],[0.26924011],[1.],"(array([0.12608772]), array([0.00762724]))","(array([0.06754586]), array([-0.0216536]))","(array([0.06492373]), array([-0.02128085]))","(array([0.06194818]), array([-0.02214079]))","(array([0.05997528]), array([-0.02647551]))","(array([0.06089399]), array([-0.02970261]))","(array([0.06331302]), array([-0.02945205]))","(array([0.06316757]), array([-0.03151215]))","(array([0.06262695]), array([-0.03155894]))","(array([0.06235607]), array([-0.03098182]))","(array([0.06213338]), array([-0.03306843]))"
(0.02813067312466236+0j),[0.14596858],[1.],[0.28931249],[1.],"(array([0.12949539]), array([0.01547272]))","(array([0.06492352]), array([-0.02128083]))","(array([0.06194797]), array([-0.02214078]))","(array([0.05997508]), array([-0.02647551]))","(array([0.0608938]), array([-0.02970262]))","(array([0.06331284]), array([-0.02945209]))","(array([0.0631674]), array([-0.03151221]))","(array([0.06262679]), array([-0.03155901]))","(array([0.06235592]), array([-0.03098189]))","(array([0.06213324]), array([-0.03306851]))","(array([0.06312719]), array([-0.03508691]))"
(0.029534895926814863+0j),[0.11284425],[1.],[0.31241864],[1.],"(array([0.13134353]), array([0.01129651]))","(array([0.06194769]), array([-0.02214075]))","(array([0.05997481]), array([-0.02647549]))","(array([0.06089354]), array([-0.02970263]))","(array([0.06331259]), array([-0.02945213]))","(array([0.06316717]), array([-0.03151226]))","(array([0.06262657]), array([-0.03155908]))","(array([0.06235572]), array([-0.03098198]))","(array([0.06213305]), array([-0.03306861]))","(array([0.06312702]), array([-0.03508703]))","(array([0.06142293]), array([-0.04123303]))"
(0.027714915996181217+0j),[0.10014161],[1.],[0.30581598],[1.],"(array([0.13119333]), array([0.00317166]))","(array([0.05997441]), array([-0.02647543]))","(array([0.06089316]), array([-0.0297026]))","(array([0.06331222]), array([-0.02945216]))","(array([0.06316682]), array([-0.03151231]))","(array([0.06262624]), array([-0.03155915]))","(array([0.0623554]), array([-0.03098208]))","(array([0.06213276]), array([-0.03306873]))","(array([0.06312675]), array([-0.03508717]))","(array([0.06142267]), array([-0.04123317]))","(array([0.05654415]), array([-0.04731268]))"
(0.026140929730749024+0j),[0.09170033],[1.],[0.2988204],[1.],"(array([0.12781679]), array([-0.00384794]))","(array([0.06089262]), array([-0.02970252]))","(array([0.0633117]), array([-0.02945215]))","(array([0.06316632]), array([-0.03151235]))","(array([0.06262576]), array([-0.03155923]))","(array([0.06235495]), array([-0.03098219]))","(array([0.06213233]), array([-0.03306887]))","(array([0.06312635]), array([-0.03508734]))","(array([0.0614223]), array([-0.04123335]))","(array([0.05654379]), array([-0.04731284]))","(array([0.05351733]), array([-0.04744004]))"
(0.024677722178141792+0j),[0.10687013],[1.],[0.28438081],[1.],"(array([0.12717575]), array([-0.00884771]))","(array([0.06331107]), array([-0.02945211]))","(array([0.0631657]), array([-0.03151235]))","(array([0.06262517]), array([-0.03155928]))","(array([0.06235439]), array([-0.03098229]))","(array([0.0621318]), array([-0.033069]))","(array([0.06312586]), array([-0.03508752]))","(array([0.06142183]), array([-0.04123353]))","(array([0.05654334]), array([-0.04731301]))","(array([0.05351691]), array([-0.04744022]))","(array([0.05120256]), array([-0.04697611]))"
(0.02607352396694917+0j),[0.11090712],[1.],[0.29227724],[1.],"(array([0.12845894]), array([-0.00526388]))","(array([0.06316504]), array([-0.03151232]))","(array([0.06262453]), array([-0.0315593]))","(array([0.06235378]), array([-0.03098237]))","(array([0.06213122]), array([-0.03306912]))","(array([0.06312532]), array([-0.03508768]))","(array([0.06142132]), array([-0.0412337]))","(array([0.05654285]), array([-0.04731317]))","(array([0.05351644]), array([-0.04744039]))","(array([0.05120213]), array([-0.0469763]))","(array([0.05352183]), array([-0.04432625]))"
(0.027471558620986526+0j),[0.09618264],[1.],[0.30633915],[1.],"(array([0.13004353]), array([-0.00638798]))","(array([0.06262384]), array([-0.03155928]))","(array([0.06235311]), array([-0.03098241]))","(array([0.06213058]), array([-0.03306921]))","(array([0.06312472]), array([-0.03508783]))","(array([0.06142076]), array([-0.04123386]))","(array([0.05654231]), array([-0.04731332]))","(array([0.05351594]), array([-0.04744055]))","(array([0.05120165]), array([-0.04697648]))","(array([0.0535214]), array([-0.04432648]))","(array([0.05519786]), array([-0.04535697]))"
(0.028864528964671773+0j),[0.11494639],[1.],[0.30853316],[1.],"(array([0.132599]), array([-0.0096741]))","(array([0.06235235]), array([-0.03098242]))","(array([0.06212986]), array([-0.03306926]))","(array([0.06312404]), array([-0.03508795]))","(array([0.06142011]), array([-0.041234]))","(array([0.05654169]), array([-0.04731345]))","(array([0.05351535]), array([-0.0474407]))","(array([0.0512011]), array([-0.04697665]))","(array([0.0535209]), array([-0.04432671]))","(array([0.05519741]), array([-0.04535724]))","(array([0.05394104]), array([-0.0496584]))"
(0.027864425120579617+0j),[0.12654476],[1.],[0.29773259],[1.],"(array([0.13119647]), array([-0.00498587]))","(array([0.06212901]), array([-0.03306927]))","(array([0.06312323]), array([-0.03508804]))","(array([0.06141935]), array([-0.04123411]))","(array([0.05654097]), array([-0.04731354]))","(array([0.05351466]), array([-0.04744082]))","(array([0.05120045]), array([-0.0469768]))","(array([0.05352031]), array([-0.04432694]))","(array([0.05519687]), array([-0.04535752]))","(array([0.05394053]), array([-0.04965868]))","(array([0.05693612]), array([-0.04662328]))"
(0.026992578380924965+0j),[0.11780893],[1.],[0.29582199],[1.],"(array([0.12860536]), array([-0.00446895]))","(array([0.06312231]), array([-0.03508806]))","(array([0.06141848]), array([-0.04123416]))","(array([0.05654014]), array([-0.04731358]))","(array([0.05351388]), array([-0.0474409]))","(array([0.05119971]), array([-0.04697692]))","(array([0.05351962]), array([-0.04432714]))","(array([0.05519624]), array([-0.04535778]))","(array([0.05393994]), array([-0.04965896]))","(array([0.05693559]), array([-0.04662362]))","(array([0.05800719]), array([-0.04327093]))"
(0.026158394496737222+0j),[0.14464277],[1.],[0.27814432],[1.],"(array([0.12915567]), array([-0.0083561]))","(array([0.06141746]), array([-0.04123415]))","(array([0.05653918]), array([-0.04731356]))","(array([0.05351296]), array([-0.04744092]))","(array([0.05119883]), array([-0.04697699]))","(array([0.05351881]), array([-0.04432732]))","(array([0.05519548]), array([-0.04535803]))","(array([0.05393923]), array([-0.04965923]))","(array([0.05693496]), array([-0.04662398]))","(array([0.05800663]), array([-0.04327134]))","(array([0.05616772]), array([-0.04382154]))"
(0.029074152535352723+0j),[0.1480308],[1.],[0.29555276],[1.],"(array([0.12620322]), array([-0.00845269]))","(array([0.056538]), array([-0.04731345]))","(array([0.05351184]), array([-0.04744087]))","(array([0.05119777]), array([-0.046977]))","(array([0.0535178]), array([-0.04432747]))","(array([0.05519454]), array([-0.04535827]))","(array([0.05393835]), array([-0.0496595]))","(array([0.05693416]), array([-0.04662436]))","(array([0.05800591]), array([-0.0432718]))","(array([0.05616706]), array([-0.04382202]))","(array([0.06078299]), array([-0.03971652]))"
(0.03228549448930678+0j),[0.13990631],[1.],[0.3187167],[1.],"(array([0.12523848]), array([-0.01364872]))","(array([0.05351045]), array([-0.04744072]))","(array([0.05119644]), array([-0.04697693]))","(array([0.05351654]), array([-0.04432758]))","(array([0.05519336]), array([-0.0453585]))","(array([0.05393723]), array([-0.04965977]))","(array([0.05693314]), array([-0.04662477]))","(array([0.05800499]), array([-0.04327231]))","(array([0.0561662]), array([-0.04382256]))","(array([0.06078226]), array([-0.03971718]))","(array([0.06350528]), array([-0.04266538]))"
(0.035644062400006386+0j),[0.13834807],[1.],[0.33805246],[1.],"(array([0.12734483]), array([-0.01557033]))","(array([0.05119479]), array([-0.04697671]))","(array([0.05351497]), array([-0.04432759]))","(array([0.05519188]), array([-0.04535867]))","(array([0.05393583]), array([-0.04965999]))","(array([0.05693185]), array([-0.04662518]))","(array([0.0580038]), array([-0.04327286]))","(array([0.05616508]), array([-0.04382315]))","(array([0.0607813]), array([-0.03971794]))","(array([0.06350442]), array([-0.0426662]))","(array([0.06451833]), array([-0.04800891]))"
(0.035986512611801136+0j),[0.15211664],[1.],[0.33355272],[1.],"(array([0.12744511]), array([-0.01546813]))","(array([0.05351306]), array([-0.04432744]))","(array([0.05519006]), array([-0.04535873]))","(array([0.05393411]), array([-0.04966013]))","(array([0.05693025]), array([-0.04662555]))","(array([0.05800232]), array([-0.04327341]))","(array([0.05616369]), array([-0.04382376]))","(array([0.06078007]), array([-0.03971876]))","(array([0.0635033]), array([-0.04266712]))","(array([0.06451728]), array([-0.04800986]))","(array([0.065413]), array([-0.05028235]))"
(0.03618819947408663+0j),[0.15763162],[1.],[0.3317089],[1.],"(array([0.12871657]), array([-0.00985564]))","(array([0.05518795]), array([-0.04535863]))","(array([0.05393211]), array([-0.04966012]))","(array([0.05692836]), array([-0.04662583]))","(array([0.05800055]), array([-0.0432739]))","(array([0.05616202]), array([-0.04382433]))","(array([0.06077859]), array([-0.0397196]))","(array([0.06350193]), array([-0.04266807]))","(array([0.06451599]), array([-0.04801087]))","(array([0.0654118]), array([-0.05028342]))","(array([0.06745601]), array([-0.04789434]))"
(0.03633387054471044+0j),[0.14094873],[1.],[0.3395696],[1.],"(array([0.1299431]), array([-0.00964861]))","(array([0.05392992]), array([-0.04965996]))","(array([0.05692628]), array([-0.04662599]))","(array([0.0579986]), array([-0.04327431]))","(array([0.05616016]), array([-0.04382483]))","(array([0.06077691]), array([-0.0397204]))","(array([0.06350038]), array([-0.04266902]))","(array([0.06451452]), array([-0.04801187]))","(array([0.06541043]), array([-0.05028451]))","(array([0.06745478]), array([-0.04789554]))","(array([0.06830426]), array([-0.04688699]))"
(0.037448118788451105+0j),[0.16860659],[1.],[0.33261781],[1.],"(array([0.1309775]), array([-0.01751497]))","(array([0.0569241]), array([-0.04662601]))","(array([0.05799651]), array([-0.0432746]))","(array([0.05615818]), array([-0.04382523]))","(array([0.0607751]), array([-0.03972113]))","(array([0.06349869]), array([-0.0426699]))","(array([0.06451292]), array([-0.04801283]))","(array([0.06540893]), array([-0.05028555]))","(array([0.06745344]), array([-0.04789672]))","(array([0.06830305]), array([-0.04688825]))","(array([0.06636302]), array([-0.05065481]))"
(0.03835087548703247+0j),[0.16744242],[1.],[0.33780114],[1.],"(array([0.13236587]), array([-0.00847552]))","(array([0.05799429]), array([-0.04327476]))","(array([0.05615606]), array([-0.04382552]))","(array([0.06077313]), array([-0.03972177]))","(array([0.06349685]), array([-0.04267073]))","(array([0.06451117]), array([-0.04801374]))","(array([0.06540728]), array([-0.05028656]))","(array([0.06745194]), array([-0.04789788]))","(array([0.06830169]), array([-0.04688951]))","(array([0.06636172]), array([-0.05065607]))","(array([0.07076121]), array([-0.04626134]))"
(0.03910369204378217+0j),[0.15569593],[1.],[0.34705346],[1.],"(array([0.13454626]), array([-0.0054644]))","(array([0.05615381]), array([-0.04382568]))","(array([0.06077103]), array([-0.03972233]))","(array([0.06349488]), array([-0.04267148]))","(array([0.06450929]), array([-0.04801459]))","(array([0.0654055]), array([-0.05028753]))","(array([0.06745032]), array([-0.04789901]))","(array([0.0683002]), array([-0.04689075]))","(array([0.06636029]), array([-0.05065731]))","(array([0.07076001]), array([-0.04626274]))","(array([0.07102191]), array([-0.0473928]))"
(0.04136426544421593+0j),[0.15302042],[1.],[0.35962386],[1.],"(array([0.13563026]), array([-0.00858936]))","(array([0.06076888]), array([-0.03972275]))","(array([0.06349284]), array([-0.04267211]))","(array([0.06450734]), array([-0.04801533]))","(array([0.06540366]), array([-0.05028839]))","(array([0.06744862]), array([-0.04790005]))","(array([0.06829864]), array([-0.04689192]))","(array([0.06635879]), array([-0.05065848]))","(array([0.07075873]), array([-0.04626409]))","(array([0.07102075]), array([-0.04739419]))","(array([0.07025493]), array([-0.05121244]))"
(0.043300247728058676+0j),[0.15645937],[1.],[0.36754843],[1.],"(array([0.14288641]), array([-0.00517673]))","(array([0.06349074]), array([-0.04267262]))","(array([0.06450532]), array([-0.04801595]))","(array([0.06540174]), array([-0.05028915]))","(array([0.06744684]), array([-0.047901]))","(array([0.06829698]), array([-0.046893]))","(array([0.06635721]), array([-0.05065958]))","(array([0.07075736]), array([-0.04626537]))","(array([0.0710195]), array([-0.04739553]))","(array([0.07025377]), array([-0.05121379]))","(array([0.07097786]), array([-0.05384464]))"
(0.045106368385220176+0j),[0.18445296],[1.],[0.36308815],[1.],"(array([0.14727076]), array([-0.00730236]))","(array([0.06450321]), array([-0.04801643]))","(array([0.06539972]), array([-0.05028978]))","(array([0.06744495]), array([-0.04790184]))","(array([0.06829522]), array([-0.04689399]))","(array([0.06635551]), array([-0.05066058]))","(array([0.07075587]), array([-0.0462666]))","(array([0.07101813]), array([-0.04739682]))","(array([0.07025249]), array([-0.0512151]))","(array([0.0709767]), array([-0.05384599]))","(array([0.07252295]), array([-0.05487224]))"
(0.04200035789814973+0j),[0.20671389],[1.],[0.3339106],[1.],"(array([0.14448003]), array([-0.00636227]))","(array([0.06539758]), array([-0.05029025]))","(array([0.06744293]), array([-0.04790254]))","(array([0.06829332]), array([-0.04689485]))","(array([0.06635368]), array([-0.05066148]))","(array([0.07075424]), array([-0.04626773]))","(array([0.07101663]), array([-0.04739804]))","(array([0.07025108]), array([-0.05121634]))","(array([0.07097542]), array([-0.05384729]))","(array([0.07252183]), array([-0.0548736]))","(array([0.07606334]), array([-0.04843667]))"
(0.03931676593661502+0j),[0.18025883],[1.],[0.33419214],[1.],"(array([0.13893773]), array([-0.00367991]))","(array([0.06744054]), array([-0.0479032]))","(array([0.06829106]), array([-0.04689572]))","(array([0.06635151]), array([-0.05066238]))","(array([0.07075228]), array([-0.04626893]))","(array([0.07101481]), array([-0.04739934]))","(array([0.07024937]), array([-0.05121769]))","(array([0.07097386]), array([-0.05384871]))","(array([0.07252045]), array([-0.0548751]))","(array([0.07606224]), array([-0.0484383]))","(array([0.0771374]), array([-0.04038446]))"
(0.03661451251606626+0j),[0.17628342],[1.],[0.32106996],[1.],"(array([0.14099766]), array([-0.00716042]))","(array([0.06828886]), array([-0.04689639]))","(array([0.06634938]), array([-0.0506631]))","(array([0.07075035]), array([-0.04626993]))","(array([0.07101301]), array([-0.04740046]))","(array([0.07024767]), array([-0.05121886]))","(array([0.07097231]), array([-0.05384996]))","(array([0.07251907]), array([-0.05487644]))","(array([0.07606111]), array([-0.04843979]))","(array([0.0771365]), array([-0.04038604]))","(array([0.07206439]), array([-0.04333272]))"
(0.036455663445132125+0j),[0.17753453],[1.],[0.31950865],[1.],"(array([0.14052019]), array([-0.00704734]))","(array([0.06634749]), array([-0.05066362]))","(array([0.07074861]), array([-0.04627072]))","(array([0.07101138]), array([-0.04740136]))","(array([0.07024613]), array([-0.05121981]))","(array([0.07097089]), array([-0.05385099]))","(array([0.0725178]), array([-0.05487756]))","(array([0.07606006]), array([-0.04844104]))","(array([0.07713565]), array([-0.04038738]))","(array([0.07206355]), array([-0.04333402]))","(array([0.07062734]), array([-0.04263111]))"
(0.036460066036993116+0j),[0.18251987],[1.],[0.31670559],[1.],"(array([0.13828121]), array([-0.01044827]))","(array([0.0707471]), array([-0.04627129]))","(array([0.07100996]), array([-0.04740203]))","(array([0.07024479]), array([-0.05122053]))","(array([0.07096966]), array([-0.05385179]))","(array([0.07251669]), array([-0.05487845]))","(array([0.07605912]), array([-0.04844205]))","(array([0.07713488]), array([-0.04038848]))","(array([0.07206279]), array([-0.04333507]))","(array([0.07062666]), array([-0.04263218]))","(array([0.07079547]), array([-0.04219001]))"
(0.03621339033500458+0j),[0.1960899],[1.],[0.30703967],[1.],"(array([0.14196184]), array([-0.00506471]))","(array([0.0710087]), array([-0.04740254]))","(array([0.07024359]), array([-0.05122108]))","(array([0.07096855]), array([-0.05385242]))","(array([0.07251568]), array([-0.05487916]))","(array([0.07605827]), array([-0.04844289]))","(array([0.07713416]), array([-0.04038939]))","(array([0.07206209]), array([-0.04333595]))","(array([0.07062603]), array([-0.04263307]))","(array([0.07079493]), array([-0.04219093]))","(array([0.07129434]), array([-0.04107145]))"
(0.032228420057266866+0j),[0.20441902],[1.],[0.27595081],[1.],"(array([0.13739931]), array([-0.00317978]))","(array([0.07024256]), array([-0.05122148]))","(array([0.07096758]), array([-0.05385289]))","(array([0.0725148]), array([-0.0548797]))","(array([0.07605751]), array([-0.04844354]))","(array([0.07713352]), array([-0.04039012]))","(array([0.07206145]), array([-0.04333666]))","(array([0.07062546]), array([-0.04263379]))","(array([0.07079443]), array([-0.04219167]))","(array([0.07129393]), array([-0.04107221]))","(array([0.07149419]), array([-0.03538536]))"
(0.028952311877926896+0j),[0.19206718],[1.],[0.26242353],[1.],"(array([0.12980977]), array([-0.00506194]))","(array([0.07096669]), array([-0.05385325]))","(array([0.07251399]), array([-0.05488014]))","(array([0.07605679]), array([-0.04844408]))","(array([0.0771329]), array([-0.04039074]))","(array([0.07206085]), array([-0.04333725]))","(array([0.07062491]), array([-0.04263441]))","(array([0.07079395]), array([-0.04219231]))","(array([0.07129352]), array([-0.04107287]))","(array([0.07149387]), array([-0.03538604]))","(array([0.06975967]), array([-0.02850763]))"
(0.02603063982872162+0j),[0.21171015],[1.],[0.22383251],[1.],"(array([0.12753759]), array([-0.01033305]))","(array([0.07251321]), array([-0.05488047]))","(array([0.0760561]), array([-0.04844451]))","(array([0.07713229]), array([-0.04039125]))","(array([0.07206025]), array([-0.04333774]))","(array([0.07062436]), array([-0.04263492]))","(array([0.07079346]), array([-0.04219285]))","(array([0.07129309]), array([-0.04107344]))","(array([0.07149352]), array([-0.03538664]))","(array([0.06975939]), array([-0.02850824]))","(array([0.06597568]), array([-0.02723235]))"
(0.026296257998481922+0j),[0.22030757],[1.],[0.21807521],[1.],"(array([0.12314594]), array([-0.00700794]))","(array([0.07605535]), array([-0.04844486]))","(array([0.07713161]), array([-0.04039169]))","(array([0.07205959]), array([-0.04333817]))","(array([0.07062375]), array([-0.04263538]))","(array([0.07079291]), array([-0.04219335]))","(array([0.0712926]), array([-0.04107397]))","(array([0.07149311]), array([-0.03538721]))","(array([0.06975905]), array([-0.02850883]))","(array([0.06597536]), array([-0.02723292]))","(array([0.06677581]), array([-0.01991357]))"
(0.02629835422331318+0j),[0.20079392],[1.],[0.23647789],[1.],"(array([0.12533474]), array([0.00115764]))","(array([0.07713078]), array([-0.04039211]))","(array([0.07205878]), array([-0.04333858]))","(array([0.070623]), array([-0.04263582]))","(array([0.07079222]), array([-0.04219384]))","(array([0.07129198]), array([-0.04107452]))","(array([0.07149258]), array([-0.03538781]))","(array([0.06975859]), array([-0.02850947]))","(array([0.06597492]), array([-0.02723355]))","(array([0.06677548]), array([-0.01991424]))","(array([0.06759744]), array([-0.01787659]))"
(0.026075071274670295+0j),[0.21015928],[1.],[0.22676795],[1.],"(array([0.13043326]), array([0.00471818]))","(array([0.07205799]), array([-0.04333883]))","(array([0.07062226]), array([-0.04263612]))","(array([0.07079153]), array([-0.0421942]))","(array([0.07129135]), array([-0.04107494]))","(array([0.07149202]), array([-0.03538828]))","(array([0.0697581]), array([-0.02850998]))","(array([0.06597445]), array([-0.02723406]))","(array([0.0667751]), array([-0.0199148]))","(array([0.06759713]), array([-0.01787718]))","(array([0.06571853]), array([-0.02360673]))"
(0.02547171455569991+0j),[0.21146139],[1.],[0.22064526],[1.],"(array([0.12277569]), array([0.00389943]))","(array([0.07062142]), array([-0.04263633]))","(array([0.07079075]), array([-0.04219449]))","(array([0.07129063]), array([-0.04107529]))","(array([0.07149137]), array([-0.03538871]))","(array([0.0697575]), array([-0.02851046]))","(array([0.06597388]), array([-0.02723453]))","(array([0.06677462]), array([-0.01991535]))","(array([0.06759673]), array([-0.01787776]))","(array([0.06571814]), array([-0.0236073]))","(array([0.06626896]), array([-0.02030437]))"
(0.0249329512724271+0j),[0.19577429],[1.],[0.23044982],[1.],"(array([0.12002991]), array([0.00487107]))","(array([0.0707899]), array([-0.04219469]))","(array([0.07128984]), array([-0.04107557]))","(array([0.07149064]), array([-0.03538908]))","(array([0.06975683]), array([-0.02851089]))","(array([0.06597324]), array([-0.02723496]))","(array([0.06677406]), array([-0.01991586]))","(array([0.06759624]), array([-0.01787832]))","(array([0.06571766]), array([-0.02360784]))","(array([0.06626857]), array([-0.02030495]))","(array([0.06584741]), array([-0.01903602]))"
(0.024393030991151306+0j),[0.19578143],[1.],[0.22620664],[1.],"(array([0.12235201]), array([0.00185366]))","(array([0.07128891]), array([-0.0410758]))","(array([0.07148979]), array([-0.03538942]))","(array([0.06975604]), array([-0.0285113]))","(array([0.06597247]), array([-0.02723538]))","(array([0.06677339]), array([-0.01991637]))","(array([0.06759565]), array([-0.0178789]))","(array([0.06571708]), array([-0.02360841]))","(array([0.06626808]), array([-0.02030557]))","(array([0.06584699]), array([-0.01903667]))","(array([0.06392865]), array([-0.0226307]))"
(0.024723654835284683+0j),[0.2006897],[1.],[0.22491819],[1.],"(array([0.12273191]), array([0.00294698]))","(array([0.07148881]), array([-0.03538972]))","(array([0.06975512]), array([-0.02851169]))","(array([0.06597158]), array([-0.02723578]))","(array([0.06677259]), array([-0.01991689]))","(array([0.06759493]), array([-0.01787949]))","(array([0.06571639]), array([-0.02360898]))","(array([0.06626749]), array([-0.02030621]))","(array([0.06584647]), array([-0.01903734]))","(array([0.06392815]), array([-0.02263137]))","(array([0.06384702]), array([-0.02254036]))"
(0.024898541953216006+0j),[0.19984569],[1.],[0.22734675],[1.],"(array([0.12264478]), array([0.00956931]))","(array([0.06975407]), array([-0.02851203]))","(array([0.06597057]), array([-0.02723613]))","(array([0.06677168]), array([-0.01991738]))","(array([0.0675941]), array([-0.01788008]))","(array([0.06571559]), array([-0.02360955]))","(array([0.06626678]), array([-0.02030686]))","(array([0.06584584]), array([-0.01903803]))","(array([0.06392755]), array([-0.02263205]))","(array([0.0638465]), array([-0.02254108]))","(array([0.0645144]), array([-0.0218237]))"
(0.02495935516542918+0j),[0.18741618],[1.],[0.23839394],[1.],"(array([0.1214896]), array([0.01608845]))","(array([0.06596946]), array([-0.02723642]))","(array([0.06677065]), array([-0.01991783]))","(array([0.06759316]), array([-0.01788063]))","(array([0.06571468]), array([-0.02361009]))","(array([0.06626598]), array([-0.02030749]))","(array([0.06584512]), array([-0.01903872]))","(array([0.06392686]), array([-0.02263273]))","(array([0.06384588]), array([-0.02254179]))","(array([0.06451388]), array([-0.02182445]))","(array([0.06449373]), array([-0.02250491]))"
(0.025612383058515008+0j),[0.18132091],[1.],[0.2482858],[1.],"(array([0.12064043]), array([0.01459564]))","(array([0.06676949]), array([-0.01991821]))","(array([0.06759209]), array([-0.01788114]))","(array([0.06571364]), array([-0.02361059]))","(array([0.06626505]), array([-0.0203081]))","(array([0.06584427]), array([-0.01903939]))","(array([0.06392605]), array([-0.0226334]))","(array([0.06384515]), array([-0.0225425]))","(array([0.06451325]), array([-0.02182522]))","(array([0.06449319]), array([-0.0225057]))","(array([0.06356391]), array([-0.02643139]))"
(0.026104549957171434+0j),[0.17249157],[1.],[0.25838923],[1.],"(array([0.123599]), array([0.02039374]))","(array([0.06759087]), array([-0.01788158]))","(array([0.06571247]), array([-0.02361103]))","(array([0.06626398]), array([-0.02030867]))","(array([0.06584329]), array([-0.01904004]))","(array([0.0639251]), array([-0.02263405]))","(array([0.0638443]), array([-0.02254321]))","(array([0.0645125]), array([-0.02182599]))","(array([0.06449253]), array([-0.02250651]))","(array([0.06356331]), array([-0.02643221]))","(array([0.06332685]), array([-0.02906081]))"
(0.026564003786812+0j),[0.16123422],[1.],[0.2690879],[1.],"(array([0.12662347]), array([0.02044041]))","(array([0.06571124]), array([-0.02361135]))","(array([0.06626285]), array([-0.02030914]))","(array([0.06584224]), array([-0.0190406]))","(array([0.06392409]), array([-0.02263461]))","(array([0.06384337]), array([-0.02254384]))","(array([0.06451167]), array([-0.02182669]))","(array([0.0644918]), array([-0.02250727]))","(array([0.06356264]), array([-0.02643298]))","(array([0.06332625]), array([-0.0290616]))","(array([0.06270504]), array([-0.03196369]))"
(0.028723447279515164+0j),[0.16423286],[1.],[0.28226046],[1.],"(array([0.1282687]), array([0.01237335]))","(array([0.06626172]), array([-0.0203095]))","(array([0.06584118]), array([-0.01904106]))","(array([0.06392307]), array([-0.02263507]))","(array([0.06384243]), array([-0.02254437]))","(array([0.06451083]), array([-0.02182731]))","(array([0.06449104]), array([-0.02250794]))","(array([0.06356193]), array([-0.02643367]))","(array([0.06332562]), array([-0.02906232]))","(array([0.06270448]), array([-0.03196442]))","(array([0.06244319]), array([-0.03618496]))"
(0.030799552000597204+0j),[0.14656761],[1.],[0.30497777],[1.],"(array([0.13168946]), array([0.0162525]))","(array([0.0658401]), array([-0.0190414]))","(array([0.06392204]), array([-0.02263543]))","(array([0.06384147]), array([-0.0225448]))","(array([0.06450995]), array([-0.02182783]))","(array([0.06449024]), array([-0.02250852]))","(array([0.0635612]), array([-0.02643427]))","(array([0.06332496]), array([-0.02906296]))","(array([0.06270389]), array([-0.03196509]))","(array([0.06244266]), array([-0.03618564]))","(array([0.06437827]), array([-0.03838196]))"
(0.032968006009042705+0j),[0.14565199],[1.],[0.31846476],[1.],"(array([0.13625948]), array([0.01360343]))","(array([0.06392102]), array([-0.02263568]))","(array([0.06384051]), array([-0.02254514]))","(array([0.06450907]), array([-0.02182826]))","(array([0.06448944]), array([-0.02250902]))","(array([0.06356045]), array([-0.02643479]))","(array([0.06332428]), array([-0.02906353]))","(array([0.06270328]), array([-0.03196568]))","(array([0.06244211]), array([-0.03618625]))","(array([0.06437781]), array([-0.03838261]))","(array([0.06348168]), array([-0.04466337]))"
(0.032372485063488755+0j),[0.14946324],[1.],[0.313116],[1.],"(array([0.13546556]), array([0.00989263]))","(array([0.06383959]), array([-0.02254535]))","(array([0.06450822]), array([-0.02182857]))","(array([0.06448865]), array([-0.0225094]))","(array([0.06355971]), array([-0.02643521]))","(array([0.0633236]), array([-0.02906398]))","(array([0.06270266]), array([-0.03196617]))","(array([0.06244155]), array([-0.03618677]))","(array([0.06437733]), array([-0.03838317]))","(array([0.06348124]), array([-0.04466393]))","(array([0.06394321]), array([-0.04569601]))"
(0.03180924257835991+0j),[0.1595378],[1.],[0.30465682],[1.],"(array([0.13421331]), array([0.01082167]))","(array([0.06450739]), array([-0.02182878]))","(array([0.06448788]), array([-0.02250968]))","(array([0.06355898]), array([-0.02643552]))","(array([0.06332293]), array([-0.02906435]))","(array([0.06270205]), array([-0.03196658]))","(array([0.06244099]), array([-0.03618721]))","(array([0.06437684]), array([-0.03838366]))","(array([0.0634808]), array([-0.04466442]))","(array([0.06394283]), array([-0.04569653]))","(array([0.0640841]), array([-0.04426263]))"
(0.031232013480704916+0j),[0.16260211],[1.],[0.29946238],[1.],"(array([0.13300797]), array([0.01373938]))","(array([0.06448704]), array([-0.02250988]))","(array([0.06355819]), array([-0.02643577]))","(array([0.0633222]), array([-0.02906465]))","(array([0.06270137]), array([-0.03196693]))","(array([0.06244037]), array([-0.03618759]))","(array([0.06437629]), array([-0.0383841]))","(array([0.06348029]), array([-0.04466488]))","(array([0.06394238]), array([-0.04569702]))","(array([0.06408372]), array([-0.04426315]))","(array([0.06505377]), array([-0.04153988]))"
(0.03163402331366644+0j),[0.15424663],[1.],[0.30633929],[1.],"(array([0.13250423]), array([0.01374995]))","(array([0.06355721]), array([-0.02643595]))","(array([0.06332128]), array([-0.02906492]))","(array([0.06270052]), array([-0.03196725]))","(array([0.06243958]), array([-0.03618797]))","(array([0.06437558]), array([-0.03838455]))","(array([0.06347963]), array([-0.04466536]))","(array([0.06394179]), array([-0.04569754]))","(array([0.0640832]), array([-0.04426372]))","(array([0.06505334]), array([-0.04154048]))","(array([0.06541116]), array([-0.04077553]))"
(0.03214443717164531+0j),[0.14565144],[1.],[0.31356449],[1.],"(array([0.13310346]), array([0.00808056]))","(array([0.06332017]), array([-0.0290651]))","(array([0.06269948]), array([-0.03196751]))","(array([0.06243861]), array([-0.0361883]))","(array([0.0643747]), array([-0.03838499]))","(array([0.06347881]), array([-0.04466582]))","(array([0.06394105]), array([-0.04569807]))","(array([0.06408255]), array([-0.0442643]))","(array([0.06505278]), array([-0.04154113]))","(array([0.06541068]), array([-0.04077622]))","(array([0.06466596]), array([-0.04297154]))"
(0.032701212510804274+0j),[0.1350788],[1.],[0.32148551],[1.],"(array([0.13445586]), array([0.00362473]))","(array([0.0626984]), array([-0.03196766]))","(array([0.06243759]), array([-0.03618852]))","(array([0.06437376]), array([-0.03838533]))","(array([0.06347793]), array([-0.0446662]))","(array([0.06394025]), array([-0.04569852]))","(array([0.06408182]), array([-0.04426483]))","(array([0.06505215]), array([-0.04154173]))","(array([0.06541014]), array([-0.04077686]))","(array([0.06466547]), array([-0.04297221]))","(array([0.06387869]), array([-0.04526138]))"
(0.028388189823005415+0j),[0.15610114],[1.],[0.28473961],[1.],"(array([0.13224074]), array([-0.00152929]))","(array([0.06243666]), array([-0.03618862]))","(array([0.06437289]), array([-0.03838554]))","(array([0.06347712]), array([-0.04466646]))","(array([0.0639395]), array([-0.04569885]))","(array([0.06408114]), array([-0.04426523]))","(array([0.06505154]), array([-0.0415422]))","(array([0.0654096]), array([-0.04077738]))","(array([0.06466498]), array([-0.04297275]))","(array([0.06387825]), array([-0.04526195]))","(array([0.06113209]), array([-0.0450071]))"
(0.02484336443224476+0j),[0.15009892],[1.],[0.26379541],[1.],"(array([0.12389613]), array([-0.00101513]))","(array([0.0643721]), array([-0.03838564]))","(array([0.06347638]), array([-0.04466661]))","(array([0.06393882]), array([-0.04569908]))","(array([0.06408051]), array([-0.04426552]))","(array([0.06505097]), array([-0.04154257]))","(array([0.06540909]), array([-0.0407778]))","(array([0.06466451]), array([-0.0429732]))","(array([0.06387782]), array([-0.04526241]))","(array([0.0611317]), array([-0.04500757]))","(array([0.06119129]), array([-0.03563945]))"
(0.021707009720309176+0j),[0.14100341],[1.],[0.24587978],[1.],"(array([0.12117176]), array([-0.00446826]))","(array([0.0634756]), array([-0.0446667]))","(array([0.06393809]), array([-0.04569925]))","(array([0.06407983]), array([-0.04426576]))","(array([0.06505035]), array([-0.04154289]))","(array([0.06540852]), array([-0.04077818]))","(array([0.06466399]), array([-0.04297361]))","(array([0.06387734]), array([-0.04526285]))","(array([0.06113125]), array([-0.04500802]))","(array([0.06119092]), array([-0.03563994]))","(array([0.05777359]), array([-0.03223196]))"
(0.021556527459306946+0j),[0.13875001],[1.],[0.24637603],[1.],"(array([0.1186597]), array([-0.01258883]))","(array([0.06393726]), array([-0.04569935]))","(array([0.06407904]), array([-0.04426595]))","(array([0.06504963]), array([-0.04154318]))","(array([0.06540786]), array([-0.04077854]))","(array([0.06466337]), array([-0.04297401]))","(array([0.06387677]), array([-0.04526328]))","(array([0.06113071]), array([-0.04500847]))","(array([0.06119047]), array([-0.03564045]))","(array([0.05777317]), array([-0.03223247]))","(array([0.05537274]), array([-0.03175266]))"
(0.02141493829429953+0j),[0.15016201],[1.],[0.23882585],[1.],"(array([0.11921819]), array([-0.01409098]))","(array([0.06407814]), array([-0.0442661]))","(array([0.06504878]), array([-0.04154344]))","(array([0.06540707]), array([-0.04077889]))","(array([0.06466264]), array([-0.04297441]))","(array([0.06387608]), array([-0.04526372]))","(array([0.06113007]), array([-0.04500893]))","(array([0.06118991]), array([-0.03564098]))","(array([0.05777265]), array([-0.03223301]))","(array([0.05537225]), array([-0.0317532]))","(array([0.05501462]), array([-0.03207132]))"
(0.02128074552796356+0j),[0.16191177],[1.],[0.23021966],[1.],"(array([0.11769568]), array([-0.01018394]))","(array([0.06504788]), array([-0.04154363]))","(array([0.06540623]), array([-0.04077918]))","(array([0.06466184]), array([-0.04297476]))","(array([0.06387533]), array([-0.04526411]))","(array([0.06112936]), array([-0.04500935]))","(array([0.06118929]), array([-0.03564148]))","(array([0.05777207]), array([-0.03223353]))","(array([0.0553717]), array([-0.03175373]))","(array([0.05501411]), array([-0.03207185]))","(array([0.05632532]), array([-0.02939387]))"
(0.020674407545396168+0j),[0.14649323],[1.],[0.23571154],[1.],"(array([0.11634524]), array([-0.00494429]))","(array([0.06540537]), array([-0.0407794]))","(array([0.06466103]), array([-0.04297504]))","(array([0.06387456]), array([-0.04526444]))","(array([0.06112863]), array([-0.04500971]))","(array([0.06118863]), array([-0.03564194]))","(array([0.05777145]), array([-0.032234]))","(array([0.05537111]), array([-0.0317542]))","(array([0.05501357]), array([-0.03207235]))","(array([0.05632485]), array([-0.02939441]))","(array([0.0573452]), array([-0.02612589]))"
(0.020046068956564737+0j),[0.15908838],[1.],[0.22239017],[1.],"(array([0.1179034]), array([-0.00758756]))","(array([0.06466018]), array([-0.04297524]))","(array([0.06387376]), array([-0.0452647]))","(array([0.06112786]), array([-0.04501001]))","(array([0.06118793]), array([-0.03564233]))","(array([0.05777078]), array([-0.03223442]))","(array([0.05537048]), array([-0.03175463]))","(array([0.05501298]), array([-0.0320728]))","(array([0.05632433]), array([-0.02939491]))","(array([0.05734475]), array([-0.02612642]))","(array([0.05499456]), array([-0.02886942]))"
(0.019561713061952507+0j),[0.15984355],[1.],[0.2178786],[1.],"(array([0.11424867]), array([-0.00695785]))","(array([0.06387296]), array([-0.04526488]))","(array([0.0611271]), array([-0.04501022]))","(array([0.06118722]), array([-0.03564264]))","(array([0.05777011]), array([-0.03223475]))","(array([0.05536983]), array([-0.03175498]))","(array([0.05501237]), array([-0.03207317]))","(array([0.05632379]), array([-0.02939534]))","(array([0.05734427]), array([-0.0261269]))","(array([0.0549941]), array([-0.02886988]))","(array([0.05598674]), array([-0.02493687]))"
(0.020050297629370932+0j),[0.17897229],[1.],[0.20724597],[1.],"(array([0.11335654]), array([-0.00902406]))","(array([0.06112637]), array([-0.04501036]))","(array([0.06118653]), array([-0.03564288]))","(array([0.05776945]), array([-0.03223501]))","(array([0.0553692]), array([-0.03175526]))","(array([0.05501178]), array([-0.03207348]))","(array([0.05632325]), array([-0.0293957]))","(array([0.05734379]), array([-0.02612731]))","(array([0.05499364]), array([-0.02887028]))","(array([0.05598634]), array([-0.02493731]))","(array([0.05612772]), array([-0.02473425]))"
(0.020581622937216378+0j),[0.19383214],[1.],[0.1986465],[1.],"(array([0.10833624]), array([-0.00457298]))","(array([0.06118588]), array([-0.03564306]))","(array([0.05776881]), array([-0.03223522]))","(array([0.05536859]), array([-0.03175548]))","(array([0.0550112]), array([-0.03207373]))","(array([0.05632272]), array([-0.029396]))","(array([0.05734332]), array([-0.02612766]))","(array([0.05499318]), array([-0.02887062]))","(array([0.05598595]), array([-0.02493769]))","(array([0.05612737]), array([-0.02473465]))","(array([0.05862515]), array([-0.02066681]))"
(0.02086306262846061+0j),[0.18606691],[1.],[0.20853631],[1.],"(array([0.10650308]), array([0.00782707]))","(array([0.05776817]), array([-0.03223539]))","(array([0.05536797]), array([-0.03175567]))","(array([0.05501061]), array([-0.03207395]))","(array([0.05632217]), array([-0.02939627]))","(array([0.05734283]), array([-0.02612799]))","(array([0.05499271]), array([-0.02887094]))","(array([0.05598554]), array([-0.02493805]))","(array([0.056127]), array([-0.02473502]))","(array([0.05862485]), array([-0.02066723]))","(array([0.06030529]), array([-0.0175113]))"
(0.020297273873613325+0j),[0.17487071],[1.],[0.21299066],[1.],"(array([0.10444647]), array([0.00944039]))","(array([0.05536727]), array([-0.03175581]))","(array([0.05500994]), array([-0.03207413]))","(array([0.05632155]), array([-0.02939652]))","(array([0.05734226]), array([-0.0261283]))","(array([0.05499216]), array([-0.02887124]))","(array([0.05598505]), array([-0.02493841]))","(array([0.05612655]), array([-0.0247354]))","(array([0.05862449]), array([-0.02066766]))","(array([0.060305]), array([-0.01751177]))","(array([0.0594319]), array([-0.01958727]))"
(0.019809507081980985+0j),[0.16364404],[1.],[0.21752832],[1.],"(array([0.10308505]), array([0.00744639]))","(array([0.05500916]), array([-0.03207427]))","(array([0.05632082]), array([-0.02939674]))","(array([0.05734158]), array([-0.0261286]))","(array([0.05499151]), array([-0.02887153]))","(array([0.05598446]), array([-0.02493876]))","(array([0.05612601]), array([-0.02473579]))","(array([0.05862403]), array([-0.02066812]))","(array([0.06030463]), array([-0.01751227]))","(array([0.05943156]), array([-0.01958778]))","(array([0.05780948]), array([-0.02172437]))"
(0.019360262786176988+0j),[0.15868382],[1.],[0.21735002],[1.],"(array([0.10373497]), array([0.00466855]))","(array([0.05632]), array([-0.0293969]))","(array([0.05734081]), array([-0.02612884]))","(array([0.05499077]), array([-0.02887178]))","(array([0.05598379]), array([-0.02493909]))","(array([0.05612539]), array([-0.02473615]))","(array([0.05862349]), array([-0.02066856]))","(array([0.06030417]), array([-0.01751277]))","(array([0.05943114]), array([-0.01958829]))","(array([0.05780908]), array([-0.02172489]))","(array([0.0561836]), array([-0.0238271]))"
(0.0188497759692326+0j),[0.16054328],[1.],[0.21157845],[1.],"(array([0.10497422]), array([0.00619108]))","(array([0.05733998]), array([-0.02612903]))","(array([0.05498997]), array([-0.02887196]))","(array([0.05598304]), array([-0.02493936]))","(array([0.05612469]), array([-0.02473647]))","(array([0.05862288]), array([-0.02066898]))","(array([0.06030364]), array([-0.01751326]))","(array([0.05943065]), array([-0.01958879]))","(array([0.05780862]), array([-0.02172539]))","(array([0.05618317]), array([-0.0238276]))","(array([0.05514772]), array([-0.02434252]))"
(0.018287950436228516+0j),[0.16168715],[1.],[0.20575267],[1.],"(array([0.10470371]), array([0.00978917]))","(array([0.05498914]), array([-0.02887208]))","(array([0.05598226]), array([-0.02493958]))","(array([0.05612396]), array([-0.02473674]))","(array([0.05862222]), array([-0.02066934]))","(array([0.06030306]), array([-0.01751371]))","(array([0.05943011]), array([-0.01958926]))","(array([0.05780811]), array([-0.02172586]))","(array([0.05618269]), array([-0.02382808]))","(array([0.05514728]), array([-0.024343]))","(array([0.05478847]), array([-0.02305979]))"
(0.017870148097931703+0j),[0.16411039],[1.],[0.20003369],[1.],"(array([0.10113032]), array([0.00736563]))","(array([0.05598141]), array([-0.02493973]))","(array([0.05612315]), array([-0.02473695]))","(array([0.05862148]), array([-0.02066967]))","(array([0.0603024]), array([-0.01751413]))","(array([0.05942949]), array([-0.0195897]))","(array([0.05780753]), array([-0.02172631]))","(array([0.05618213]), array([-0.02382854]))","(array([0.05514677]), array([-0.02434348]))","(array([0.05478802]), array([-0.0230603]))","(array([0.05445386]), array([-0.02184134]))"
(0.01690391420225249+0j),[0.16724941],[1.],[0.18800182],[1.],"(array([0.10031339]), array([0.01173559]))","(array([0.05612225]), array([-0.0247371]))","(array([0.05862064]), array([-0.02066996]))","(array([0.06030163]), array([-0.01751454]))","(array([0.05942877]), array([-0.01959013]))","(array([0.05780684]), array([-0.02172676]))","(array([0.05618148]), array([-0.02382899]))","(array([0.05514617]), array([-0.02434396]))","(array([0.05478748]), array([-0.02306081]))","(array([0.05445339]), array([-0.02184188]))","(array([0.05392831]), array([-0.02005574]))"
(0.016016097756143658+0j),[0.16215478],[1.],[0.18355711],[1.],"(array([0.09780726]), array([0.01262561]))","(array([0.05861971]), array([-0.0206702]))","(array([0.06030078]), array([-0.01751489]))","(array([0.05942796]), array([-0.01959052]))","(array([0.05780607]), array([-0.02172717]))","(array([0.05618075]), array([-0.02382941]))","(array([0.05514549]), array([-0.02434441]))","(array([0.05478686]), array([-0.02306131]))","(array([0.05445284]), array([-0.02184242]))","(array([0.05392782]), array([-0.02005632]))","(array([0.05320013]), array([-0.01741974]))"
(0.015065765935872305+0j),[0.15840111],[1.],[0.17707675],[1.],"(array([0.09926952]), array([0.01547515]))","(array([0.06029989]), array([-0.01751518]))","(array([0.05942711]), array([-0.01959085]))","(array([0.05780527]), array([-0.02172751]))","(array([0.05617998]), array([-0.02382977]))","(array([0.05514477]), array([-0.02434481]))","(array([0.05478621]), array([-0.02306176]))","(array([0.05445224]), array([-0.02184291]))","(array([0.0539273]), array([-0.02005685]))","(array([0.05319968]), array([-0.01742031]))","(array([0.05162829]), array([-0.01713184]))"
(0.013073287776715767+0j),[0.15740642],[1.],[0.15524056],[1.],"(array([0.09811952]), array([0.01773071]))","(array([0.05942627]), array([-0.01959108]))","(array([0.05780445]), array([-0.02172777]))","(array([0.0561792]), array([-0.02383005]))","(array([0.05514404]), array([-0.02434512]))","(array([0.05478553]), array([-0.02306213]))","(array([0.05445163]), array([-0.02184333]))","(array([0.05392674]), array([-0.02005731]))","(array([0.05319919]), array([-0.01742081]))","(array([0.05162785]), array([-0.01713236]))","(array([0.04943426]), array([-0.01513048]))"
(0.011431475942236967+0j),[0.16103209],[1.],[0.1292514],[1.],"(array([0.09246341]), array([0.0154908]))","(array([0.05780361]), array([-0.02172795]))","(array([0.0561784]), array([-0.02383026]))","(array([0.05514327]), array([-0.02434538]))","(array([0.05478482]), array([-0.02306244]))","(array([0.05445098]), array([-0.0218437]))","(array([0.05392615]), array([-0.02005773]))","(array([0.05319866]), array([-0.01742128]))","(array([0.05162736]), array([-0.01713285]))","(array([0.04943383]), array([-0.01513098]))","(array([0.04690095]), array([-0.01107074]))"
(0.010145343305950034+0j),[0.1566941],[1.],[0.1148437],[1.],"(array([0.08516386]), array([0.01420652]))","(array([0.05617751]), array([-0.02383041]))","(array([0.05514242]), array([-0.02434557]))","(array([0.05478403]), array([-0.02306271]))","(array([0.05445024]), array([-0.02184404]))","(array([0.05392546]), array([-0.02005812]))","(array([0.05319804]), array([-0.01742173]))","(array([0.05162679]), array([-0.01713332]))","(array([0.04943331]), array([-0.01513148]))","(array([0.0469005]), array([-0.01107126]))","(array([0.04480086]), array([-0.00572817]))"
(0.009491191613401584+0j),[0.15089099],[1.],[0.11194849],[1.],"(array([0.08124729]), array([0.01120397]))","(array([0.05514143]), array([-0.02434569]))","(array([0.05478309]), array([-0.02306292]))","(array([0.05444936]), array([-0.02184433]))","(array([0.05392464]), array([-0.02005849]))","(array([0.05319729]), array([-0.01742216]))","(array([0.05162609]), array([-0.01713379]))","(array([0.04943267]), array([-0.01513198]))","(array([0.04689993]), array([-0.01107179]))","(array([0.04480037]), array([-0.00572875]))","(array([0.04287612]), array([-0.00419474]))"
(0.008908487226391423+0j),[0.15228794],[1.],[0.09970104],[1.],"(array([0.07960031]), array([0.00942638]))","(array([0.05478202]), array([-0.02306305]))","(array([0.05444834]), array([-0.02184455]))","(array([0.05392369]), array([-0.0200588]))","(array([0.0531964]), array([-0.01742257]))","(array([0.05162526]), array([-0.01713424]))","(array([0.0494319]), array([-0.01513247]))","(array([0.04689923]), array([-0.01107233]))","(array([0.04479977]), array([-0.00572935]))","(array([0.04287557]), array([-0.00419536]))","(array([0.04147749]), array([-0.00429693]))"
(0.00837806819896865+0j),[0.1509261],[1.],[0.09151392],[1.],"(array([0.07655731]), array([0.01098558]))","(array([0.05444725]), array([-0.02184469]))","(array([0.05392265]), array([-0.02005904]))","(array([0.05319542]), array([-0.01742291]))","(array([0.05162434]), array([-0.01713463]))","(array([0.04943105]), array([-0.0151329]))","(array([0.04689845]), array([-0.01107282]))","(array([0.04479908]), array([-0.00572992]))","(array([0.04287493]), array([-0.00419595]))","(array([0.0414769]), array([-0.00429754]))","(array([0.04037522]), array([-0.00183462]))"
(0.00938354776172684+0j),[0.15080142],[1.],[0.11159814],[1.],"(array([0.07773839]), array([0.01187406]))","(array([0.05392157]), array([-0.02005919]))","(array([0.0531944]), array([-0.01742317]))","(array([0.05162337]), array([-0.01713494]))","(array([0.04943014]), array([-0.01513328]))","(array([0.04689762]), array([-0.01107326]))","(array([0.04479833]), array([-0.00573044]))","(array([0.04287424]), array([-0.0041965]))","(array([0.04147624]), array([-0.0042981]))","(array([0.04037464]), array([-0.00183523]))","(array([0.04084747]), array([-0.0033123]))"
(0.010542853876652327+0j),[0.14699453],[1.],[0.13490258],[1.],"(array([0.08163434]), array([0.01358467]))","(array([0.05319332]), array([-0.01742336]))","(array([0.05162234]), array([-0.01713519]))","(array([0.04942917]), array([-0.01513359]))","(array([0.04689671]), array([-0.01107365]))","(array([0.04479751]), array([-0.00573092]))","(array([0.04287347]), array([-0.00419702]))","(array([0.04147552]), array([-0.00429864]))","(array([0.040374]), array([-0.00183582]))","(array([0.0408469]), array([-0.00331293]))","(array([0.04299346]), array([-0.00717898]))"
(0.011867936940929278+0j),[0.146531],[1.],[0.15352141],[1.],"(array([0.0860402]), array([0.01531496]))","(array([0.05162118]), array([-0.01713535]))","(array([0.04942807]), array([-0.01513383]))","(array([0.04689568]), array([-0.01107397]))","(array([0.04479656]), array([-0.00573136]))","(array([0.04287258]), array([-0.0041975]))","(array([0.04147467]), array([-0.00429914]))","(array([0.04037323]), array([-0.0018364]))","(array([0.0408462]), array([-0.00331356]))","(array([0.04299285]), array([-0.00717966]))","(array([0.04477633]), array([-0.01207808]))"
(0.013052645637351479+0j),[0.13963843],[1.],[0.17374892],[1.],"(array([0.08821818]), array([0.01549066]))","(array([0.04942673]), array([-0.01513399]))","(array([0.04689441]), array([-0.01107425]))","(array([0.04479538]), array([-0.00573178]))","(array([0.04287146]), array([-0.00419798]))","(array([0.0414736]), array([-0.00429966]))","(array([0.04037225]), array([-0.00183701]))","(array([0.04084531]), array([-0.00331423]))","(array([0.04299205]), array([-0.0071804]))","(array([0.04477561]), array([-0.01207886]))","(array([0.04655421]), array([-0.0153821]))"
(0.014372682122094138+0j),[0.12887384],[1.],[0.19553193],[1.],"(array([0.0905182]), array([0.01592409]))","(array([0.04689286]), array([-0.01107447]))","(array([0.04479391]), array([-0.00573218]))","(array([0.04287006]), array([-0.00419846]))","(array([0.04147227]), array([-0.00430018]))","(array([0.04037102]), array([-0.00183766]))","(array([0.04084417]), array([-0.00331497]))","(array([0.04299103]), array([-0.00718124]))","(array([0.04477468]), array([-0.01207975]))","(array([0.04655339]), array([-0.01538305]))","(array([0.0474437]), array([-0.02005859]))"
(0.015819847917770392+0j),[0.1262202],[1.],[0.21105463],[1.],"(array([0.09282931]), array([0.0175146]))","(array([0.04479222]), array([-0.00573252]))","(array([0.04286844]), array([-0.00419889]))","(array([0.04147071]), array([-0.00430067]))","(array([0.04036957]), array([-0.00183829]))","(array([0.04084283]), array([-0.00331571]))","(array([0.0429898]), array([-0.00718209]))","(array([0.04477356]), array([-0.01208067]))","(array([0.0465524]), array([-0.01538405]))","(array([0.0474428]), array([-0.02005962]))","(array([0.04772809]), array([-0.02548908]))"
(0.01745998708084897+0j),[0.10531521],[1.],[0.2361046],[1.],"(array([0.09433904]), array([0.0221414]))","(array([0.04286667]), array([-0.00419924]))","(array([0.04146901]), array([-0.00430109]))","(array([0.04036797]), array([-0.00183887]))","(array([0.04084133]), array([-0.00331641]))","(array([0.04298844]), array([-0.00718293]))","(array([0.0447723]), array([-0.01208159]))","(array([0.04655127]), array([-0.01538506]))","(array([0.04744176]), array([-0.02006067]))","(array([0.04772713]), array([-0.02549014]))","(array([0.04891406]), array([-0.02897332]))"
(0.019305759144088906+0j),[0.10689992],[1.],[0.25007101],[1.],"(array([0.09795828]), array([0.01903994]))","(array([0.04146715]), array([-0.00430142]))","(array([0.0403662]), array([-0.00183939]))","(array([0.04083967]), array([-0.00331707]))","(array([0.0429869]), array([-0.00718373]))","(array([0.04477088]), array([-0.01208249]))","(array([0.04654999]), array([-0.01538607]))","(array([0.04744058]), array([-0.02006173]))","(array([0.04772602]), array([-0.02549121]))","(array([0.04891309]), array([-0.02897445]))","(array([0.04767272]), array([-0.03609269]))"
(0.02121096020296274+0j),[0.12531884],[1.],[0.25603517],[1.],"(array([0.09965152]), array([0.01928823]))","(array([0.04036422]), array([-0.00183982]))","(array([0.0408378]), array([-0.00331766]))","(array([0.04298516]), array([-0.00718451]))","(array([0.04476926]), array([-0.01208337]))","(array([0.04654851]), array([-0.01538709]))","(array([0.04743921]), array([-0.0200628]))","(array([0.04772474]), array([-0.02549231]))","(array([0.04891195]), array([-0.02897562]))","(array([0.04767163]), array([-0.03609382]))","(array([0.04952266]), array([-0.03859601]))"
(0.02283966374239292+0j),[0.10547835],[1.],[0.27625552],[1.],"(array([0.09972843]), array([0.02574083]))","(array([0.0408357]), array([-0.00331817]))","(array([0.0429832]), array([-0.00718522]))","(array([0.04476742]), array([-0.01208421]))","(array([0.04654682]), array([-0.01538808]))","(array([0.04743763]), array([-0.02006387]))","(array([0.04772326]), array([-0.02549341]))","(array([0.04891062]), array([-0.0289768]))","(array([0.04767036]), array([-0.03609498]))","(array([0.04952156]), array([-0.03859725]))","(array([0.05356903]), array([-0.03762234]))"
(0.02457783689249969+0j),[0.08940537],[1.],[0.29329099],[1.],"(array([0.10462285]), array([0.01993589]))","(array([0.04298103]), array([-0.00718585]))","(array([0.04476538]), array([-0.01208499]))","(array([0.04654494]), array([-0.01538904]))","(array([0.04743587]), array([-0.02006491]))","(array([0.0477216]), array([-0.0254945]))","(array([0.04890911]), array([-0.02897799]))","(array([0.04766893]), array([-0.03609615]))","(array([0.0495203]), array([-0.03859851]))","(array([0.05356803]), array([-0.03762375]))","(array([0.05203368]), array([-0.04361606]))"
(0.026330109033746114+0j),[0.09193676],[1.],[0.30354901],[1.],"(array([0.11044827]), array([0.01262713]))","(array([0.0447631]), array([-0.01208569]))","(array([0.04654281]), array([-0.01538995]))","(array([0.04743387]), array([-0.02006592]))","(array([0.04771971]), array([-0.02549556]))","(array([0.04890739]), array([-0.02897918]))","(array([0.04766729]), array([-0.03609732]))","(array([0.04951885]), array([-0.0385998]))","(array([0.05356685]), array([-0.03762521]))","(array([0.05203258]), array([-0.04361751]))","(array([0.05089383]), array([-0.04852369]))"
(0.02591719677597727+0j),[0.07835343],[1.],[0.30464516],[1.],"(array([0.11296552]), array([0.00840137]))","(array([0.04654032]), array([-0.01539081]))","(array([0.04743152]), array([-0.02006692]))","(array([0.04771749]), array([-0.02549663]))","(array([0.04890535]), array([-0.0289804]))","(array([0.04766534]), array([-0.03609852]))","(array([0.04951711]), array([-0.03860115]))","(array([0.05356541]), array([-0.03762679]))","(array([0.05203122]), array([-0.04361907]))","(array([0.05089258]), array([-0.04852525]))","(array([0.05184538]), array([-0.0488235]))"
(0.025497832322871904+0j),[0.08298309],[1.],[0.30069249],[1.],"(array([0.11493939]), array([0.00218991]))","(array([0.04742877]), array([-0.02006783]))","(array([0.04771489]), array([-0.02549764]))","(array([0.04890294]), array([-0.0289816]))","(array([0.04766305]), array([-0.03609972]))","(array([0.04951504]), array([-0.03860253]))","(array([0.05356366]), array([-0.03762845]))","(array([0.05202958]), array([-0.04362073]))","(array([0.05089106]), array([-0.04852691]))","(array([0.05184408]), array([-0.04882523]))","(array([0.04942699]), array([-0.0504471]))"
(0.025113265890725985+0j),[0.07934908],[1.],[0.29916502],[1.],"(array([0.11493637]), array([-0.0013554]))","(array([0.04771215]), array([-0.02549848]))","(array([0.04890039]), array([-0.02898265]))","(array([0.04766062]), array([-0.03610077]))","(array([0.04951284]), array([-0.03860379]))","(array([0.05356177]), array([-0.03763001]))","(array([0.05202779]), array([-0.0436223]))","(array([0.0508894]), array([-0.0485285]))","(array([0.05184263]), array([-0.0488269]))","(array([0.04942567]), array([-0.05044876]))","(array([0.0499613]), array([-0.04910921]))"
(0.02396866250878895+0j),[0.07331316],[1.],[0.29332274],[1.],"(array([0.11428164]), array([-0.00745247]))","(array([0.04889794]), array([-0.02898348]))","(array([0.04765829]), array([-0.03610162]))","(array([0.0495107]), array([-0.03860485]))","(array([0.05355991]), array([-0.03763138]))","(array([0.05202604]), array([-0.04362368]))","(array([0.05088776]), array([-0.0485299]))","(array([0.0518412]), array([-0.0488284]))","(array([0.04942434]), array([-0.05045026]))","(array([0.04996017]), array([-0.04911076]))","(array([0.04891489]), array([-0.04862982]))"
(0.02288630139264946+0j),[0.08461181],[1.],[0.28306807],[1.],"(array([0.11415481]), array([-0.01217801]))","(array([0.04765596]), array([-0.03610233]))","(array([0.04950856]), array([-0.03860579]))","(array([0.05355803]), array([-0.03763263]))","(array([0.05202425]), array([-0.04362496]))","(array([0.0508861]), array([-0.04853121]))","(array([0.05183973]), array([-0.04882981]))","(array([0.04942298]), array([-0.05045167]))","(array([0.04995899]), array([-0.04911223]))","(array([0.04891385]), array([-0.04863131]))","(array([0.04718423]), array([-0.04811314]))"
(0.022018028128898384+0j),[0.07952958],[1.],[0.27865161],[1.],"(array([0.11068772]), array([-0.01663757]))","(array([0.04950638]), array([-0.03860658]))","(array([0.05355609]), array([-0.03763375]))","(array([0.05202242]), array([-0.04362611]))","(array([0.05088439]), array([-0.0485324]))","(array([0.0518382]), array([-0.04883112]))","(array([0.04942156]), array([-0.05045298]))","(array([0.04995775]), array([-0.04911362]))","(array([0.04891275]), array([-0.04863273]))","(array([0.04718323]), array([-0.04811456]))","(array([0.04837452]), array([-0.04485648]))"
(0.024065122896002853+0j),[0.0751704],[1.],[0.29347103],[1.],"(array([0.11373994]), array([-0.02019793]))","(array([0.05355406]), array([-0.03763475]))","(array([0.05202049]), array([-0.04362714]))","(array([0.05088257]), array([-0.04853348]))","(array([0.05183657]), array([-0.04883234]))","(array([0.04942004]), array([-0.05045422]))","(array([0.04995641]), array([-0.04911494]))","(array([0.04891154]), array([-0.04863408]))","(array([0.04718213]), array([-0.04811592]))","(array([0.0483736]), array([-0.04485791]))","(array([0.04806082]), array([-0.04642521]))"
(0.02593779572969759+0j),[0.05877351],[1.],[0.3088731],[1.],"(array([0.12093373]), array([-0.02021121]))","(array([0.0520184]), array([-0.0436281]))","(array([0.05088061]), array([-0.0485345]))","(array([0.05183479]), array([-0.0488335]))","(array([0.04941838]), array([-0.05045541]))","(array([0.04995493]), array([-0.04911625]))","(array([0.04891019]), array([-0.04863543]))","(array([0.0471809]), array([-0.04811729]))","(array([0.04837256]), array([-0.04485934]))","(array([0.04805987]), array([-0.04642665]))","(array([0.04878095]), array([-0.0496422]))"
(0.02785516004219712+0j),[0.07100486],[1.],[0.3177957],[1.],"(array([0.12280769]), array([-0.02966741]))","(array([0.05087872]), array([-0.04853533]))","(array([0.05183306]), array([-0.04883449]))","(array([0.04941676]), array([-0.05045643]))","(array([0.04995347]), array([-0.04911738]))","(array([0.04890886]), array([-0.04863661]))","(array([0.04717967]), array([-0.04811849]))","(array([0.04837151]), array([-0.04486063]))","(array([0.04805891]), array([-0.04642794]))","(array([0.04878008]), array([-0.04964348]))","(array([0.04748661]), array([-0.05432634]))"
(0.02953668502094006+0j),[0.07384123],[1.],[0.32679057],[1.],"(array([0.12344421]), array([-0.03176901]))","(array([0.0518315]), array([-0.04883525]))","(array([0.04941529]), array([-0.05045723]))","(array([0.04995215]), array([-0.04911828]))","(array([0.04890765]), array([-0.04863757]))","(array([0.04717855]), array([-0.04811948]))","(array([0.04837053]), array([-0.04486169]))","(array([0.04805801]), array([-0.04642901]))","(array([0.04877927]), array([-0.04964457]))","(array([0.04748585]), array([-0.05432738]))","(array([0.05080419]), array([-0.05446156]))"
(0.031143864199710835+0j),[0.06986023],[1.],[0.33650974],[1.],"(array([0.12634127]), array([-0.03144165]))","(array([0.04941391]), array([-0.0504579]))","(array([0.04995089]), array([-0.04911906]))","(array([0.04890648]), array([-0.0486384]))","(array([0.04717747]), array([-0.04812033]))","(array([0.04836958]), array([-0.04486263]))","(array([0.04805714]), array([-0.04642996]))","(array([0.04877847]), array([-0.04964552]))","(array([0.04748509]), array([-0.05432831]))","(array([0.05080356]), array([-0.05446252]))","(array([0.05231946]), array([-0.05583151]))"
(0.0327984255546672+0j),[0.08666218],[1.],[0.34147268],[1.],"(array([0.12610799]), array([-0.03390537]))","(array([0.04994969]), array([-0.0491197]))","(array([0.04890536]), array([-0.0486391]))","(array([0.04717643]), array([-0.04812106]))","(array([0.04836865]), array([-0.04486344]))","(array([0.04805627]), array([-0.0464308]))","(array([0.04877768]), array([-0.04964637]))","(array([0.04748435]), array([-0.05432913]))","(array([0.05080293]), array([-0.05446337]))","(array([0.05231891]), array([-0.05583237]))","(array([0.05268307]), array([-0.05814363]))"
(0.029835606776587562+0j),[0.08847738],[1.],[0.32405111],[1.],"(array([0.12484595]), array([-0.02890592]))","(array([0.04890415]), array([-0.04863973]))","(array([0.04717529]), array([-0.04812174]))","(array([0.04836763]), array([-0.04486422]))","(array([0.04805532]), array([-0.0464316]))","(array([0.04877681]), array([-0.04964719]))","(array([0.04748352]), array([-0.05432993]))","(array([0.05080221]), array([-0.05446421]))","(array([0.05231828]), array([-0.05583323]))","(array([0.05268251]), array([-0.05814448]))","(array([0.05495492]), array([-0.05475602]))"
(0.027215068050080605+0j),[0.10763711],[1.],[0.30213724],[1.],"(array([0.11999549]), array([-0.028033]))","(array([0.04717405]), array([-0.04812238]))","(array([0.0483665]), array([-0.04486497]))","(array([0.04805427]), array([-0.04643237]))","(array([0.04877583]), array([-0.049648]))","(array([0.0474826]), array([-0.05433072]))","(array([0.05080141]), array([-0.05446506]))","(array([0.05231756]), array([-0.05583409]))","(array([0.05268186]), array([-0.05814534]))","(array([0.05495438]), array([-0.05475691]))","(array([0.05339279]), array([-0.05126439]))"
(0.02501573849403101+0j),[0.12143825],[1.],[0.28241038],[1.],"(array([0.11348985]), array([-0.02331021]))","(array([0.04836542]), array([-0.04486556]))","(array([0.04805325]), array([-0.046433]))","(array([0.04877489]), array([-0.04964866]))","(array([0.0474817]), array([-0.05433137]))","(array([0.05080061]), array([-0.05446577]))","(array([0.05231685]), array([-0.05583482]))","(array([0.05268121]), array([-0.05814608]))","(array([0.05495384]), array([-0.05475768]))","(array([0.05339232]), array([-0.05126516]))","(array([0.05464688]), array([-0.04502586]))"
(0.022536093105625186+0j),[0.11827123],[1.],[0.26662593],[1.],"(array([0.10991838]), array([-0.01709296]))","(array([0.04805223]), array([-0.04643353]))","(array([0.04877394]), array([-0.04964923]))","(array([0.0474808]), array([-0.05433194]))","(array([0.05079981]), array([-0.0544664]))","(array([0.05231612]), array([-0.05583548]))","(array([0.05268054]), array([-0.05814674]))","(array([0.05495327]), array([-0.05475838]))","(array([0.05339182]), array([-0.05126587]))","(array([0.05464648]), array([-0.0450266]))","(array([0.05482922]), array([-0.03942082]))"
(0.020349979124374796+0j),[0.11391586],[1.],[0.25258368],[1.],"(array([0.10614061]), array([-0.01931262]))","(array([0.04877295]), array([-0.04964973]))","(array([0.04747987]), array([-0.05433244]))","(array([0.05079897]), array([-0.05446697]))","(array([0.05231535]), array([-0.05583609]))","(array([0.05267984]), array([-0.05814736]))","(array([0.05495266]), array([-0.05475905]))","(array([0.05339127]), array([-0.05126654]))","(array([0.05464604]), array([-0.0450273]))","(array([0.05482886]), array([-0.03942154]))","(array([0.05253251]), array([-0.03674624]))"
(0.01841131182872517+0j),[0.13245753],[1.],[0.22777068],[1.],"(array([0.10375506]), array([-0.02340047]))","(array([0.0474789]), array([-0.05433286]))","(array([0.05079809]), array([-0.05446747]))","(array([0.05231455]), array([-0.05583663]))","(array([0.05267909]), array([-0.05814793]))","(array([0.05495201]), array([-0.05475967]))","(array([0.05339068]), array([-0.05126717]))","(array([0.05464555]), array([-0.04502797]))","(array([0.05482846]), array([-0.03942223]))","(array([0.05253215]), array([-0.03674693]))","(array([0.05022444]), array([-0.03449195]))"
(0.021781886604070367+0j),[0.13553995],[1.],[0.25306554],[1.],"(array([0.10156722]), array([-0.02388922]))","(array([0.05079716]), array([-0.05446793]))","(array([0.05231369]), array([-0.05583714]))","(array([0.0526783]), array([-0.05814846]))","(array([0.0549513]), array([-0.05476025]))","(array([0.05339004]), array([-0.05126778]))","(array([0.054645]), array([-0.04502862]))","(array([0.05482801]), array([-0.03942291]))","(array([0.05253175]), array([-0.03674761]))","(array([0.05022408]), array([-0.03449261]))","(array([0.05340995]), array([-0.03162073]))"
(0.02518396718545451+0j),[0.1315067],[1.],[0.2793952],[1.],"(array([0.11033348]), array([-0.02335003]))","(array([0.0523128]), array([-0.05583758]))","(array([0.05267747]), array([-0.05814893]))","(array([0.05495056]), array([-0.05476079]))","(array([0.05338936]), array([-0.05126834]))","(array([0.05464442]), array([-0.04502924]))","(array([0.05482751]), array([-0.03942356]))","(array([0.0525313]), array([-0.03674826]))","(array([0.05022367]), array([-0.03449326]))","(array([0.05340964]), array([-0.03162141]))","(array([0.05671787]), array([-0.03600166]))"
(0.028652238325165627+0j),[0.13420345],[1.],[0.30060318],[1.],"(array([0.11756847]), array([-0.02558077]))","(array([0.05267662]), array([-0.05814935]))","(array([0.05494979]), array([-0.05476128]))","(array([0.05338865]), array([-0.05126885]))","(array([0.0546438]), array([-0.04502981]))","(array([0.05482697]), array([-0.03942417]))","(array([0.05253081]), array([-0.03674887]))","(array([0.05022322]), array([-0.03449387]))","(array([0.05340929]), array([-0.03162206]))","(array([0.05671757]), array([-0.03600232]))","(array([0.05883179]), array([-0.04138527]))"
(0.029060057203099836+0j),[0.11586178],[1.],[0.31036126],[1.],"(array([0.12042024]), array([-0.02724876]))","(array([0.05494898]), array([-0.05476171]))","(array([0.0533879]), array([-0.05126932]))","(array([0.05464313]), array([-0.04503034]))","(array([0.05482638]), array([-0.03942475]))","(array([0.05253027]), array([-0.03674946]))","(array([0.05022272]), array([-0.03449446]))","(array([0.05340889]), array([-0.03162269]))","(array([0.05671722]), array([-0.03600296]))","(array([0.05883148]), array([-0.04138591]))","(array([0.06063325]), array([-0.043218]))"
(0.029252660206505417+0j),[0.12318637],[1.],[0.30848519],[1.],"(array([0.12478161]), array([-0.02797912]))","(array([0.05338711]), array([-0.05126973]))","(array([0.05464242]), array([-0.04503082]))","(array([0.05482575]), array([-0.03942529]))","(array([0.05252969]), array([-0.03675001]))","(array([0.05022218]), array([-0.03449501]))","(array([0.05340844]), array([-0.0316233]))","(array([0.05671683]), array([-0.03600358]))","(array([0.05883113]), array([-0.04138653]))","(array([0.06063295]), array([-0.04321863]))","(array([0.05811147]), array([-0.04708609]))"
(0.02945968987932661+0j),[0.1082106],[1.],[0.31507596],[1.],"(array([0.12284439]), array([-0.02296573]))","(array([0.05464164]), array([-0.04503125]))","(array([0.05482505]), array([-0.03942578]))","(array([0.05252903]), array([-0.03675052]))","(array([0.05022156]), array([-0.03449553]))","(array([0.05340791]), array([-0.03162388]))","(array([0.05671636]), array([-0.03600419]))","(array([0.0588307]), array([-0.04138715]))","(array([0.06063258]), array([-0.04321925]))","(array([0.05811111]), array([-0.04708669]))","(array([0.05924135]), array([-0.04600035]))"
(0.029202850740709576+0j),[0.11890633],[1.],[0.3094913],[1.],"(array([0.1253304]), array([-0.020175]))","(array([0.05482423]), array([-0.03942623]))","(array([0.05252826]), array([-0.03675099]))","(array([0.05022084]), array([-0.03449602]))","(array([0.05340728]), array([-0.03162445]))","(array([0.05671579]), array([-0.03600479]))","(array([0.05883018]), array([-0.04138777]))","(array([0.06063211]), array([-0.04321989]))","(array([0.05811065]), array([-0.0470873]))","(array([0.05924096]), array([-0.04600098]))","(array([0.05687129]), array([-0.04879073]))"
(0.02890259052808362+0j),[0.11110609],[1.],[0.31045133],[1.],"(array([0.12428407]), array([-0.01235621]))","(array([0.05252738]), array([-0.03675143]))","(array([0.05022]), array([-0.03449649]))","(array([0.05340654]), array([-0.03162501]))","(array([0.05671511]), array([-0.0360054]))","(array([0.05882955]), array([-0.04138839]))","(array([0.06063155]), array([-0.04322053]))","(array([0.05811011]), array([-0.04708793]))","(array([0.05924049]), array([-0.04600162]))","(array([0.05687084]), array([-0.04879135]))","(array([0.05817406]), array([-0.04661959]))"
(0.028649460476973494+0j),[0.11432128],[1.],[0.30766237],[1.],"(array([0.12225622]), array([-0.01146316]))","(array([0.05021909]), array([-0.03449687]))","(array([0.05340573]), array([-0.03162551]))","(array([0.05671436]), array([-0.03600595]))","(array([0.05882885]), array([-0.04138896]))","(array([0.06063091]), array([-0.04322114]))","(array([0.05810949]), array([-0.04708851]))","(array([0.05923994]), array([-0.04600223]))","(array([0.05687033]), array([-0.04879195]))","(array([0.05817362]), array([-0.0466202]))","(array([0.0567655]), array([-0.04774346]))"
(0.028034797585375137+0j),[0.13646746],[1.],[0.29453825],[1.],"(array([0.11909206]), array([-0.00855696]))","(array([0.05340488]), array([-0.03162592]))","(array([0.05671358]), array([-0.03600642]))","(array([0.05882812]), array([-0.04138947]))","(array([0.06063024]), array([-0.04322168]))","(array([0.05810884]), array([-0.04708904]))","(array([0.05923936]), array([-0.04600279]))","(array([0.05686978]), array([-0.04879249]))","(array([0.05817315]), array([-0.04662077]))","(array([0.05676507]), array([-0.04774402]))","(array([0.05690182]), array([-0.04667643]))"
(0.027340722109697093+0j),[0.15065241],[1.],[0.2829401],[1.],"(array([0.11932037]), array([-0.00088305]))","(array([0.05671277]), array([-0.03600682]))","(array([0.05882735]), array([-0.0413899]))","(array([0.06062954]), array([-0.04322216]))","(array([0.05810816]), array([-0.0470895]))","(array([0.05923875]), array([-0.04600329]))","(array([0.0568692]), array([-0.04879298]))","(array([0.05817264]), array([-0.0466213]))","(array([0.05676461]), array([-0.04774455]))","(array([0.05690143]), array([-0.04667697]))","(array([0.05958258]), array([-0.04171364]))"
(0.026675122799709485+0j),[0.14563019],[1.],[0.28112509],[1.],"(array([0.11999994]), array([-0.00203385]))","(array([0.05882655]), array([-0.04139027]))","(array([0.06062879]), array([-0.04322258]))","(array([0.05810744]), array([-0.04708991]))","(array([0.05923809]), array([-0.04600374]))","(array([0.05686857]), array([-0.04879343]))","(array([0.05817209]), array([-0.04662178]))","(array([0.05676411]), array([-0.04774504]))","(array([0.05690098]), array([-0.04667748]))","(array([0.05958223]), array([-0.04171419]))","(array([0.06106575]), array([-0.03782239]))"
(0.024708710542995845+0j),[0.15075811],[1.],[0.26474101],[1.],"(array([0.12059386]), array([-0.00838536]))","(array([0.06062799]), array([-0.04322293]))","(array([0.05810666]), array([-0.04709025]))","(array([0.05923738]), array([-0.04600413]))","(array([0.0568679]), array([-0.04879382]))","(array([0.05817149]), array([-0.04662222]))","(array([0.05676355]), array([-0.04774548]))","(array([0.05690049]), array([-0.04667795]))","(array([0.05958183]), array([-0.04171471]))","(array([0.06106543]), array([-0.03782295]))","(array([0.05946742]), array([-0.0369902]))"
(0.022941580928420476+0j),[0.13873777],[1.],[0.25866224],[1.],"(array([0.11875004]), array([-0.0090401]))","(array([0.05810582]), array([-0.04709053]))","(array([0.0592366]), array([-0.04600447]))","(array([0.05686716]), array([-0.04879416]))","(array([0.05817082]), array([-0.04662261]))","(array([0.05676293]), array([-0.0477459]))","(array([0.05689993]), array([-0.0466784]))","(array([0.05958137]), array([-0.04171522]))","(array([0.06106505]), array([-0.03782349]))","(array([0.05946709]), array([-0.03699075]))","(array([0.0586649]), array([-0.03324438]))"
(0.021426121772494883+0j),[0.14488718],[1.],[0.24384022],[1.],"(array([0.1149531]), array([-0.01545268]))","(array([0.05923585]), array([-0.04600472]))","(array([0.05686644]), array([-0.04879442]))","(array([0.05817017]), array([-0.04662293]))","(array([0.05676233]), array([-0.04774624]))","(array([0.05689939]), array([-0.04667878]))","(array([0.0595809]), array([-0.04171565]))","(array([0.06106466]), array([-0.03782397]))","(array([0.05946675]), array([-0.03699124]))","(array([0.05866461]), array([-0.03324488]))","(array([0.05582338]), array([-0.03341287]))"
(0.021946709541942597+0j),[0.16064312],[1.],[0.23815692],[1.],"(array([0.11451546]), array([-0.01303893]))","(array([0.05686583]), array([-0.04879459]))","(array([0.0581696]), array([-0.04662316]))","(array([0.0567618]), array([-0.04774648]))","(array([0.05689891]), array([-0.04667906]))","(array([0.05958049]), array([-0.041716]))","(array([0.06106431]), array([-0.03782435]))","(array([0.05946643]), array([-0.03699163]))","(array([0.05866435]), array([-0.03324528]))","(array([0.05582313]), array([-0.03341326]))","(array([0.05618949]), array([-0.03139113]))"
(0.022577440149902747+0j),[0.17225245],[1.],[0.23512077],[1.],"(array([0.1109495]), array([-0.0122977]))","(array([0.0581691]), array([-0.04662332]))","(array([0.05676133]), array([-0.04774667]))","(array([0.05689847]), array([-0.04667928]))","(array([0.05958011]), array([-0.04171627]))","(array([0.06106399]), array([-0.03782466]))","(array([0.05946614]), array([-0.03699195]))","(array([0.05866409]), array([-0.03324562]))","(array([0.05582289]), array([-0.0334136]))","(array([0.05618928]), array([-0.03139148]))","(array([0.05864944]), array([-0.0285898]))"
(0.02310858205317384+0j),[0.18446573],[1.],[0.23008859],[1.],"(array([0.1115499]), array([-0.00762858]))","(array([0.05676087]), array([-0.04774679]))","(array([0.05689805]), array([-0.04667944]))","(array([0.05957974]), array([-0.04171649]))","(array([0.06106366]), array([-0.03782493]))","(array([0.05946584]), array([-0.03699223]))","(array([0.05866383]), array([-0.03324591]))","(array([0.05582264]), array([-0.03341389]))","(array([0.05618907]), array([-0.03139178]))","(array([0.05864927]), array([-0.02859013]))","(array([0.06046117]), array([-0.02673213]))"
(0.026136193493449218+0j),[0.18959181],[1.],[0.24990191],[1.],"(array([0.11122737]), array([-0.0060433]))","(array([0.05689761]), array([-0.04667955]))","(array([0.05957934]), array([-0.04171667]))","(array([0.0610633]), array([-0.03782515]))","(array([0.05946551]), array([-0.03699247]))","(array([0.05866353]), array([-0.03324617]))","(array([0.05582236]), array([-0.03341415]))","(array([0.05618882]), array([-0.03139207]))","(array([0.05864907]), array([-0.02859043]))","(array([0.06046101]), array([-0.02673245]))","(array([0.06334983]), array([-0.026318]))"
(0.029207532047769595+0j),[0.17532848],[1.],[0.28122992],[1.],"(array([0.11568749]), array([-0.00388425]))","(array([0.05957893]), array([-0.04171678]))","(array([0.06106293]), array([-0.03782532]))","(array([0.05946516]), array([-0.03699265]))","(array([0.05866321]), array([-0.03324639]))","(array([0.05582206]), array([-0.03341437]))","(array([0.05618855]), array([-0.0313923]))","(array([0.05864883]), array([-0.0285907]))","(array([0.06046081]), array([-0.02673274]))","(array([0.06334968]), array([-0.02631831]))","(array([0.06645702]), array([-0.02951624]))"
(0.03224631234450625+0j),[0.17499722],[1.],[0.30067055],[1.],"(array([0.12516557]), array([-0.00218777]))","(array([0.06106256]), array([-0.03782542]))","(array([0.05946481]), array([-0.03699278]))","(array([0.05866289]), array([-0.03324655]))","(array([0.05582175]), array([-0.03341453]))","(array([0.05618826]), array([-0.03139249]))","(array([0.05864858]), array([-0.02859092]))","(array([0.06046059]), array([-0.02673299]))","(array([0.06334949]), array([-0.02631858]))","(array([0.06645686]), array([-0.02951652]))","(array([0.06702669]), array([-0.03703552]))"
(0.03327116982004941+0j),[0.15838097],[1.],[0.31549637],[1.],"(array([0.12958307]), array([0.00152965]))","(array([0.05946445]), array([-0.03699286]))","(array([0.05866255]), array([-0.03324666]))","(array([0.05582142]), array([-0.03341465]))","(array([0.05618796]), array([-0.03139264]))","(array([0.05864831]), array([-0.02859111]))","(array([0.06046035]), array([-0.0267332]))","(array([0.06334929]), array([-0.02631882]))","(array([0.06645668]), array([-0.02951678]))","(array([0.06702653]), array([-0.03703578]))","(array([0.06834298]), array([-0.03966327]))"
(0.034330467210935973+0j),[0.17094314],[1.],[0.31484341],[1.],"(array([0.13127822]), array([-0.00131563]))","(array([0.05866223]), array([-0.03324671]))","(array([0.05582111]), array([-0.03341471]))","(array([0.05618766]), array([-0.03139273]))","(array([0.05864804]), array([-0.02859124]))","(array([0.0604601]), array([-0.02673337]))","(array([0.06334907]), array([-0.02631901]))","(array([0.06645649]), array([-0.029517]))","(array([0.06702634]), array([-0.037036]))","(array([0.06834282]), array([-0.0396635]))","(array([0.06680446]), array([-0.04435422]))"
(0.035286277279520994+0j),[0.16525871],[1.],[0.32305664],[1.],"(array([0.13034858]), array([0.00509872]))","(array([0.05582079]), array([-0.03341472]))","(array([0.05618736]), array([-0.03139277]))","(array([0.05864775]), array([-0.02859133]))","(array([0.06045983]), array([-0.02673349]))","(array([0.06334882]), array([-0.02631917]))","(array([0.06645626]), array([-0.02951718]))","(array([0.06702613]), array([-0.03703619]))","(array([0.06834263]), array([-0.0396637]))","(array([0.06680428]), array([-0.04435442]))","(array([0.06905146]), array([-0.04290978]))"
(0.03447687822904886+0j),[0.15621816],[1.],[0.3225766],[1.],"(array([0.12818158]), array([0.0036825]))","(array([0.05618705]), array([-0.03139276]))","(array([0.05864745]), array([-0.02859136]))","(array([0.06045955]), array([-0.02673356]))","(array([0.06334855]), array([-0.02631928]))","(array([0.06645602]), array([-0.02951732]))","(array([0.06702589]), array([-0.03703633]))","(array([0.06834242]), array([-0.03966386]))","(array([0.06680408]), array([-0.04435459]))","(array([0.06905128]), array([-0.04290997]))","(array([0.06830765]), array([-0.04411799]))"
(0.033658057425257216+0j),[0.13938094],[1.],[0.32534844],[1.],"(array([0.12843856]), array([0.00366969]))","(array([0.05864713]), array([-0.02859136]))","(array([0.06045924]), array([-0.0267336]))","(array([0.06334826]), array([-0.02631936]))","(array([0.06645575]), array([-0.02951743]))","(array([0.06702563]), array([-0.03703646]))","(array([0.06834218]), array([-0.03966401]))","(array([0.06680386]), array([-0.04435474]))","(array([0.06905109]), array([-0.04291014]))","(array([0.06830747]), array([-0.04411817]))","(array([0.06649085]), array([-0.04504074]))"
(0.03273818069920882+0j),[0.14146158],[1.],[0.31905261],[1.],"(array([0.13145526]), array([0.00270427]))","(array([0.06045893]), array([-0.02673361]))","(array([0.06334796]), array([-0.02631942]))","(array([0.06645546]), array([-0.02951752]))","(array([0.06702536]), array([-0.03703656]))","(array([0.06834193]), array([-0.03966413]))","(array([0.06680362]), array([-0.04435487]))","(array([0.06905087]), array([-0.0429103]))","(array([0.06830727]), array([-0.04411833]))","(array([0.06649067]), array([-0.04504091]))","(array([0.06350702]), array([-0.04740618]))"
(0.030710132601556767+0j),[0.14676438],[1.],[0.30447514],[1.],"(array([0.13112017]), array([0.00497851]))","(array([0.06334766]), array([-0.02631944]))","(array([0.06645517]), array([-0.02951758]))","(array([0.06702509]), array([-0.03703663]))","(array([0.06834167]), array([-0.03966423]))","(array([0.06680337]), array([-0.04435497]))","(array([0.06905065]), array([-0.04291043]))","(array([0.06830707]), array([-0.04411847]))","(array([0.06649048]), array([-0.04504106]))","(array([0.06350684]), array([-0.04740633]))","(array([0.06279426]), array([-0.04533865]))"
(0.028754675335728445+0j),[0.14957755],[1.],[0.29090267],[1.],"(array([0.13073884]), array([0.00655504]))","(array([0.06645488]), array([-0.0295176]))","(array([0.06702481]), array([-0.03703666]))","(array([0.06834141]), array([-0.03966429]))","(array([0.06680312]), array([-0.04435504]))","(array([0.06905042]), array([-0.04291053]))","(array([0.06830685]), array([-0.04411859]))","(array([0.06649028]), array([-0.04504118]))","(array([0.06350664]), array([-0.04740646]))","(array([0.06279409]), array([-0.04533879]))","(array([0.06216586]), array([-0.04192551]))"
(0.0269239289178295+0j),[0.12715649],[1.],[0.28994625],[1.],"(array([0.13078883]), array([0.00405979]))","(array([0.06702453]), array([-0.03703666]))","(array([0.06834114]), array([-0.03966431]))","(array([0.06680287]), array([-0.04435507]))","(array([0.06905018]), array([-0.0429106]))","(array([0.06830663]), array([-0.04411867]))","(array([0.06649006]), array([-0.04504128]))","(array([0.06350644]), array([-0.04740656]))","(array([0.06279391]), array([-0.04533891]))","(array([0.06216569]), array([-0.04192564]))","(array([0.06124598]), array([-0.03892642]))"
(0.025010224896313583+0j),[0.13430545],[1.],[0.27411232],[1.],"(array([0.13092161]), array([-0.00820056]))","(array([0.06834087]), array([-0.03966431]))","(array([0.06680261]), array([-0.04435508]))","(array([0.06904994]), array([-0.04291064]))","(array([0.0683064]), array([-0.04411873]))","(array([0.06648985]), array([-0.04504135]))","(array([0.06350624]), array([-0.04740663]))","(array([0.06279371]), array([-0.045339]))","(array([0.06216552]), array([-0.04192575]))","(array([0.06124582]), array([-0.03892654]))","(array([0.05692145]), array([-0.04091871]))"
(0.023305113121489963+0j),[0.12938874],[1.],[0.26485567],[1.],"(array([0.12872578]), array([-0.00918614]))","(array([0.06680236]), array([-0.04435505]))","(array([0.0690497]), array([-0.04291064]))","(array([0.06830617]), array([-0.04411876]))","(array([0.06648963]), array([-0.04504139]))","(array([0.06350603]), array([-0.04740668]))","(array([0.06279352]), array([-0.04533907]))","(array([0.06216534]), array([-0.04192583]))","(array([0.06124566]), array([-0.03892663]))","(array([0.05692129]), array([-0.04091881]))","(array([0.05658742]), array([-0.03705604]))"
(0.02185844515106102+0j),[0.10503279],[1.],[0.26558046],[1.],"(array([0.12519005]), array([-0.01483922]))","(array([0.06904946]), array([-0.04291062]))","(array([0.06830594]), array([-0.04411875]))","(array([0.06648941]), array([-0.0450414]))","(array([0.06350582]), array([-0.0474067]))","(array([0.06279332]), array([-0.04533911]))","(array([0.06216516]), array([-0.04192589]))","(array([0.06124549]), array([-0.03892671]))","(array([0.05692113]), array([-0.04091888]))","(array([0.05658728]), array([-0.03705612]))","(array([0.05475538]), array([-0.03580755]))"
(0.021138612035982975+0j),[0.11617874],[1.],[0.25605274],[1.],"(array([0.12821221]), array([-0.01878176]))","(array([0.06830573]), array([-0.04411872]))","(array([0.0664892]), array([-0.04504138]))","(array([0.06350562]), array([-0.0474067]))","(array([0.06279313]), array([-0.04533912]))","(array([0.06216498]), array([-0.04192592]))","(array([0.06124532]), array([-0.03892676]))","(array([0.05692097]), array([-0.04091893]))","(array([0.05658713]), array([-0.03705619]))","(array([0.05475524]), array([-0.03580762]))","(array([0.05047764]), array([-0.03917223]))"
(0.02055335003252119+0j),[0.12167952],[1.],[0.24943566],[1.],"(array([0.1253937]), array([-0.01750799]))","(array([0.06648899]), array([-0.04504135]))","(array([0.06350542]), array([-0.04740667]))","(array([0.06279294]), array([-0.04533911]))","(array([0.0621648]), array([-0.04192594]))","(array([0.06124515]), array([-0.03892679]))","(array([0.05692081]), array([-0.04091897]))","(array([0.05658698]), array([-0.03705624]))","(array([0.05475509]), array([-0.03580768]))","(array([0.05047751]), array([-0.03917228]))","(array([0.05158962]), array([-0.03613449]))"
(0.02009852987509137+0j),[0.10623769],[1.],[0.25329313],[1.],"(array([0.12216789]), array([-0.01719827]))","(array([0.06350524]), array([-0.04740662]))","(array([0.06279277]), array([-0.04533908]))","(array([0.06216463]), array([-0.04192593]))","(array([0.06124499]), array([-0.0389268]))","(array([0.05692065]), array([-0.04091898]))","(array([0.05658683]), array([-0.03705626]))","(array([0.05475496]), array([-0.03580771]))","(array([0.05047737]), array([-0.03917231]))","(array([0.05158949]), array([-0.03613453]))","(array([0.0519523]), array([-0.03429799]))"
(0.021748912833511796+0j),[0.12120078],[1.],[0.25924435],[1.],"(array([0.1217963]), array([-0.02290274]))","(array([0.06279262]), array([-0.04533903]))","(array([0.06216448]), array([-0.04192589]))","(array([0.06124485]), array([-0.03892678]))","(array([0.05692052]), array([-0.04091897]))","(array([0.0565867]), array([-0.03705627]))","(array([0.05475483]), array([-0.03580772]))","(array([0.05047725]), array([-0.03917232]))","(array([0.05158938]), array([-0.03613455]))","(array([0.0519522]), array([-0.03429803]))","(array([0.05036653]), array([-0.03822977]))"
(0.023381549212741333+0j),[0.13030346],[1.],[0.26684202],[1.],"(array([0.12239932]), array([-0.01760068]))","(array([0.06216435]), array([-0.04192585]))","(array([0.06124472]), array([-0.03892675]))","(array([0.0569204]), array([-0.04091894]))","(array([0.05658658]), array([-0.03705626]))","(array([0.05475472]), array([-0.03580772]))","(array([0.05047715]), array([-0.03917232]))","(array([0.05158928]), array([-0.03613456]))","(array([0.0519521]), array([-0.03429804]))","(array([0.05036644]), array([-0.03822979]))","(array([0.05382548]), array([-0.03775189]))"
(0.024958082827519722+0j),[0.15347472],[1.],[0.26575488],[1.],"(array([0.12344738]), array([-0.01227469]))","(array([0.06124461]), array([-0.03892672]))","(array([0.05692029]), array([-0.04091891]))","(array([0.05658648]), array([-0.03705624]))","(array([0.05475462]), array([-0.03580771]))","(array([0.05047705]), array([-0.0391723]))","(array([0.05158919]), array([-0.03613456]))","(array([0.05195201]), array([-0.03429805]))","(array([0.05036635]), array([-0.0382298]))","(array([0.0538254]), array([-0.03775191]))","(array([0.05632019]), array([-0.03824721]))"
(0.02614835284440615+0j),[0.1597384],[1.],[0.2703938],[1.],"(array([0.12206312]), array([-0.00425806]))","(array([0.05692019]), array([-0.04091887]))","(array([0.05658638]), array([-0.03705621]))","(array([0.05475452]), array([-0.03580769]))","(array([0.05047696]), array([-0.03917228]))","(array([0.0515891]), array([-0.03613455]))","(array([0.05195193]), array([-0.03429805]))","(array([0.05036627]), array([-0.0382298]))","(array([0.05382532]), array([-0.03775192]))","(array([0.05632011]), array([-0.03824723]))","(array([0.0604332]), array([-0.03533616]))"
(0.02747696658472257+0j),[0.16157482],[1.],[0.27824854],[1.],"(array([0.11885476]), array([-0.004829]))","(array([0.05658628]), array([-0.03705617]))","(array([0.05475443]), array([-0.03580766]))","(array([0.05047687]), array([-0.03917226]))","(array([0.05158901]), array([-0.03613453]))","(array([0.05195185]), array([-0.03429804]))","(array([0.05036619]), array([-0.03822979]))","(array([0.05382525]), array([-0.03775193]))","(array([0.05632004]), array([-0.03824724]))","(array([0.06043314]), array([-0.03533619]))","(array([0.06222204]), array([-0.03559209]))"
(0.02870992651151303+0j),[0.1383853],[1.],[0.2981443],[1.],"(array([0.12024944]), array([-0.00066015]))","(array([0.05475433]), array([-0.03580762]))","(array([0.05047677]), array([-0.03917222]))","(array([0.05158892]), array([-0.03613451]))","(array([0.05195176]), array([-0.03429803]))","(array([0.05036611]), array([-0.03822978]))","(array([0.05382517]), array([-0.03775193]))","(array([0.05631997]), array([-0.03824725]))","(array([0.06043307]), array([-0.03533621]))","(array([0.06222197]), array([-0.03559212]))","(array([0.06335147]), array([-0.03693601]))"
(0.02760015547314105+0j),[0.16572309],[1.],[0.27619339],[1.],"(array([0.12112939]), array([-0.00454292]))","(array([0.05047666]), array([-0.03917217]))","(array([0.05158881]), array([-0.03613448]))","(array([0.05195165]), array([-0.03429801]))","(array([0.050366]), array([-0.03822976]))","(array([0.05382507]), array([-0.03775193]))","(array([0.05631987]), array([-0.03824726]))","(array([0.06043298]), array([-0.03533624]))","(array([0.06222189]), array([-0.03559216]))","(array([0.0633514]), array([-0.03693605]))","(array([0.06026357]), array([-0.04185027]))"
(0.026824674816134635+0j),[0.14657117],[1.],[0.28144109],[1.],"(array([0.11212849]), array([-0.00181246]))","(array([0.05158867]), array([-0.03613443]))","(array([0.05195151]), array([-0.03429798]))","(array([0.05036588]), array([-0.03822973]))","(array([0.05382494]), array([-0.03775192]))","(array([0.05631976]), array([-0.03824726]))","(array([0.06043287]), array([-0.03533626]))","(array([0.06222179]), array([-0.03559219]))","(array([0.0633513]), array([-0.03693609]))","(array([0.06026348]), array([-0.04185032]))","(array([0.06318038]), array([-0.03471235]))"
(0.025973277148934944+0j),[0.14108529],[1.],[0.27841146],[1.],"(array([0.11437094]), array([-0.00305735]))","(array([0.05195136]), array([-0.03429793]))","(array([0.05036573]), array([-0.03822969]))","(array([0.0538248]), array([-0.03775189]))","(array([0.05631962]), array([-0.03824726]))","(array([0.06043274]), array([-0.03533628]))","(array([0.06222167]), array([-0.03559222]))","(array([0.06335119]), array([-0.03693613]))","(array([0.06026337]), array([-0.04185036]))","(array([0.06318028]), array([-0.03471241]))","(array([0.06003674]), array([-0.03783267]))"
(0.02339526607345243+0j),[0.14864026],[1.],[0.25601005],[1.],"(array([0.11267168]), array([-0.00246817]))","(array([0.05036557]), array([-0.03822963]))","(array([0.05382464]), array([-0.03775185]))","(array([0.05631946]), array([-0.03824724]))","(array([0.06043259]), array([-0.03533628]))","(array([0.06222152]), array([-0.03559224]))","(array([0.06335105]), array([-0.03693617]))","(array([0.06026324]), array([-0.04185039]))","(array([0.06318017]), array([-0.03471246]))","(array([0.06003662]), array([-0.03783273]))","(array([0.05792556]), array([-0.03667064]))"
(0.021256376230430144+0j),[0.14557971],[1.],[0.24149545],[1.],"(array([0.10619617]), array([-0.00463647]))","(array([0.05382446]), array([-0.0377518]))","(array([0.05631929]), array([-0.03824721]))","(array([0.06043243]), array([-0.03533628]))","(array([0.06222136]), array([-0.03559226]))","(array([0.0633509]), array([-0.0369362]))","(array([0.06026309]), array([-0.04185043]))","(array([0.06318003]), array([-0.03471252]))","(array([0.06003649]), array([-0.03783278]))","(array([0.05792544]), array([-0.0366707]))","(array([0.05700784]), array([-0.03155434]))"
(0.019240830634657397+0j),[0.11527936],[1.],[0.2420846],[1.],"(array([0.10637894]), array([-0.00483658]))","(array([0.0563191]), array([-0.03824716]))","(array([0.06043224]), array([-0.03533627]))","(array([0.06222118]), array([-0.03559227]))","(array([0.06335073]), array([-0.03693623]))","(array([0.06026293]), array([-0.04185045]))","(array([0.06317988]), array([-0.03471257]))","(array([0.06003634]), array([-0.03783284]))","(array([0.0579253]), array([-0.03667076]))","(array([0.05700771]), array([-0.03155441]))","(array([0.05478268]), array([-0.02905611]))"
(0.02113077244825419+0j),[0.11254205],[1.],[0.25815506],[1.],"(array([0.11245745]), array([-0.01197947]))","(array([0.06043203]), array([-0.03533624]))","(array([0.06222098]), array([-0.03559226]))","(array([0.06335053]), array([-0.03693624]))","(array([0.06026274]), array([-0.04185047]))","(array([0.0631797]), array([-0.03471262]))","(array([0.06003617]), array([-0.03783288]))","(array([0.05792513]), array([-0.03667082]))","(array([0.05700756]), array([-0.03155448]))","(array([0.05478253]), array([-0.02905618]))","(array([0.05081771]), array([-0.03548361]))"
(0.022860983069501486+0j),[0.10744827],[1.],[0.27298974],[1.],"(array([0.11999222]), array([-0.00974409]))","(array([0.06222074]), array([-0.03559223]))","(array([0.0633503]), array([-0.03693623]))","(array([0.06026251]), array([-0.04185046]))","(array([0.06317948]), array([-0.03471265]))","(array([0.06003596]), array([-0.03783292]))","(array([0.05792493]), array([-0.03667086]))","(array([0.05700736]), array([-0.03155455]))","(array([0.05478235]), array([-0.02905625]))","(array([0.05081753]), array([-0.03548367]))","(array([0.05194362]), array([-0.03878481]))"
(0.024529773006744252+0j),[0.12150493],[1.],[0.27887469],[1.],"(array([0.12498839]), array([-0.01111629]))","(array([0.06335002]), array([-0.0369362]))","(array([0.06026225]), array([-0.04185043]))","(array([0.06317922]), array([-0.03471267]))","(array([0.06003571]), array([-0.03783294]))","(array([0.05792468]), array([-0.0366709]))","(array([0.05700713]), array([-0.0315546]))","(array([0.05478213]), array([-0.02905632]))","(array([0.05081731]), array([-0.03548373]))","(array([0.05194342]), array([-0.03878487]))","(array([0.05258071]), array([-0.0421207]))"
(0.021443988829960105+0j),[0.12053343],[1.],[0.25754918],[1.],"(array([0.12367866]), array([-0.00933556]))","(array([0.06026193]), array([-0.04185037]))","(array([0.06317891]), array([-0.03471266]))","(array([0.0600354]), array([-0.03783294]))","(array([0.05792439]), array([-0.03667091]))","(array([0.05700685]), array([-0.03155464]))","(array([0.05478186]), array([-0.02905638]))","(array([0.05081705]), array([-0.03548376]))","(array([0.05194317]), array([-0.03878493]))","(array([0.05258048]), array([-0.04212076]))","(array([0.05406728]), array([-0.03844614]))"
(0.018903476664340006+0j),[0.13772377],[1.],[0.22861174],[1.],"(array([0.11597258]), array([-0.01433802]))","(array([0.06317852]), array([-0.03471262]))","(array([0.06003502]), array([-0.0378329]))","(array([0.05792402]), array([-0.0366709]))","(array([0.05700649]), array([-0.03155467]))","(array([0.05478151]), array([-0.02905642]))","(array([0.05081671]), array([-0.03548379]))","(array([0.05194285]), array([-0.03878497]))","(array([0.05258018]), array([-0.04212082]))","(array([0.05406701]), array([-0.03844623]))","(array([0.05168181]), array([-0.03449106]))"
(0.01662218027489179+0j),[0.14638782],[1.],[0.20287816],[1.],"(array([0.11245387]), array([-0.00359074]))","(array([0.06003457]), array([-0.03783282]))","(array([0.05792358]), array([-0.03667084]))","(array([0.05700606]), array([-0.03155466]))","(array([0.05478109]), array([-0.02905644]))","(array([0.05081631]), array([-0.03548378]))","(array([0.05194247]), array([-0.03878499]))","(array([0.05257982]), array([-0.04212086]))","(array([0.05406667]), array([-0.03844631]))","(array([0.0516815]), array([-0.03449115]))","(array([0.05159017]), array([-0.02711322]))"
(0.01568706366106945+0j),[0.15563091],[1.],[0.18674559],[1.],"(array([0.10471202]), array([-0.0047267]))","(array([0.0579231]), array([-0.03667075]))","(array([0.05700558]), array([-0.03155462]))","(array([0.05478062]), array([-0.02905642]))","(array([0.05081586]), array([-0.03548374]))","(array([0.05194204]), array([-0.03878498]))","(array([0.05257942]), array([-0.04212088]))","(array([0.0540663]), array([-0.03844637]))","(array([0.05168115]), array([-0.03449124]))","(array([0.05158985]), array([-0.02711334]))","(array([0.0510096]), array([-0.02213924]))"
(0.014902970521829043+0j),[0.16035666],[1.],[0.17446191],[1.],"(array([0.09910577]), array([-0.00156062]))","(array([0.05700506]), array([-0.03155454]))","(array([0.05478011]), array([-0.02905637]))","(array([0.05081538]), array([-0.03548367]))","(array([0.05194158]), array([-0.03878494]))","(array([0.05257898]), array([-0.04212087]))","(array([0.05406589]), array([-0.03844641]))","(array([0.05168076]), array([-0.0344913]))","(array([0.05158949]), array([-0.02711345]))","(array([0.05100927]), array([-0.02213938]))","(array([0.05099774]), array([-0.0181107]))"
(0.014132661522734173+0j),[0.17515478],[1.],[0.15024242],[1.],"(array([0.09551067]), array([0.0044685]))","(array([0.05477957]), array([-0.02905627]))","(array([0.05081486]), array([-0.03548355]))","(array([0.05194109]), array([-0.03878486]))","(array([0.05257852]), array([-0.04212082]))","(array([0.05406544]), array([-0.03844642]))","(array([0.05168033]), array([-0.03449134]))","(array([0.05158909]), array([-0.02711354]))","(array([0.05100891]), array([-0.02213951]))","(array([0.05099741]), array([-0.01811087]))","(array([0.05044984]), array([-0.01533586]))"
(0.015881498928189037+0j),[0.18024003],[1.],[0.16609921],[1.],"(array([0.09133218]), array([0.0101571]))","(array([0.05081433]), array([-0.03548338]))","(array([0.05194057]), array([-0.03878474]))","(array([0.05257803]), array([-0.04212074]))","(array([0.05406498]), array([-0.0384464]))","(array([0.05167989]), array([-0.03449135]))","(array([0.05158867]), array([-0.02711361]))","(array([0.05100851]), array([-0.02213963]))","(array([0.05099705]), array([-0.01811103]))","(array([0.0504495]), array([-0.01533605]))","(array([0.05223625]), array([-0.01204937]))"
(0.017940006991026488+0j),[0.18671046],[1.],[0.18200433],[1.],"(array([0.0909329]), array([0.00500135]))","(array([0.05194005]), array([-0.03878458]))","(array([0.05257753]), array([-0.04212062]))","(array([0.05406449]), array([-0.03844635]))","(array([0.05167942]), array([-0.03449132]))","(array([0.05158823]), array([-0.02711365]))","(array([0.0510081]), array([-0.02213971]))","(array([0.05099666]), array([-0.01811116]))","(array([0.05044915]), array([-0.01533622]))","(array([0.05223593]), array([-0.01204959]))","(array([0.05512019]), array([-0.01450192]))"
(0.020118074832278954+0j),[0.18479268],[1.],[0.20523602],[1.],"(array([0.09550852]), array([0.00320004]))","(array([0.05257696]), array([-0.04212042]))","(array([0.05406394]), array([-0.03844623]))","(array([0.05167889]), array([-0.03449125]))","(array([0.05158771]), array([-0.02711365]))","(array([0.05100761]), array([-0.02213977]))","(array([0.0509962]), array([-0.01811128]))","(array([0.05044871]), array([-0.01533638]))","(array([0.05223555]), array([-0.01204982]))","(array([0.05511984]), array([-0.01450219]))","(array([0.05814407]), array([-0.01673973]))"
(0.023025359716480495+0j),[0.1795529],[1.],[0.23454306],[1.],"(array([0.10172046]), array([-0.00048115]))","(array([0.05406327]), array([-0.03844603]))","(array([0.05167824]), array([-0.0344911]))","(array([0.05158708]), array([-0.0271136]))","(array([0.05100699]), array([-0.02213979]))","(array([0.05099561]), array([-0.01811137]))","(array([0.05044816]), array([-0.01533653]))","(array([0.05223505]), array([-0.01205007]))","(array([0.05511939]), array([-0.0145025]))","(array([0.05814366]), array([-0.01674009]))","(array([0.06063251]), array([-0.02174063]))"
(0.026020819526951455+0j),[0.16128917],[1.],[0.2691562],[1.],"(array([0.10958726]), array([0.00194239]))","(array([0.05167747]), array([-0.03449084]))","(array([0.05158632]), array([-0.02711345]))","(array([0.05100626]), array([-0.02213974]))","(array([0.05099491]), array([-0.01811141]))","(array([0.05044749]), array([-0.01533664]))","(array([0.05223443]), array([-0.0120503]))","(array([0.05511881]), array([-0.01450281]))","(array([0.05814313]), array([-0.01674046]))","(array([0.06063201]), array([-0.02174104]))","(array([0.06273951]), array([-0.02789182]))"
(0.02925618695803722+0j),[0.13197188],[1.],[0.30504569],[1.],"(array([0.11484322]), array([0.00177558]))","(array([0.05158545]), array([-0.0271132]))","(array([0.05100541]), array([-0.0221396]))","(array([0.05099408]), array([-0.01811138]))","(array([0.05044669]), array([-0.0153367]))","(array([0.05223368]), array([-0.0120505]))","(array([0.05511811]), array([-0.0145031]))","(array([0.05814248]), array([-0.01674084]))","(array([0.0606314]), array([-0.02174146]))","(array([0.06273893]), array([-0.02789227]))","(array([0.06299061]), array([-0.03657088]))"
(0.032325997794317926+0j),[0.11127454],[1.],[0.33075093],[1.],"(array([0.12244708]), array([0.00252043]))","(array([0.05100444]), array([-0.02213935]))","(array([0.05099312]), array([-0.01811126]))","(array([0.05044576]), array([-0.01533668]))","(array([0.05223279]), array([-0.01205065]))","(array([0.05511728]), array([-0.01450337]))","(array([0.0581417]), array([-0.01674121]))","(array([0.06063065]), array([-0.02174188]))","(array([0.06273822]), array([-0.02789272]))","(array([0.06298992]), array([-0.03657134]))","(array([0.06109445]), array([-0.04655219]))"
(0.03543012933816306+0j),[0.12127567],[1.],[0.3441226],[1.],"(array([0.12750999]), array([0.0028186]))","(array([0.05099207]), array([-0.01811103]))","(array([0.05044473]), array([-0.01533657]))","(array([0.0522318]), array([-0.01205074]))","(array([0.05511632]), array([-0.01450359]))","(array([0.05814079]), array([-0.01674154]))","(array([0.06062979]), array([-0.02174228]))","(array([0.06273739]), array([-0.02789317]))","(array([0.06298912]), array([-0.03657179]))","(array([0.06109366]), array([-0.04655261]))","(array([0.05986719]), array([-0.05377788]))"
(0.03842853814747101+0j),[0.10465621],[1.],[0.36471568],[1.],"(array([0.13041658]), array([0.00894664]))","(array([0.0504437]), array([-0.01533639]))","(array([0.05223078]), array([-0.01205075]))","(array([0.05511535]), array([-0.01450374]))","(array([0.05813986]), array([-0.01674181]))","(array([0.06062889]), array([-0.02174262]))","(array([0.06273653]), array([-0.02789355]))","(array([0.06298828]), array([-0.03657218]))","(array([0.06109284]), array([-0.04655298]))","(array([0.05986641]), array([-0.05377825]))","(array([0.06314514]), array([-0.05525587]))"
